$molecule
0  1
O -3.94934 -3.66094 2.70899
C -3.26408 -4.56952 2.26188
C -3.36658 -6.02376 2.66595
C -2.1637 -6.92746 2.34928
C -0.92277 -6.23941 1.8251
O -0.8648 -4.96077 2.30169
C -0.67481 -4.89617 3.71908
C 0.70053 -5.44086 4.09041
O 1.1175 -6.41759 3.12345
C 0.18963 -7.35293 2.802
C -1.02422 -7.31027 3.69945
C -0.76096 -6.78987 5.12007
C 0.55542 -6.06772 5.32588
O 0.8122 -5.31231 6.25215
O -2.76297 -4.32587 1.00609
O 1.5404 -7.12666 5.42379
O 0.54259 -8.35356 2.16403
C 2.86431 -6.99658 5.81004
C -2.66665 -7.37973 4.41097
C -3.86136 -8.14953 2.88433
C -2.8998 -7.6448 5.39114
C -2.08022 -6.46573 5.77188
O -2.90642 -6.01803 4.93017
H -0.85862 -8.39815 3.85196
H -0.52836 -7.68536 5.76953
H -3.45479 -7.83393 3.49872
H -4.83706 -7.78567 2.25178
H -3.4433 -8.8853 1.98587
H -3.72441 -7.59011 6.29932
H -2.5309 -8.55583 6.15644
H -2.14858 -6.14832 6.83913
O -0.58075 -6.37855 0.63651
C -2.72199 -3.08974 0.39311
C -5.13618 -7.34687 4.42668
C -5.79064 -8.97188 4.12542
C -4.48301 -10.27116 3.86591
C -2.83157 -9.62981 3.9785
O -4.38948 -9.02876 4.80771
H -4.00982 -6.08191 1.74386
H -2.42509 -7.27339 1.30264
H -2.11217 -2.38613 0.99898
H -5.55493 -6.81444 5.30821
H -6.53849 -9.27905 4.92459
H -6.4679 -8.94578 3.24157
H -4.64768 -11.19831 4.49264
H -4.61551 -10.68706 2.84051
H -2.13952 -10.08582 4.72215
H -3.74931 -2.68694 0.2676
H -2.25565 -3.19623 -0.60766
H 3.51569 -7.37514 4.99587
H 3.04101 -7.60084 6.72299
H 3.14091 -5.93989 6.01072
H 1.53095 -4.58241 4.09928
H 1.2734 -4.61667 3.55165
H -1.48535 -4.487 4.33844
H -0.52297 -3.7967 3.86887
$end

$opt
CONSTRAINT
tors           1           2           3           4    -161.053
tors           3           4           5           6     +28.421
tors           4           5           6           7     +66.316
tors           5           6           7           8     +66.316
tors           6           7           8           9     -28.421
tors           7           8           9          10     -47.368
tors           8           9          10          11      -9.474
tors           9          10          11          12     -28.421
tors          11          12          13          14    +161.053
ENDCONSTRAINT
$end

$rem
JOBTYPE                   OPT
METHOD                    B3LYP
DFT_D                     d3_op
BASIS                     STO-3G
GEOM_OPT_MAX_CYCLES       100
GEOM_OPT_TOL_GRADIENT     300
GEOM_OPT_TOL_DISPLACEMENT 1200
GEOM_OPT_TOL_ENERGY       100
SYMMETRY                  False
THRESH                    12
SCF_CONVERGENCE           8
MAX_SUB_FILE_NUM          128
MEM_STATIC                400
MEM_TOTAL                 4000
$end
