$molecule
0  1
O -3.94934 -3.66094 2.70899
C -3.26408 -4.56952 2.26188
C -3.36658 -6.02376 2.66595
C -2.05424 -6.81773 2.77194
C -0.77335 -6.02476 2.63554
O -0.22725 -6.23408 1.40129
C -0.76416 -5.3701 0.39406
C 0.23409 -4.26583 0.0621
O 0.86952 -4.54249 -1.19591
C 2.22346 -4.61237 -1.16239
C 2.88628 -3.64446 -2.11343
C 1.93229 -2.93949 -3.08873
C 0.4581 -3.02275 -2.74738
O -0.44952 -2.52707 -3.39937
O -2.04957 -4.00508 2.02674
O 0.38623 -2.31154 -1.56285
O 2.84063 -5.22157 -0.29975
C -0.38667 -1.1874 -1.21953
C 3.62616 -2.43893 -1.49656
C 4.72749 -1.98175 -2.45245
C 3.89867 -1.3926 -3.58315
C 2.49277 -1.49722 -2.979
O 2.72458 -1.3646 -1.59341
H 3.62547 -4.26277 -2.67212
H 2.02464 -3.36296 -4.11307
H 4.03966 -2.64576 -0.48579
H 5.2687 -1.15366 -1.93987
H 5.46058 -2.75865 -2.7573
H 4.19593 -0.32857 -3.71602
H 3.96107 -1.93331 -4.55177
H 1.80532 -0.75153 -3.43467
O -0.06823 -5.70772 3.58319
C -1.65968 -2.69555 2.31516
C -3.91745 -6.20164 4.09613
C -4.51068 -7.60092 4.26185
C -3.25215 -8.4389 4.3028
C -2.18789 -7.34242 4.21745
O -2.76581 -6.25689 4.89989
H -4.0595 -6.48745 1.92956
H -2.01519 -7.67708 2.06336
H -1.77675 -2.50028 3.40312
H -4.67425 -5.43837 4.37902
H -4.9945 -7.64629 5.26381
H -5.24787 -7.8873 3.48156
H -3.19441 -8.94232 5.2937
H -3.15282 -9.19175 3.4911
H -1.22415 -7.72171 4.62443
H -2.26939 -1.97036 1.7364
H -0.58838 -2.54656 2.08279
H -1.09761 -1.42705 -0.4059
H -0.97889 -0.76936 -2.05954
H 0.28585 -0.38366 -0.8597
H -0.43911 -3.41946 0.05937
H 0.94595 -4.10085 0.90434
H -1.85767 -5.27719 0.2473
H -0.73781 -6.02123 -0.50634
$end

$opt
CONSTRAINT
tors           1           2           3           4    -142.105
tors           3           4           5           6    -104.211
tors           4           5           6           7     +85.263
tors           5           6           7           8    +104.211
tors           6           7           8           9    +104.211
tors           7           8           9          10    -123.158
tors           8           9          10          11    -123.158
tors           9          10          11          12      -9.474
tors          11          12          13          14    -180.000
ENDCONSTRAINT
$end

$rem
JOBTYPE                   OPT
METHOD                    B3LYP
DFT_D                     d3_op
BASIS                     STO-3G
GEOM_OPT_MAX_CYCLES       100
GEOM_OPT_TOL_GRADIENT     300
GEOM_OPT_TOL_DISPLACEMENT 1200
GEOM_OPT_TOL_ENERGY       100
SYMMETRY                  False
THRESH                    12
SCF_CONVERGENCE           8
MAX_SUB_FILE_NUM          128
MEM_STATIC                400
MEM_TOTAL                 4000
$end
