$molecule
0  1
O -3.94934 -3.66094 2.70899
C -3.26408 -4.56952 2.26188
C -3.36658 -6.02376 2.66595
C -2.09215 -6.69516 3.20345
C -0.90361 -5.79095 3.44399
O -0.75776 -5.56254 4.78264
C -1.86089 -6.04156 5.55911
C -3.0029 -6.46807 4.64258
O -3.53791 -5.32226 3.96159
C -3.08749 -4.12053 4.39988
C -2.69102 -4.13661 5.85701
C -2.61383 -2.75461 6.52215
C -3.27367 -1.61935 5.76552
O -4.34725 -1.10801 6.04928
O -2.31133 -4.21635 1.32491
O -2.58082 -1.10496 4.71462
O -2.10335 -3.472 3.93565
C -3.02936 -0.07976 3.90861
C -3.94638 -4.58563 6.82104
C -3.50177 -5.19402 8.15291
C -2.83639 -3.98197 8.76163
C -3.40379 -2.90132 7.82774
O -4.56566 -3.43541 7.31478
H -1.60506 -4.02876 6.18304
H -1.62684 -2.25346 6.80961
H -4.74095 -5.17977 6.33529
H -4.45259 -5.38227 8.70681
H -2.952 -6.14811 8.24992
H -3.17207 -3.89233 9.81792
H -1.72599 -3.97323 8.70441
H -3.52355 -1.92947 8.35793
O -0.04776 -5.38295 2.65118
C -2.13532 -2.94421 0.82029
C -4.02614 -7.40324 2.06666
C -3.36794 -8.0148 0.77377
C -2.10036 -8.649 1.34883
C -2.26809 -8.25671 2.83609
O -3.66299 -8.42021 2.97048
H -3.56316 -5.90962 1.58633
H -1.67358 -6.60367 2.19757
H -1.87757 -2.2347 1.63439
H -5.13219 -7.30481 1.93726
H -4.02063 -8.83754 0.40495
H -3.20214 -7.29652 -0.05841
H -2.1788 -9.75573 1.25978
H -1.14436 -8.30804 0.89498
H -1.66763 -8.89487 3.51858
H -3.06152 -2.60584 0.30908
H -1.30483 -2.95704 0.08501
H -2.26504 0.13382 3.13361
H -3.19459 0.83824 4.51204
H -3.97461 -0.37608 3.40554
H -3.71534 -6.63935 5.45725
H -3.66399 -7.35048 4.88249
H -1.68403 -6.05063 6.65506
H -1.52785 -7.08996 5.75042
$end

$opt
CONSTRAINT
tors           1           2           3           4    -123.158
tors           3           4           5           6    +104.211
tors           4           5           6           7      -9.474
tors           5           6           7           8      -9.474
tors           6           7           8           9     -66.316
tors           7           8           9          10      -9.474
tors           8           9          10          11     -28.421
tors           9          10          11          12    -161.053
tors          11          12          13          14    +104.211
ENDCONSTRAINT
$end

$rem
JOBTYPE                   OPT
METHOD                    B3LYP
DFT_D                     d3_op
BASIS                     STO-3G
GEOM_OPT_MAX_CYCLES       100
GEOM_OPT_TOL_GRADIENT     300
GEOM_OPT_TOL_DISPLACEMENT 1200
GEOM_OPT_TOL_ENERGY       100
SYMMETRY                  False
THRESH                    12
SCF_CONVERGENCE           8
MAX_SUB_FILE_NUM          128
MEM_STATIC                400
MEM_TOTAL                 4000
$end
