$molecule
0  1
O -3.94934 -3.66094 2.70899
C -3.26408 -4.56952 2.26188
C -3.36658 -6.02376 2.66595
C -2.57813 -6.46456 3.91009
C -1.91791 -5.36653 4.71416
O -1.62819 -5.82061 5.96927
C -2.72757 -5.70267 6.8785
C -2.2249 -5.30385 8.26212
O -2.64718 -6.27303 9.23436
C -2.44155 -7.56928 8.89292
C -2.90345 -7.88885 7.49107
C -2.30472 -9.16798 6.88804
C -1.63531 -10.1101 7.86835
O -2.20384 -10.96889 8.52699
O -2.42301 -4.28837 1.22877
O -0.30002 -9.92863 8.03613
O -2.37875 -8.40123 9.78826
C 0.48045 -10.66543 8.90183
C -4.39521 -8.33319 7.85812
C -5.41793 -8.29262 6.75685
C -4.98729 -9.52241 6.00945
C -3.73929 -9.94333 6.80957
O -4.27132 -9.69644 8.08531
H -1.86666 -7.67346 7.1452
H -1.83748 -9.22698 5.8645
H -4.84144 -7.76248 8.70862
H -6.44746 -8.46181 7.14822
H -5.42131 -7.31458 6.27079
H -5.73152 -10.31658 6.26344
H -5.14015 -9.48508 4.93868
H -3.59511 -11.02596 6.57628
O -1.17501 -4.5559 4.18185
C -2.23624 -3.03002 0.69587
C -4.73033 -6.6728 2.76824
C -4.6442 -8.10275 2.23967
C -3.5861 -8.66362 3.16825
C -3.58865 -7.52402 4.26369
O -4.83182 -6.87727 4.13535
H -2.84875 -6.50307 1.79784
H -1.65507 -7.01071 3.60531
H -1.84738 -2.33932 1.4744
H -5.56008 -6.09858 2.30291
H -5.62941 -8.57253 2.46135
H -4.4112 -8.22997 1.16057
H -3.84394 -9.70951 3.41399
H -2.58369 -8.7424 2.69423
H -3.3405 -7.87989 5.19724
H -3.19422 -2.63941 0.29086
H -1.49779 -3.09053 -0.12966
H 1.52912 -10.30939 8.83878
H 0.44988 -11.74069 8.62393
H 0.1208 -10.53619 9.94509
H -1.11385 -5.23821 8.26032
H -2.6023 -4.31386 8.61358
H -3.75628 -5.98146 6.56683
H -3.09216 -4.67121 6.64364
$end

$opt
CONSTRAINT
tors           1           2           3           4     -85.263
tors           3           4           5           6    +161.053
tors           4           5           6           7     -85.263
tors           5           6           7           8    -142.105
tors           6           7           8           9    -123.158
tors           7           8           9          10     +47.368
tors           8           9          10          11     -47.368
tors           9          10          11          12    +161.053
tors          11          12          13          14     +85.263
ENDCONSTRAINT
$end

$rem
JOBTYPE                   OPT
METHOD                    B3LYP
DFT_D                     d3_op
BASIS                     STO-3G
GEOM_OPT_MAX_CYCLES       100
GEOM_OPT_TOL_GRADIENT     300
GEOM_OPT_TOL_DISPLACEMENT 1200
GEOM_OPT_TOL_ENERGY       100
SYMMETRY                  False
THRESH                    12
SCF_CONVERGENCE           8
MAX_SUB_FILE_NUM          128
MEM_STATIC                400
MEM_TOTAL                 4000
$end
