$molecule
0  1
O -3.94934 -3.66094 2.70899
C -3.26408 -4.56952 2.26188
C -3.36658 -6.02376 2.66595
C -2.97353 -6.38153 4.10864
C -2.69204 -5.22192 5.03825
O -1.43411 -5.33818 5.55739
C -0.76008 -4.08194 5.687
C -0.48618 -3.48779 4.30929
O 0.90068 -3.65042 3.97307
C 1.46491 -2.61234 3.30735
C 1.97005 -1.52749 4.22855
C 0.87819 -0.77865 5.0066
C -0.48628 -1.43773 5.03035
O -0.70009 -2.61606 5.27608
O -2.41206 -4.29688 1.23765
O -1.53378 -0.61073 4.76867
O 1.71688 -2.66172 2.11389
C -2.85929 -0.98247 4.80784
C 2.85537 -2.03956 5.37987
C 3.74498 -0.90532 5.88734
C 2.71952 -0.03206 6.58323
C 1.46582 -0.9007 6.42682
O 1.96302 -2.21761 6.451
H 2.56353 -0.82596 3.59886
H 0.75911 0.28376 4.69689
H 3.46977 -2.92245 5.09824
H 4.4223 -1.33987 6.65715
H 4.35387 -0.39465 5.11055
H 3.00317 0.05417 7.65569
H 2.57785 0.97905 6.14373
H 0.71819 -0.64935 7.21183
O -3.45004 -4.28783 5.26634
C -2.27621 -3.05906 0.64239
C -4.82217 -6.52078 2.63683
C -4.85554 -8.04451 2.51472
C -4.4152 -8.44886 3.90653
C -4.2708 -7.07366 4.56538
O -5.27772 -6.30529 3.95032
H -2.75275 -6.60637 1.94133
H -2.11189 -7.08836 4.13527
H -1.95407 -2.29992 1.38552
H -5.42269 -6.05487 1.8247
H -5.91694 -8.35154 2.37712
H -4.24187 -8.4538 1.68351
H -5.24757 -9.0082 4.3892
H -3.48013 -9.04763 3.95572
H -4.33363 -7.16745 5.67234
H -3.24088 -2.74692 0.18858
H -1.50966 -3.12252 -0.15677
H -3.49087 -0.10222 4.57055
H -3.12356 -1.35292 5.82123
H -3.05462 -1.76779 4.05536
H -0.75732 -4.38693 3.70111
H -1.17259 -3.1897 3.3909
H 0.2488 -4.41016 6.09534
H -1.24357 -3.81326 6.74931
$end

$opt
CONSTRAINT
tors           1           2           3           4     -66.316
tors           3           4           5           6    -123.158
tors           4           5           6           7    +142.105
tors           5           6           7           8     -66.316
tors           6           7           8           9    -104.211
tors           7           8           9          10    -142.105
tors           8           9          10          11     +85.263
tors           9          10          11          12     -66.316
tors          11          12          13          14     +47.368
ENDCONSTRAINT
$end

$rem
JOBTYPE                   OPT
METHOD                    B3LYP
DFT_D                     d3_op
BASIS                     STO-3G
GEOM_OPT_MAX_CYCLES       100
GEOM_OPT_TOL_GRADIENT     300
GEOM_OPT_TOL_DISPLACEMENT 1200
GEOM_OPT_TOL_ENERGY       100
SYMMETRY                  False
THRESH                    12
SCF_CONVERGENCE           8
MAX_SUB_FILE_NUM          128
MEM_STATIC                400
MEM_TOTAL                 4000
$end
