$molecule
0  1
O -3.94934 -3.66094 2.70899
C -3.26408 -4.56952 2.26188
C -3.36658 -6.02376 2.66595
C -3.41669 -6.33291 4.1712
C -3.53792 -5.14515 5.09996
O -3.15508 -5.50169 6.36161
C -3.37125 -6.88813 6.64501
C -2.8431 -7.74709 5.50073
O -3.721 -8.86225 5.28032
C -3.2738 -10.05651 5.74174
C -4.22926 -10.70686 6.71375
C -4.69425 -12.11631 6.31938
C -3.88578 -12.79951 5.23479
O -4.23368 -12.93551 4.07073
O -2.27597 -4.26757 1.37912
O -2.62298 -13.1875 5.56588
O -2.14857 -10.47814 5.50966
C -1.73147 -13.77701 4.69404
C -3.64472 -10.98291 8.11289
C -4.7801 -11.04949 9.13388
C -5.44931 -12.35141 8.73078
C -4.46996 -12.84423 7.65733
O -3.22594 -12.3259 8.07019
H -5.10445 -10.02502 6.83024
H -5.75139 -12.10489 5.97237
H -2.8808 -10.23735 8.42422
H -4.30387 -11.18838 10.13114
H -5.4511 -10.16454 9.17306
H -5.455 -13.02981 9.61244
H -6.47663 -12.24934 8.31853
H -4.52734 -13.9493 7.54405
O -4.25398 -4.16717 4.97544
C -2.01031 -2.99626 0.91528
C -4.74027 -6.35484 2.06503
C -4.95927 -7.85272 1.95455
C -5.37215 -8.12052 3.35401
C -5.00708 -6.76895 4.02733
O -5.57224 -5.90963 3.08068
H -2.59954 -6.61415 2.09766
H -2.31043 -6.08112 4.06761
H -1.74222 -2.32814 1.76154
H -4.91469 -5.90522 1.05775
H -5.79459 -8.13599 1.27577
H -4.0222 -8.3579 1.6336
H -6.48902 -8.12455 3.37724
H -5.13997 -9.15454 3.65644
H -5.56654 -6.71923 4.9834
H -2.89676 -2.59065 0.38225
H -1.15635 -3.03787 0.20852
H -0.78375 -13.9873 5.23066
H -1.5174 -13.093 3.84512
H -2.14673 -14.73371 4.31136
H -1.86758 -7.8576 4.93784
H -1.99203 -8.10423 6.13139
H -4.46025 -7.0533 6.77499
H -2.95697 -7.13138 7.65384
$end

$opt
CONSTRAINT
tors           1           2           3           4     -47.368
tors           3           4           5           6    -161.053
tors           4           5           6           7     -28.421
tors           5           6           7           8     +47.368
tors           6           7           8           9    -142.105
tors           7           8           9          10    -104.211
tors           8           9          10          11    +123.158
tors           9          10          11          12    +123.158
tors          11          12          13          14    -104.211
ENDCONSTRAINT
$end

$rem
JOBTYPE                   OPT
METHOD                    B3LYP
DFT_D                     d3_op
BASIS                     STO-3G
GEOM_OPT_MAX_CYCLES       100
GEOM_OPT_TOL_GRADIENT     300
GEOM_OPT_TOL_DISPLACEMENT 1200
GEOM_OPT_TOL_ENERGY       100
SYMMETRY                  False
THRESH                    12
SCF_CONVERGENCE           8
MAX_SUB_FILE_NUM          128
MEM_STATIC                400
MEM_TOTAL                 4000
$end
