$molecule
0  1
O -3.94934 -3.66094 2.70899
C -3.26408 -4.56952 2.26188
C -3.36658 -6.02376 2.66595
C -3.85957 -6.32399 4.09097
C -4.36389 -5.14454 4.89263
O -3.7372 -4.00252 4.48219
C -2.72791 -3.55535 5.39358
C -1.5353 -2.99668 4.62437
O -1.67806 -3.28356 3.22429
C -0.67355 -2.83435 2.43163
C -1.06654 -2.74778 0.97605
C -0.17685 -3.55145 0.01644
C 0.72628 -4.58379 0.66091
O 0.91794 -4.70682 1.86203
O -3.44028 -4.64517 0.926
O 1.44101 -5.35686 -0.19776
O 0.37335 -2.36558 2.87649
C 2.33813 -6.32816 0.19429
C -2.2161 -2.42447 -0.0143
C -1.82253 -1.41097 -1.11425
C -0.94703 -2.28259 -2.01658
C -1.00055 -3.62797 -1.26993
O -2.30954 -3.59671 -0.81094
H -0.69458 -1.69897 0.96672
H 0.67499 -2.89454 -0.27868
H -3.11571 -2.06821 0.52117
H -2.74237 -1.1431 -1.68143
H -1.34935 -0.47467 -0.74763
H -1.45876 -2.39745 -2.99855
H 0.0804 -1.8967 -2.19283
H -0.71357 -4.48107 -1.92043
O -4.86379 -5.26061 6.00342
C -4.65212 -4.31583 0.28576
C -4.32282 -6.97673 1.88362
C -3.9282 -8.44482 2.10274
C -4.47673 -8.6812 3.48793
C -5.02161 -7.29367 3.80595
O -5.53856 -6.85721 2.57393
H -2.33065 -6.4063 2.52556
H -3.08613 -6.81473 4.72379
H -4.92116 -3.24968 0.42037
H -4.35187 -6.83034 0.78641
H -4.48716 -9.09519 1.39241
H -2.83704 -8.62163 1.98551
H -5.34128 -9.37905 3.4134
H -3.74738 -9.07042 4.23074
H -5.75203 -7.36101 4.64214
H -5.49943 -4.90293 0.69355
H -4.5818 -4.53711 -0.79886
H 2.77532 -6.8046 -0.70704
H 1.82057 -7.10645 0.7951
H 3.15727 -5.87453 0.7923
H -1.5504 -1.88895 4.73745
H -0.57988 -3.38044 5.04896
H -2.34317 -4.40907 6.00304
H -3.12917 -2.80128 6.10493
$end

$opt
CONSTRAINT
tors           1           2           3           4     -28.421
tors           3           4           5           6     -28.421
tors           4           5           6           7    -104.211
tors           5           6           7           8    +142.105
tors           6           7           8           9      -9.474
tors           7           8           9          10    -180.000
tors           8           9          10          11    -161.053
tors           9          10          11          12    -123.158
tors          11          12          13          14      -9.474
ENDCONSTRAINT
$end

$rem
JOBTYPE                   OPT
METHOD                    B3LYP
DFT_D                     d3_op
BASIS                     STO-3G
GEOM_OPT_MAX_CYCLES       100
GEOM_OPT_TOL_GRADIENT     300
GEOM_OPT_TOL_DISPLACEMENT 1200
GEOM_OPT_TOL_ENERGY       100
SYMMETRY                  False
THRESH                    12
SCF_CONVERGENCE           8
MAX_SUB_FILE_NUM          128
MEM_STATIC                400
MEM_TOTAL                 4000
$end
