$molecule
0  1
O -3.94934 -3.66094 2.70899
C -3.26408 -4.56952 2.26188
C -3.36658 -6.02376 2.66595
C -4.25419 -6.35572 3.87665
C -5.08044 -5.22016 4.4387
O -4.25913 -4.27103 4.97724
C -4.93101 -3.39796 5.89135
C -4.12285 -2.11947 6.08741
O -4.53712 -1.45872 7.29351
C -5.60973 -0.63812 7.16992
C -6.27498 -0.33626 8.49165
C -5.42545 0.48701 9.47083
C -4.21594 1.17945 8.87559
O -3.8122 2.29122 9.18466
O -2.39979 -4.29746 1.24921
O -3.30076 0.39211 8.25569
O -6.04775 -0.24729 6.09453
C -2.08748 0.82076 7.75533
C -7.53042 0.55949 8.39507
C -8.42598 0.31583 9.60841
C -7.59445 0.94912 10.70472
C -6.45928 1.55681 9.87156
O -7.0609 1.86292 8.63707
H -6.57863 -1.31874 8.91958
H -5.05698 -0.12751 10.32127
H -8.11415 0.41327 7.46041
H -9.34264 0.9306 9.45803
H -8.72237 -0.73995 9.78816
H -8.20377 1.74187 11.19276
H -7.1991 0.24476 11.46852
H -6.00297 2.41154 10.41714
O -6.30607 -5.19409 4.47394
C -2.2004 -3.04197 0.71447
C -4.02796 -6.88232 1.57523
C -3.61327 -8.34321 1.74089
C -4.39888 -8.7205 2.97925
C -5.16775 -7.41885 3.23087
O -5.38681 -6.90444 1.93907
H -2.32135 -6.35923 2.8524
H -3.67367 -6.78125 4.72576
H -1.82961 -2.34697 1.49803
H -3.80189 -6.53261 0.54403
H -4.02553 -8.90855 0.87459
H -2.51663 -8.51199 1.80318
H -5.10797 -9.53475 2.70943
H -3.78824 -9.02577 3.85635
H -6.07655 -7.63013 3.83601
H -3.14886 -2.6534 0.28569
H -1.44326 -3.10676 -0.09363
H -1.5595 -0.04072 7.29743
H -1.45746 1.23274 8.57225
H -2.24965 1.59571 6.97599
H -3.0766 -2.44351 6.27363
H -4.09148 -1.46087 5.19064
H -5.03088 -3.93356 6.86153
H -5.93939 -3.08115 5.54035
$end

$opt
CONSTRAINT
tors           1           2           3           4      -9.474
tors           3           4           5           6     -66.316
tors           4           5           6           7    -161.053
tors           5           6           7           8    -161.053
tors           6           7           8           9    -161.053
tors           7           8           9          10     -85.263
tors           8           9          10          11    +161.053
tors           9          10          11          12     +66.316
tors          11          12          13          14    +142.105
ENDCONSTRAINT
$end

$rem
JOBTYPE                   OPT
METHOD                    B3LYP
DFT_D                     d3_op
BASIS                     STO-3G
GEOM_OPT_MAX_CYCLES       100
GEOM_OPT_TOL_GRADIENT     300
GEOM_OPT_TOL_DISPLACEMENT 1200
GEOM_OPT_TOL_ENERGY       100
SYMMETRY                  False
THRESH                    12
SCF_CONVERGENCE           8
MAX_SUB_FILE_NUM          128
MEM_STATIC                400
MEM_TOTAL                 4000
$end
