$molecule
0  1
O -3.94934 -3.66094 2.70899
C -3.26408 -4.56952 2.26188
C -3.36658 -6.02376 2.66595
C -4.73745 -6.52338 3.15068
C -5.89497 -5.55994 3.00924
O -6.42855 -5.65653 1.75569
C -7.53364 -4.77146 1.54432
C -8.07488 -4.93536 0.12787
O -9.18307 -4.04533 -0.07863
C -8.91631 -2.94561 -0.82603
C -9.62857 -1.70991 -0.32964
C -11.12165 -1.90146 -0.02585
C -11.59475 -3.33701 0.08409
O -12.48745 -3.84203 -0.58119
O -2.41522 -4.33849 1.24676
O -11.07458 -4.03918 1.10785
O -8.09088 -2.90799 -1.72961
C -11.23863 -5.40257 1.214
C -9.1491 -1.11651 1.01437
C -9.53215 0.37077 1.05443
C -11.03395 0.27489 1.24533
C -11.20704 -1.24239 1.36098
O -10.0126 -1.66565 1.97856
H -9.47605 -0.95552 -1.13216
H -11.749 -1.39052 -0.78633
H -8.06537 -1.26692 1.22215
H -9.07939 0.84413 1.95243
H -9.22752 0.95609 0.16224
H -11.31897 0.76621 2.1984
H -11.62314 0.72572 0.42109
H -12.13216 -1.5268 1.91894
O -6.28467 -4.80083 3.88883
C -2.2152 -3.07776 0.74858
C -3.13607 -6.99198 1.47929
C -2.71164 -8.36036 2.0171
C -4.02513 -8.87377 2.56355
C -4.94913 -7.72025 2.19664
O -4.42372 -7.24728 0.98033
H -2.58337 -6.17176 3.43919
H -4.69018 -6.84298 4.21299
H -1.86433 -2.45379 1.58411
H -2.41964 -6.61824 0.71309
H -2.39001 -9.00306 1.17045
H -1.89449 -8.32518 2.7644
H -4.33018 -9.78274 2.00592
H -4.01055 -9.10257 3.64634
H -6.02324 -8.03406 2.13541
H -3.16908 -2.70311 0.34486
H -1.45466 -3.10691 -0.04119
H -10.6201 -5.77382 2.03939
H -10.94743 -5.93075 0.27484
H -12.2924 -5.5063 1.42042
H -7.26614 -4.79057 -0.61847
H -8.43831 -5.97209 -0.0151
H -7.20906 -3.72022 1.69751
H -8.34449 -4.99803 2.26777
$end

$opt
CONSTRAINT
tors           1           2           3           4     +28.421
tors           3           4           5           6     +85.263
tors           4           5           6           7    -180.000
tors           5           6           7           8    -180.000
tors           6           7           8           9    -180.000
tors           7           8           9          10    +104.211
tors           8           9          10          11    -142.105
tors           9          10          11          12     -47.368
tors          11          12          13          14    -123.158
ENDCONSTRAINT
$end

$rem
JOBTYPE                   OPT
METHOD                    B3LYP
DFT_D                     d3_op
BASIS                     STO-3G
GEOM_OPT_MAX_CYCLES       100
GEOM_OPT_TOL_GRADIENT     300
GEOM_OPT_TOL_DISPLACEMENT 1200
GEOM_OPT_TOL_ENERGY       100
SYMMETRY                  False
THRESH                    12
SCF_CONVERGENCE           8
MAX_SUB_FILE_NUM          128
MEM_STATIC                400
MEM_TOTAL                 4000
$end
