$molecule
0  1
O -3.94934 -3.66094 2.70899
C -3.26408 -4.56952 2.26188
C -3.36658 -6.02376 2.66595
C -4.77372 -6.64113 2.71769
C -5.90468 -5.78727 2.1886
O -5.55781 -5.255 0.97956
C -6.47877 -5.58426 -0.06575
C -5.74861 -6.2804 -1.2096
O -4.60179 -6.98146 -0.70345
C -3.65882 -7.29885 -1.62497
C -2.48022 -8.03348 -1.03178
C -1.90051 -9.14766 -1.91542
C -2.33139 -9.13036 -3.36826
O -2.65119 -8.13435 -4.00093
O -2.36414 -4.29048 1.28438
O -2.47369 -10.34761 -3.95524
O -3.50902 -6.54109 -2.57377
C -2.89273 -10.53934 -5.25514
C -1.20647 -7.21249 -0.75279
C -0.24247 -7.99832 0.16957
C 0.36816 -8.97273 -0.79019
C -0.43507 -8.64597 -2.02739
O -0.54249 -7.24216 -1.98457
H -2.8239 -8.76431 -0.30249
H -1.89391 -10.1989 -1.5333
H -1.44162 -6.2064 -0.34913
H 0.55993 -7.33683 0.56558
H -0.74752 -8.53441 0.99097
H 1.42137 -8.66798 -0.98753
H 0.33799 -10.03967 -0.47985
H 0.1113 -9.05283 -2.9108
O -6.93683 -5.51513 2.78523
C -2.16022 -3.037 0.74811
C -2.54287 -7.15465 2.23966
C -2.45067 -8.25837 3.31649
C -3.82021 -8.91016 3.18014
C -4.48158 -7.99369 2.14765
O -3.4136 -7.69947 1.324
H -3.06553 -5.86087 3.72677
H -5.09482 -6.82076 3.771
H -1.82986 -2.33081 1.5395
H -1.55834 -6.76489 1.93608
H -1.67888 -9.01401 3.05566
H -2.22621 -7.84994 4.32551
H -3.68886 -9.90152 2.69003
H -4.37977 -9.04601 4.13043
H -5.36764 -8.47105 1.67626
H -3.09634 -2.66583 0.27861
H -1.37125 -3.09889 -0.02921
H -2.91655 -11.62673 -5.4731
H -2.18801 -10.04844 -5.96005
H -3.91373 -10.12389 -5.39398
H -6.40518 -6.89969 -1.85876
H -5.38751 -5.41672 -1.81287
H -7.03058 -4.68976 -0.42774
H -7.24708 -6.31189 0.29269
$end

$opt
CONSTRAINT
tors           1           2           3           4     +47.368
tors           3           4           5           6     +47.368
tors           4           5           6           7    +123.158
tors           5           6           7           8    -123.158
tors           6           7           8           9     +28.421
tors           7           8           9          10    -161.053
tors           8           9          10          11    -180.000
tors           9          10          11          12    +142.105
tors          11          12          13          14     +28.421
ENDCONSTRAINT
$end

$rem
JOBTYPE                   OPT
METHOD                    B3LYP
DFT_D                     d3_op
BASIS                     STO-3G
GEOM_OPT_MAX_CYCLES       100
GEOM_OPT_TOL_GRADIENT     300
GEOM_OPT_TOL_DISPLACEMENT 1200
GEOM_OPT_TOL_ENERGY       100
SYMMETRY                  False
THRESH                    12
SCF_CONVERGENCE           8
MAX_SUB_FILE_NUM          128
MEM_STATIC                400
MEM_TOTAL                 4000
$end
