$molecule
0  1
O -3.94934 -3.66094 2.70899
C -3.26408 -4.56952 2.26188
C -3.36658 -6.02376 2.66595
C -4.41631 -6.88207 1.94122
C -5.12384 -6.23632 0.77054
O -5.31972 -7.15744 -0.2187
C -4.74751 -6.76828 -1.47185
C -3.27691 -7.16906 -1.52525
O -3.04045 -8.01213 -2.66376
C -1.74646 -8.11095 -3.05745
C -1.19198 -6.81036 -3.58817
C -0.64027 -5.85721 -2.51794
C -0.39486 -6.46759 -1.15269
O -1.00349 -7.41716 -0.68102
O -2.29175 -4.27576 1.35903
O 0.5383 -5.8529 -0.37784
O -1.25931 -9.19729 -3.33081
C 1.18869 -6.45248 0.67943
C 0.0453 -6.99424 -4.49395
C 0.19314 -5.78712 -5.41733
C 0.62018 -4.73038 -4.42506
C 0.74688 -5.58322 -3.15668
O 1.13715 -6.84797 -3.62711
H -1.99454 -6.34381 -4.20427
H -1.19014 -4.89861 -2.39123
H 0.0224 -7.92559 -5.10071
H 1.04748 -6.0015 -6.09917
H -0.70344 -5.53458 -6.02336
H 1.61337 -4.33839 -4.73877
H -0.09437 -3.89063 -4.28467
H 1.46181 -5.08932 -2.46386
O -5.72064 -5.17059 0.80994
C -2.04267 -3.01487 0.86141
C -2.13298 -6.91901 2.5998
C -2.22095 -8.01793 3.65972
C -3.33487 -8.87556 3.08693
C -3.58334 -8.16426 1.74745
O -2.31217 -7.65593 1.4244
H -3.61411 -5.94146 3.74982
H -5.25857 -7.09071 2.6386
H -1.76755 -2.32454 1.68712
H -1.19517 -6.34274 2.71572
H -1.26773 -8.59201 3.61081
H -2.38082 -7.67022 4.70303
H -2.93297 -9.89947 2.91853
H -4.25721 -8.93076 3.70457
H -4.04861 -8.88303 1.0404
H -2.93975 -2.63 0.33097
H -1.19887 -3.06924 0.14302
H 1.86796 -5.71607 1.15529
H 1.79213 -7.30865 0.30994
H 0.47328 -6.82418 1.42998
H -2.80197 -6.18347 -1.48017
H -3.15905 -7.86086 -0.69772
H -4.96739 -5.71977 -1.78033
H -5.28051 -7.39742 -2.21717
$end

$opt
CONSTRAINT
tors           1           2           3           4     +85.263
tors           3           4           5           6    +142.105
tors           4           5           6           7    -123.158
tors           5           6           7           8     +85.263
tors           6           7           8           9    +123.158
tors           7           8           9          10    +161.053
tors           8           9          10          11     -66.316
tors           9          10          11          12     +85.263
tors          11          12          13          14     -28.421
ENDCONSTRAINT
$end

$rem
JOBTYPE                   OPT
METHOD                    B3LYP
DFT_D                     d3_op
BASIS                     STO-3G
GEOM_OPT_MAX_CYCLES       100
GEOM_OPT_TOL_GRADIENT     300
GEOM_OPT_TOL_DISPLACEMENT 1200
GEOM_OPT_TOL_ENERGY       100
SYMMETRY                  False
THRESH                    12
SCF_CONVERGENCE           8
MAX_SUB_FILE_NUM          128
MEM_STATIC                400
MEM_TOTAL                 4000
$end
