$molecule
0  1
O -3.94934 -3.66094 2.70899
C -3.26408 -4.56952 2.26188
C -3.36658 -6.02376 2.66595
C -4.06137 -6.97914 1.68189
C -4.41791 -6.40938 0.32677
O -5.62324 -6.90466 -0.08227
C -6.69188 -5.96044 0.04315
C -7.86775 -6.37788 -0.8339
O -9.10477 -6.09498 -0.16111
C -9.0508 -6.12062 1.19372
C -8.19373 -5.01848 1.76937
C -7.35889 -5.42036 2.99404
C -7.22332 -6.90934 3.24159
O -8.13513 -7.66215 3.55213
O -2.37863 -4.26996 1.27322
O -6.03016 -7.23061 3.79518
O -9.93627 -6.67333 1.83321
C -5.77665 -8.40582 4.48034
C -7.50691 -3.67372 1.39341
C -7.85719 -2.52699 2.35544
C -7.13283 -2.97845 3.61544
C -6.42578 -4.25724 3.11757
O -6.16864 -3.92128 1.76902
H -9.11297 -4.54096 2.18232
H -8.01393 -5.27132 3.88571
H -7.69205 -3.36484 0.34191
H -7.35954 -1.60775 1.97153
H -8.94213 -2.32149 2.48013
H -6.37297 -2.20834 3.8758
H -7.78754 -3.14924 4.49708
H -5.63342 -4.54417 3.83171
O -3.66153 -5.81881 -0.42929
C -2.18569 -3.00621 0.75563
C -1.96367 -6.64502 2.77272
C -1.99818 -7.92453 3.60744
C -2.63994 -8.87722 2.62233
C -2.86612 -7.94117 1.43452
O -1.73065 -7.11152 1.47083
H -3.86441 -6.037 3.65638
H -4.86391 -7.63449 2.01711
H -1.84475 -2.31345 1.55439
H -1.21046 -5.93703 3.1843
H -0.95509 -8.26359 3.79753
H -2.52483 -7.79535 4.57522
H -1.87807 -9.63232 2.32339
H -3.55135 -9.40283 2.9717
H -2.98727 -8.54503 0.50661
H -3.12996 -2.62891 0.30771
H -1.40866 -3.05191 -0.03458
H -4.7346 -8.4002 4.84864
H -5.92426 -9.27962 3.81019
H -6.44934 -8.49091 5.36031
H -7.82805 -5.90788 -1.83907
H -7.83776 -7.48081 -0.97648
H -6.3285 -4.96597 -0.28719
H -6.7561 -6.43219 0.98663
$end

$opt
CONSTRAINT
tors           1           2           3           4    +104.211
tors           3           4           5           6    -142.105
tors           4           5           6           7    +104.211
tors           5           6           7           8    +161.053
tors           6           7           8           9    +142.105
tors           7           8           9          10     -28.421
tors           8           9          10          11     +66.316
tors           9          10          11          12    -142.105
tors          11          12          13          14     -66.316
ENDCONSTRAINT
$end

$rem
JOBTYPE                   OPT
METHOD                    B3LYP
DFT_D                     d3_op
BASIS                     STO-3G
GEOM_OPT_MAX_CYCLES       100
GEOM_OPT_TOL_GRADIENT     300
GEOM_OPT_TOL_DISPLACEMENT 1200
GEOM_OPT_TOL_ENERGY       100
SYMMETRY                  False
THRESH                    12
SCF_CONVERGENCE           8
MAX_SUB_FILE_NUM          128
MEM_STATIC                400
MEM_TOTAL                 4000
$end
