$molecule
0  1
O -3.94934 -3.66094 2.70899
C -3.26408 -4.56952 2.26188
C -3.36658 -6.02376 2.66595
C -3.63629 -7.04588 1.54953
C -3.59671 -6.52161 0.1312
O -2.32673 -6.12961 -0.18331
C -2.28575 -4.94875 -0.99148
C -1.4519 -3.87131 -0.30595
O -1.84311 -3.75176 1.07084
C -1.24038 -4.61525 1.92538
C -1.93749 -5.95287 1.99918
C -3.1084 -6.01878 2.99061
C -3.63229 -4.68507 3.48403
O -4.19539 -3.8462 2.79572
O -3.7432 -4.32676 0.78024
O -3.69808 -4.38651 4.89657
O -0.20453 -4.27387 2.50319
C -4.08135 -3.16903 5.45104
C -1.6996 -7.22942 1.38447
C -2.84276 -8.96796 0.62689
C -4.97382 -8.92542 1.55536
C -5.50848 -6.99755 2.49738
O -5.04864 -5.82777 1.47983
H -1.00586 -6.22011 2.56498
H -2.21515 -5.52231 4.16002
H -0.75048 -7.11775 0.74377
H -2.9606 -8.78281 -0.47092
H -2.2638 -9.91543 0.59252
H -5.70207 -9.29023 0.80685
H -5.11325 -9.69317 2.34857
H -6.40574 -6.77294 3.11455
O -4.5141 -6.22413 -0.7679
C -4.13407 -2.99761 0.27665
C -1.99236 -7.56887 4.06868
C -2.71129 -8.22546 5.20485
C -3.44504 -9.16397 4.34673
C -3.02664 -8.6178 2.95966
O -1.68627 -8.57664 3.26839
H -4.50498 -6.44754 4.15984
H -4.12026 -7.35814 0.69108
H -4.68371 -2.34907 0.99255
H -1.03895 -7.13422 4.47544
H -1.9517 -8.75475 5.84758
H -3.31959 -7.50881 5.76004
H -2.81726 -10.12635 4.51149
H -4.42342 -9.5857 4.60549
H -3.07883 -9.69047 2.61944
H -4.59505 -2.99595 -0.72581
H -3.28142 -2.2925 0.1685
H -3.80542 -3.14685 6.52576
H -5.17571 -3.01775 5.35242
H -3.54625 -2.32071 4.96268
H -0.38406 -4.19227 -0.34648
H -1.47525 -2.90731 -0.85578
H -3.2262 -4.55424 -1.41406
H -1.75587 -5.20547 -1.93335
$end

$opt
CONSTRAINT
tors           1           2           3           4    +123.158
tors           3           4           5           6     +66.316
tors           4           5           6           7    -142.105
tors           5           6           7           8    +123.158
tors           6           7           8           9     -47.368
tors           7           8           9          10     +85.263
tors           8           9          10          11     -85.263
tors           9          10          11          12     -85.263
tors          11          12          13          14     +66.316
ENDCONSTRAINT
$end

$rem
JOBTYPE                   OPT
METHOD                    B3LYP
DFT_D                     d3_op
BASIS                     STO-3G
GEOM_OPT_MAX_CYCLES       100
GEOM_OPT_TOL_GRADIENT     300
GEOM_OPT_TOL_DISPLACEMENT 1200
GEOM_OPT_TOL_ENERGY       100
SYMMETRY                  False
THRESH                    12
SCF_CONVERGENCE           8
MAX_SUB_FILE_NUM          128
MEM_STATIC                400
MEM_TOTAL                 4000
$end
