$molecule
0  1
O -3.94934 -3.66094 2.70899
C -3.26408 -4.56952 2.26188
C -3.36658 -6.02376 2.66595
C -3.18715 -7.07505 1.5585
C -2.74922 -6.56083 0.20502
O -3.83866 -6.1552 -0.51193
C -4.91949 -5.70559 0.31203
C -4.38177 -5.144 1.62413
O -4.02159 -3.76398 1.45474
C -4.72058 -3.09096 0.50733
C -6.21118 -3.31138 0.60829
C -7.04799 -2.56949 -0.44414
C -6.28194 -2.02253 -1.63187
O -5.70889 -0.94329 -1.66966
O -1.90542 -4.28012 1.95334
O -6.10358 -2.88707 -2.66555
O -4.24801 -2.0359 0.11909
C -5.37896 -2.60144 -3.80339
C -7.37817 -4.46404 0.72696
C -8.65595 -3.93468 1.42321
C -9.33109 -3.23075 0.27774
C -8.26909 -3.40561 -0.79429
O -7.81091 -4.69965 -0.59024
H -6.35708 -2.80325 1.58831
H -7.398 -1.61304 0.01262
H -7.23959 -5.41194 1.26389
H -9.3219 -4.77356 1.73198
H -8.43302 -3.30597 2.31151
H -10.22395 -3.81617 -0.03975
H -9.62901 -2.17907 0.4792
H -8.68557 -3.18412 -1.80139
O -1.6608 -6.74591 -0.32029
C -1.33271 -3.02374 1.95463
C -2.11037 -6.39534 3.54127
C -2.35527 -7.62703 4.41993
C -2.40797 -8.70285 3.36652
C -1.9991 -7.88797 2.13256
O -1.16088 -6.88466 2.63371
H -4.11931 -6.27174 3.51133
H -4.02366 -7.80359 1.44953
H -1.42052 -2.56761 2.96373
H -1.76678 -5.55892 4.19089
H -1.43082 -7.76723 5.02628
H -3.22698 -7.59346 5.10824
H -1.64958 -9.47693 3.61918
H -3.40248 -9.17787 3.22262
H -1.54542 -8.57033 1.37944
H -1.82274 -2.37143 1.20338
H -0.2583 -3.11726 1.69444
H -5.40124 -3.48143 -4.47848
H -4.32293 -2.37928 -3.53903
H -5.82518 -1.73227 -4.33256
H -5.43777 -5.18213 2.16559
H -5.43777 -5.18213 2.16559
H -5.53276 -6.61981 0.50402
H -5.51575 -5.22117 -0.45693
$end

$opt
CONSTRAINT
tors           1           2           3           4    +142.105
tors           3           4           5           6     -85.263
tors           4           5           6           7     +28.421
tors           5           6           7           8     +28.421
tors           6           7           8           9     +85.263
tors           7           8           9          10     +28.421
tors           8           9          10          11     +47.368
tors           9          10          11          12    -180.000
tors          11          12          13          14     -85.263
ENDCONSTRAINT
$end

$rem
JOBTYPE                   OPT
METHOD                    B3LYP
DFT_D                     d3_op
BASIS                     STO-3G
GEOM_OPT_MAX_CYCLES       100
GEOM_OPT_TOL_GRADIENT     300
GEOM_OPT_TOL_DISPLACEMENT 1200
GEOM_OPT_TOL_ENERGY       100
SYMMETRY                  False
THRESH                    12
SCF_CONVERGENCE           8
MAX_SUB_FILE_NUM          128
MEM_STATIC                400
MEM_TOTAL                 4000
$end
