$molecule
0  1
O -3.94934 -3.66094 2.70899
C -3.26408 -4.56952 2.26188
C -3.36658 -6.02376 2.66595
C -2.76261 -7.06348 1.7078
C -1.9673 -6.5228 0.54022
O -0.70425 -7.04221 0.5589
C 0.06746 -6.60596 1.68291
C 0.72905 -5.266 1.37805
O 1.97129 -5.47899 0.68932
C 2.25784 -4.58251 -0.28708
C 3.72414 -4.22604 -0.34666
C 4.67824 -5.32709 0.13878
C 4.07751 -6.71246 0.26758
O 4.54593 -7.62972 0.9262
O -2.34996 -4.17314 1.33963
O 3.24343 -7.09071 -0.74711
O 1.41393 -3.88166 -0.83195
C 2.70939 -8.35344 -0.9042
C 4.24629 -4.03114 -1.78868
C 5.49324 -3.1479 -1.76333
C 6.49486 -4.09356 -1.1314
C 5.65072 -5.37128 -1.05474
O 4.7822 -5.27625 -2.1565
H 3.84327 -3.26067 0.19484
H 5.18225 -5.08308 1.09956
H 3.48901 -3.60272 -2.48084
H 5.78706 -2.9768 -2.82407
H 5.38124 -2.1663 -1.25467
H 7.34907 -4.21984 -1.83299
H 6.86439 -3.79345 -0.12686
H 6.30445 -6.27146 -1.02878
O -2.49024 -6.14033 -0.49624
C -2.20089 -2.87898 0.87428
C -3.00022 -6.566 4.05898
C -3.92692 -7.73575 4.40846
C -3.40182 -8.80938 3.46026
C -2.23226 -8.06211 2.79643
O -1.79088 -7.24804 3.86643
H -4.47158 -6.13635 2.56652
H -3.57267 -7.61213 1.17363
H -1.92821 -2.20016 1.71029
H -3.01349 -5.78325 4.84707
H -3.70191 -8.04567 5.45405
H -5.01306 -7.51669 4.32241
H -3.00604 -9.64882 4.07464
H -4.14024 -9.20398 2.72978
H -1.50187 -8.79105 2.38479
H -3.14369 -2.53289 0.39933
H -1.39563 -2.8496 0.11257
H 2.06373 -8.36457 -1.80601
H 2.09246 -8.61871 -0.01922
H 3.5208 -9.10053 -1.03636
H 0.03391 -4.54674 0.9099
H 1.03313 -4.81565 2.35225
H 0.76901 -7.38217 2.05506
H -0.53799 -6.22334 2.49173
$end

$opt
CONSTRAINT
tors           1           2           3           4    +161.053
tors           3           4           5           6    +123.158
tors           4           5           6           7     -66.316
tors           5           6           7           8     -85.263
tors           6           7           8           9     -85.263
tors           7           8           9          10    +142.105
tors           8           9          10          11    +142.105
tors           9          10          11          12     +28.421
tors          11          12          13          14    -161.053
ENDCONSTRAINT
$end

$rem
JOBTYPE                   OPT
METHOD                    B3LYP
DFT_D                     d3_op
BASIS                     STO-3G
GEOM_OPT_MAX_CYCLES       100
GEOM_OPT_TOL_GRADIENT     300
GEOM_OPT_TOL_DISPLACEMENT 1200
GEOM_OPT_TOL_ENERGY       100
SYMMETRY                  False
THRESH                    12
SCF_CONVERGENCE           8
MAX_SUB_FILE_NUM          128
MEM_STATIC                400
MEM_TOTAL                 4000
$end
