$molecule
0  1
O -3.94934 -3.66094 2.70899
C -3.26408 -4.56952 2.26188
C -3.36658 -6.02376 2.66595
C -2.40867 -7.01244 1.98128
C -1.33566 -6.41165 1.10049
O -1.57098 -5.0775 0.92698
C -2.9294 -4.78541 0.58257
C -3.40062 -5.71439 -0.53147
O -3.0439 -7.07066 -0.22139
C -3.67263 -7.60779 0.85348
C -5.03805 -7.00988 1.09591
C -5.9291 -6.90442 -0.15036
C -5.48536 -7.71643 -1.35054
O -5.56355 -7.35825 -2.5168
O -2.01107 -4.13506 2.79134
O -5.15502 -9.01879 -1.13504
O -3.6674 -8.8529 0.90715
C -4.73668 -9.89667 -2.11366
C -5.9567 -7.86324 2.02159
C -7.05167 -6.9945 2.64139
C -7.92116 -6.74131 1.42902
C -7.19903 -7.60792 0.3896
O -6.68513 -8.67493 1.14121
H -5.16917 -5.92622 1.29902
H -6.27235 -5.89586 -0.49115
H -5.39722 -8.40901 2.80918
H -7.61514 -7.63871 3.35387
H -6.70549 -6.08265 3.17255
H -8.93691 -7.14563 1.63638
H -7.99346 -5.67982 1.10781
H -7.90145 -7.89001 -0.4268
O -0.29465 -6.9544 0.7558
C -1.48341 -2.8473 2.79781
C -2.91855 -6.08807 4.17754
C -3.30189 -7.39406 4.88863
C -2.2712 -8.30636 4.30178
C -1.55774 -7.3139 3.34303
O -1.54194 -6.15187 4.09831
H -4.37168 -6.20304 3.07893
H -1.99907 -8.11311 2.01991
H -1.33687 -2.51342 3.84407
H -3.3035 -5.23078 4.78081
H -3.10231 -7.2906 5.979
H -4.35887 -7.69763 4.74288
H -1.55572 -8.58958 5.10729
H -2.6679 -9.22868 3.82418
H -0.49142 -7.67481 3.20777
H -2.14057 -2.12317 2.26763
H -0.49993 -2.85568 2.2819
H -4.53226 -10.88433 -1.65218
H -3.80158 -9.52284 -2.5835
H -5.52504 -10.01737 -2.88669
H -4.35155 -5.42414 -0.96462
H -2.76327 -5.50128 -1.42211
H -2.7012 -3.89948 -0.07113
H -3.19029 -3.71325 0.23255
$end

$opt
CONSTRAINT
tors           1           2           3           4    -180.000
tors           3           4           5           6      -9.474
tors           4           5           6           7     -47.368
tors           5           6           7           8     -47.368
tors           6           7           8           9     +47.368
tors           7           8           9          10     +66.316
tors           8           9          10          11     +28.421
tors           9          10          11          12     +47.368
tors          11          12          13          14    -142.105
ENDCONSTRAINT
$end

$rem
JOBTYPE                   OPT
METHOD                    B3LYP
DFT_D                     d3_op
BASIS                     STO-3G
GEOM_OPT_MAX_CYCLES       100
GEOM_OPT_TOL_GRADIENT     300
GEOM_OPT_TOL_DISPLACEMENT 1200
GEOM_OPT_TOL_ENERGY       100
SYMMETRY                  False
THRESH                    12
SCF_CONVERGENCE           8
MAX_SUB_FILE_NUM          128
MEM_STATIC                400
MEM_TOTAL                 4000
$end
