$molecule
0  1
O -3.94934 -3.66094 2.70899
C -3.26408 -4.56952 2.26188
C -3.36658 -6.02376 2.66595
C -2.78601 -7.06529 1.69537
C -2.00984 -6.52714 0.51383
O -1.79032 -7.52632 -0.39109
C -0.54395 -7.39562 -1.08298
C -0.76637 -6.75884 -2.45088
O -2.17006 -6.54795 -2.67014
C -2.66442 -7.065 -3.82227
C -4.05277 -7.63732 -3.66225
C -4.14683 -8.85806 -2.73529
C -2.9468 -9.10431 -1.84312
O -1.84226 -8.60008 -1.98562
O -2.70895 -4.16983 1.09123
O -3.09877 -10.11256 -0.94113
O -2.058 -7.0551 -4.88507
C -2.08078 -10.67533 -0.20025
C -5.04947 -6.67326 -2.99667
C -6.47587 -7.06701 -3.37457
C -6.63086 -8.35323 -2.5883
C -5.29956 -8.37506 -1.82805
O -4.99695 -7.01357 -1.63377
H -4.41165 -7.89629 -4.68459
H -4.3789 -9.8077 -3.26564
H -4.85883 -5.60646 -3.24594
H -7.15281 -6.2987 -2.93665
H -6.67357 -7.15075 -4.46487
H -7.48279 -8.23093 -1.88297
H -6.76896 -9.27155 -3.19916
H -5.40057 -8.98305 -0.90216
O -1.09843 -5.73524 0.75168
C -2.6628 -2.88385 0.58227
C -2.54716 -6.32258 3.93161
C -3.08142 -7.58254 4.61361
C -2.59411 -8.65114 3.6563
C -1.81889 -7.79258 2.65336
O -1.30067 -6.74599 3.43936
H -4.44663 -6.21452 2.85799
H -3.5788 -7.73827 1.29571
H -2.11697 -2.21671 1.28216
H -2.52905 -5.47256 4.64859
H -2.53795 -7.6989 5.57848
H -4.17599 -7.57877 4.80535
H -1.89247 -9.31923 4.2038
H -3.38971 -9.25495 3.16853
H -1.06479 -8.40738 2.11801
H -3.69025 -2.49735 0.41579
H -2.1298 -2.898 -0.39028
H -2.49952 -11.476 0.44297
H -1.60541 -9.92067 0.45203
H -1.31772 -11.11677 -0.87628
H -0.30594 -5.74699 -2.43076
H -0.2229 -7.31548 -3.25247
H 0.07775 -8.33607 -1.0674
H 0.2559 -6.80834 -0.5799
$end

$opt
CONSTRAINT
tors           1           2           3           4    +159.940
tors           3           4           5           6    -167.864
tors           4           5           6           7    -146.750
tors           5           6           7           8     -98.649
tors           6           7           8           9      -3.229
tors           7           8           9          10    -126.881
tors           8           9          10          11    +142.438
tors           9          10          11          12     -65.101
tors          11          12          13          14     -15.562
ENDCONSTRAINT
$end

$rem
JOBTYPE                   OPT
METHOD                    B3LYP
DFT_D                     d3_op
BASIS                     STO-3G
GEOM_OPT_MAX_CYCLES       100
GEOM_OPT_TOL_GRADIENT     300
GEOM_OPT_TOL_DISPLACEMENT 1200
GEOM_OPT_TOL_ENERGY       100
SYMMETRY                  False
THRESH                    12
SCF_CONVERGENCE           8
MAX_SUB_FILE_NUM          128
MEM_STATIC                400
MEM_TOTAL                 4000
$end
