$molecule
0  1
O -3.94934 -3.66094 2.70899
C -3.26408 -4.56952 2.26188
C -3.36658 -6.02376 2.66595
C -2.66599 -6.44199 3.96906
C -2.09194 -5.32648 4.81417
O -2.23077 -5.62931 6.13872
C -3.21616 -4.82812 6.79928
C -2.54295 -3.70133 7.57597
O -1.18816 -3.53918 7.12748
C -0.44517 -2.64627 7.82734
C 0.48536 -3.30383 8.8185
C 1.58152 -4.17983 8.19453
C 1.81184 -3.99153 6.70853
O 2.84248 -4.26532 6.11071
O -2.43733 -4.30298 1.21626
O 0.913 -3.36906 5.90119
O -0.59441 -1.43854 7.71148
C 1.08533 -3.07989 4.55932
C 1.33108 -2.30701 9.63583
C 1.78854 -2.96486 10.93651
C 2.80602 -3.95281 10.40828
C 2.805 -3.57825 8.9218
O 2.53065 -2.19872 8.91495
H -0.15659 -3.88428 9.51848
H 1.47913 -5.26922 8.39082
H 0.80431 -1.35399 9.85986
H 2.32293 -2.18579 11.52644
H 0.97927 -3.40392 11.55877
H 3.79135 -3.72101 10.87053
H 2.55462 -5.0246 10.562
H 3.77001 -3.88047 8.45836
O -1.85559 -4.18922 4.43565
C -2.24332 -3.04774 0.67889
C -4.81735 -6.4581 2.92224
C -4.95219 -7.9641 2.72021
C -4.21059 -8.47285 3.935
C -3.88258 -7.14929 4.63946
O -4.96708 -6.31644 4.31131
H -2.94655 -6.60865 1.81541
H -1.84152 -7.1723 3.81486
H -1.83294 -2.36159 1.45058
H -5.55578 -5.91741 2.2901
H -6.03121 -8.21748 2.82896
H -4.58139 -8.34343 1.74368
H -4.91995 -9.07238 4.54852
H -3.29794 -9.07021 3.72172
H -3.74651 -7.36773 5.71887
H -3.20253 -2.64499 0.28898
H -1.51889 -3.11835 -0.15817
H 0.18909 -2.54733 4.18187
H 1.21894 -4.01791 3.97931
H 1.96787 -2.41968 4.42022
H -3.13622 -2.76008 7.55993
H -2.4849 -4.05001 8.63146
H -3.90864 -5.433 7.42239
H -3.87339 -4.32371 6.04913
$end

$opt
CONSTRAINT
tors           1           2           3           4     -80.729
tors           3           4           5           6    +144.396
tors           4           5           6           7    -108.591
tors           5           6           7           8     -99.983
tors           6           7           8           9     +16.171
tors           7           8           9          10    -174.267
tors           8           9          10          11    +101.065
tors           9          10          11          12     +64.585
tors          11          12          13          14    +157.091
ENDCONSTRAINT
$end

$rem
JOBTYPE                   OPT
METHOD                    B3LYP
DFT_D                     d3_op
BASIS                     STO-3G
GEOM_OPT_MAX_CYCLES       100
GEOM_OPT_TOL_GRADIENT     300
GEOM_OPT_TOL_DISPLACEMENT 1200
GEOM_OPT_TOL_ENERGY       100
SYMMETRY                  False
THRESH                    12
SCF_CONVERGENCE           8
MAX_SUB_FILE_NUM          128
MEM_STATIC                400
MEM_TOTAL                 4000
$end
