$molecule
0  1
O -3.94934 -3.66094 2.70899
C -3.26408 -4.56952 2.26188
C -3.36658 -6.02376 2.66595
C -2.23255 -6.95954 2.21635
C -1.0348 -6.30356 1.56584
O -0.11971 -5.95886 2.51938
C 0.10843 -4.54777 2.59693
C -0.44716 -3.85651 1.35612
O -0.10422 -2.46195 1.37791
C -1.12942 -1.60563 1.14379
C -0.97208 -0.28824 1.86517
C 0.48031 0.15472 2.09459
C 1.52986 -0.57344 1.27915
O 2.07841 -0.13657 0.27776
O -3.37448 -4.6528 0.89352
O 2.13631 -1.61601 1.91461
O -1.87777 -1.73878 0.18864
C 3.19629 -2.3358 1.40224
C -1.54073 0.9339 1.11529
C -1.86172 2.04393 2.11443
C -0.46659 2.47737 2.51176
C 0.37046 1.60442 1.56954
O -0.43722 1.46271 0.42595
H -1.51425 -0.41161 2.82927
H 0.79733 0.13868 3.16112
H -2.44004 0.70672 0.50292
H -2.34034 2.87027 1.54109
H -2.5254 1.75077 2.95611
H -0.34886 3.55422 2.25726
H -0.19915 2.30525 3.57678
H 1.36761 2.07048 1.40694
O -0.69647 -6.5769 0.42242
C -3.98843 -3.77507 0.01482
C -3.28128 -6.21325 4.19808
C -3.98191 -7.51052 4.59851
C -3.00826 -8.53518 4.05493
C -1.88094 -7.61381 3.57238
O -1.93377 -6.51978 4.45431
H -4.37117 -6.38035 2.33656
H -2.6041 -7.72323 1.49646
H -4.36361 -2.85519 0.51046
H -3.70432 -5.36123 4.77394
H -3.96056 -7.55738 5.71124
H -5.03149 -7.62035 4.25057
H -2.66571 -9.17553 4.89785
H -3.39772 -9.16876 3.22886
H -0.91847 -8.16997 3.53214
H -4.84425 -4.29176 -0.46601
H -3.27505 -3.50008 -0.7866
H 3.48465 -3.1243 2.1271
H 4.06903 -1.66928 1.23438
H 2.90144 -2.81967 0.44646
H 0.13816 -4.26198 0.50186
H -1.41409 -3.96566 1.02878
H 1.2021 -4.36283 2.65056
H -0.36752 -4.14839 3.51725
$end

$opt
CONSTRAINT
tors           1           2           3           4    -167.471
tors           3           4           5           6     +88.976
tors           4           5           6           7    -117.311
tors           5           6           7           8     -15.104
tors           6           7           8           9    -174.534
tors           7           8           9          10    -130.879
tors           8           9          10          11    +148.849
tors           9          10          11          12     +30.058
tors          11          12          13          14    +101.986
ENDCONSTRAINT
$end

$rem
JOBTYPE                   OPT
METHOD                    B3LYP
DFT_D                     d3_op
BASIS                     STO-3G
GEOM_OPT_MAX_CYCLES       100
GEOM_OPT_TOL_GRADIENT     300
GEOM_OPT_TOL_DISPLACEMENT 1200
GEOM_OPT_TOL_ENERGY       100
SYMMETRY                  False
THRESH                    12
SCF_CONVERGENCE           8
MAX_SUB_FILE_NUM          128
MEM_STATIC                400
MEM_TOTAL                 4000
$end
