$molecule
0  1
O -3.94934 -3.66094 2.70899
C -3.26408 -4.56952 2.26188
C -3.36658 -6.02376 2.66595
C -4.11753 -6.96688 1.71177
C -4.52809 -6.38795 0.37597
O -5.81638 -5.93906 0.44105
C -6.40422 -5.72606 -0.84672
C -7.75911 -5.04147 -0.69931
O -8.57992 -5.32954 -1.84219
C -8.64337 -4.34875 -2.77663
C -8.59512 -2.96269 -2.17899
C -8.5651 -1.81749 -3.20167
C -8.94239 -2.18947 -4.62152
O -9.02961 -3.32869 -5.05643
O -2.45849 -4.30457 1.19835
O -9.10501 -1.15216 -5.48548
O -7.83499 -4.62076 -3.65423
C -9.42074 -1.2934 -6.82056
C -9.83134 -2.58854 -1.34142
C -9.46689 -1.48161 -0.35429
C -9.29842 -0.30745 -1.29717
C -9.71002 -0.95675 -2.62394
O -10.66802 -1.91736 -2.24924
H -7.63878 -2.78651 -1.64615
H -7.60023 -1.26304 -3.25189
H -10.2829 -3.45334 -0.80854
H -10.36372 -1.30159 0.28091
H -8.59273 -1.69497 0.2976
H -10.02643 0.48199 -1.00563
H -8.2732 0.11893 -1.34901
H -10.0616 -0.17655 -3.33416
O -3.9191 -6.582 -0.67176
C -2.30233 -3.05793 0.63002
C -1.99109 -6.7011 2.75464
C -2.06959 -7.93358 3.65499
C -2.82689 -8.88757 2.75678
C -2.99929 -8.01923 1.50647
O -1.81844 -7.25382 1.47444
H -3.86483 -6.02153 3.6617
H -5.00218 -7.46867 2.16634
H -1.89874 -2.34386 1.37935
H -1.19173 -6.0127 3.10721
H -1.03704 -8.32498 3.7973
H -2.53462 -7.743 4.64622
H -2.15999 -9.74611 2.51751
H -3.79083 -9.26303 3.16284
H -3.18283 -8.67097 0.6237
H -3.2767 -2.68876 0.24424
H -1.5883 -3.13101 -0.21568
H -9.49364 -0.28884 -7.28533
H -10.39838 -1.80991 -6.92942
H -8.62922 -1.87267 -7.34236
H -8.25158 -5.65119 0.08859
H -7.7871 -4.08187 -0.15479
H -6.53458 -6.71354 -1.34574
H -5.77317 -5.06771 -1.4859
$end

$opt
CONSTRAINT
tors           1           2           3           4    +101.496
tors           3           4           5           6     -95.320
tors           4           5           6           7    -163.519
tors           5           6           7           8    -171.926
tors           6           7           8           9    -155.519
tors           7           8           9          10    -100.390
tors           8           9          10          11     -34.562
tors           9          10          11          12    +175.926
tors          11          12          13          14     -13.758
ENDCONSTRAINT
$end

$rem
JOBTYPE                   OPT
METHOD                    B3LYP
DFT_D                     d3_op
BASIS                     STO-3G
GEOM_OPT_MAX_CYCLES       100
GEOM_OPT_TOL_GRADIENT     300
GEOM_OPT_TOL_DISPLACEMENT 1200
GEOM_OPT_TOL_ENERGY       100
SYMMETRY                  False
THRESH                    12
SCF_CONVERGENCE           8
MAX_SUB_FILE_NUM          128
MEM_STATIC                400
MEM_TOTAL                 4000
$end
