$molecule
0  1
O -3.94934 -3.66094 2.70899
C -3.26408 -4.56952 2.26188
C -3.36658 -6.02376 2.66595
C -3.87743 -7.01323 1.60585
C -4.06002 -6.46795 0.20677
O -5.33453 -6.70735 -0.22188
C -5.47512 -6.62509 -1.6441
C -6.05623 -5.27092 -2.03739
O -7.09196 -5.44853 -3.01647
C -7.28879 -4.4001 -3.85384
C -8.03217 -4.783 -5.11139
C -9.48734 -5.22316 -4.89453
C -10.08646 -4.88284 -3.54473
O -9.69053 -5.30321 -2.4672
O -2.33383 -4.26453 1.31826
O -11.14128 -4.02094 -3.52805
O -6.85426 -3.27323 -3.64823
C -11.78956 -3.59691 -2.38664
C -8.23646 -3.63989 -6.1322
C -8.39166 -4.2325 -7.53103
C -9.74764 -4.89627 -7.40624
C -10.16638 -4.40483 -6.01384
O -9.5332 -3.15548 -5.88154
H -7.4208 -5.5764 -5.59897
H -9.61315 -6.32033 -5.0241
H -7.42121 -2.88429 -6.13009
H -8.47983 -3.37115 -8.23198
H -7.56974 -4.89647 -7.87516
H -10.41158 -4.48701 -8.19962
H -9.73824 -6.00706 -7.44897
H -11.27538 -4.406 -5.93421
O -3.16625 -5.99098 -0.48327
C -2.11161 -2.99728 0.82144
C -1.99612 -6.63865 2.99631
C -2.17291 -7.8695 3.88602
C -2.72502 -8.86457 2.88556
C -2.71017 -8.01817 1.60915
O -1.57782 -7.19672 1.77387
H -4.02731 -6.04624 3.56228
H -4.82568 -7.50064 1.93195
H -1.80402 -2.31315 1.64093
H -1.29995 -5.91278 3.47117
H -1.16154 -8.21119 4.20236
H -2.80368 -7.69836 4.78483
H -1.99707 -9.70035 2.78401
H -3.73259 -9.2696 3.1221
H -2.7137 -8.67403 0.71039
H -3.03228 -2.61137 0.33372
H -1.29937 -3.04012 0.06724
H -12.60633 -2.9017 -2.66949
H -11.07956 -3.06248 -1.71983
H -12.22825 -4.46548 -1.85056
H -6.57685 -4.85294 -1.14743
H -5.24297 -4.56177 -2.31244
H -6.24457 -7.39365 -1.87338
H -4.59281 -6.92743 -2.25326
$end

$opt
CONSTRAINT
tors           1           2           3           4    +112.679
tors           3           4           5           6    -125.409
tors           4           5           6           7    -161.053
tors           5           6           7           8     -99.691
tors           6           7           8           9    -134.951
tors           7           8           9          10    -152.723
tors           8           9          10          11    +161.053
tors           9          10          11          12     +66.316
tors          11          12          13          14     -62.669
ENDCONSTRAINT
$end

$rem
JOBTYPE                   OPT
METHOD                    B3LYP
DFT_D                     d3_op
BASIS                     STO-3G
GEOM_OPT_MAX_CYCLES       100
GEOM_OPT_TOL_GRADIENT     300
GEOM_OPT_TOL_DISPLACEMENT 1200
GEOM_OPT_TOL_ENERGY       100
SYMMETRY                  False
THRESH                    12
SCF_CONVERGENCE           8
MAX_SUB_FILE_NUM          128
MEM_STATIC                400
MEM_TOTAL                 4000
$end
