$molecule
0  1
O -3.94934 -3.66094 2.70899
C -3.26408 -4.56952 2.26188
C -3.36658 -6.02376 2.66595
C -2.51336 -7.0331 1.88039
C -1.51976 -6.45519 0.89709
O -0.86396 -5.40067 1.46572
C 0.02896 -4.73977 0.56286
C 1.04606 -3.91183 1.34142
O 1.63838 -2.92741 0.47948
C 2.68385 -2.2436 1.00726
C 3.54014 -1.57585 -0.04229
C 4.4708 -2.52121 -0.81588
C 4.16355 -3.9999 -0.69024
O 3.71497 -4.7087 -1.57958
O -2.91987 -4.31335 0.966
O 4.43087 -4.56243 0.51778
O 2.84356 -2.07397 2.20911
C 4.27243 -5.90321 0.8018
C 2.76473 -0.90156 -1.18707
C 3.62543 0.19335 -1.81403
C 4.67741 -0.64182 -2.51635
C 4.13544 -2.05197 -2.24998
O 2.73872 -1.8752 -2.20154
H 4.14672 -0.81136 0.49557
H 5.54795 -2.3856 -0.57368
H 1.78097 -0.49226 -0.86921
H 2.99885 0.69789 -2.58423
H 4.0194 0.95478 -1.107
H 4.64277 -0.40542 -3.60309
H 5.71386 -0.52311 -2.13267
H 4.5121 -2.75606 -3.02436
O -1.44006 -6.79374 -0.27778
C -3.04467 -3.09551 0.31767
C -2.8235 -6.24488 4.09017
C -3.40503 -7.53107 4.67752
C -2.64314 -8.57209 3.88403
C -1.73129 -7.6701 3.04691
O -1.47243 -6.57914 3.8968
H -4.44901 -6.28113 2.63482
H -3.11813 -7.79747 1.34331
H -2.42886 -2.3263 0.83109
H -3.02321 -5.38785 4.77049
H -3.0825 -7.59249 5.74156
H -4.51239 -7.60675 4.62279
H -2.03024 -9.17384 4.59175
H -3.2673 -9.24508 3.25727
H -0.84052 -8.23794 2.69725
H -4.1083 -2.77581 0.29636
H -2.69314 -3.1993 -0.72907
H 4.55083 -6.08635 1.85974
H 4.93168 -6.51213 0.14706
H 3.21514 -6.20813 0.65075
H 0.50968 -3.36517 2.14916
H 1.79807 -4.58677 1.80568
H -0.56195 -4.07164 -0.09376
H 0.60879 -5.44315 -0.07871
$end

$opt
CONSTRAINT
tors           1           2           3           4    +173.845
tors           3           4           5           6     +44.098
tors           4           5           6           7    -175.872
tors           5           6           7           8    -161.053
tors           6           7           8           9    -161.053
tors           7           8           9          10    -171.725
tors           8           9          10          11    +161.053
tors           9          10          11          12     -75.899
tors          11          12          13          14    +109.787
ENDCONSTRAINT
$end

$rem
JOBTYPE                   OPT
METHOD                    B3LYP
DFT_D                     d3_op
BASIS                     STO-3G
GEOM_OPT_MAX_CYCLES       100
GEOM_OPT_TOL_GRADIENT     300
GEOM_OPT_TOL_DISPLACEMENT 1200
GEOM_OPT_TOL_ENERGY       100
SYMMETRY                  False
THRESH                    12
SCF_CONVERGENCE           8
MAX_SUB_FILE_NUM          128
MEM_STATIC                400
MEM_TOTAL                 4000
$end
