$molecule
0  1
O -3.94934 -3.66094 2.70899
C -3.26408 -4.56952 2.26188
C -3.36658 -6.02376 2.66595
C -2.07242 -6.72057 3.117
C -0.85458 -5.83898 3.28356
O 0.2796 -6.56906 3.06895
C 0.89485 -7.02253 4.27936
C 2.4048 -6.8192 4.20968
O 3.05574 -7.64759 5.18586
C 3.93922 -8.54896 4.68975
C 4.83458 -7.96843 3.62112
C 6.23881 -8.58569 3.54754
C 6.42299 -9.89823 4.28241
O 5.7502 -10.90506 4.11446
O -2.41008 -4.29974 1.23956
O 7.42034 -9.92733 5.20531
O 4.19115 -9.49511 5.41287
C 7.7333 -11.02681 5.97681
C 4.38607 -8.36771 2.16127
C 4.88908 -7.30789 1.18497
C 6.37913 -7.58682 1.22303
C 6.38745 -8.87745 2.05467
O 5.15754 -9.47914 1.78255
H 4.90863 -6.85987 3.71664
H 7.01098 -7.87728 3.92348
H 3.30126 -8.54916 2.01608
H 4.50111 -7.5976 0.18145
H 4.59313 -6.25812 1.39691
H 6.73141 -7.7598 0.18225
H 6.99559 -6.80229 1.7135
H 7.28844 -9.49343 1.83804
O -0.85398 -4.81257 3.95061
C -2.20564 -3.04395 0.70775
C -4.2626 -6.23605 3.8999
C -4.7611 -7.68075 3.94613
C -3.49815 -8.39919 4.36631
C -2.53663 -7.21633 4.50597
O -3.36045 -6.17629 4.97464
H -3.80146 -6.54225 1.78222
H -1.80334 -7.58473 2.46674
H -1.8184 -2.35643 1.4899
H -5.12755 -5.53898 3.94344
H -5.50605 -7.76545 4.76932
H -5.21633 -8.034 2.99583
H -3.66977 -8.85121 5.36904
H -3.13297 -9.17707 3.66155
H -1.69587 -7.50249 5.17102
H -3.15536 -2.64442 0.29215
H -1.45874 -3.11239 -0.1095
H 8.58436 -10.77425 6.64193
H 8.02715 -11.879 5.32734
H 6.86226 -11.31466 6.60364
H 2.65409 -6.98974 3.16727
H 2.63828 -5.75043 4.40068
H 0.73087 -8.12201 4.29853
H 0.47805 -6.60554 5.22549
$end

$opt
CONSTRAINT
tors           1           2           3           4    -127.023
tors           3           4           5           6    -152.052
tors           4           5           6           7     -98.035
tors           5           6           7           8    -136.157
tors           6           7           8           9    -161.053
tors           7           8           9          10    +120.168
tors           8           9          10          11     +43.668
tors           9          10          11          12    +149.038
tors          11          12          13          14     +55.206
ENDCONSTRAINT
$end

$rem
JOBTYPE                   OPT
METHOD                    B3LYP
DFT_D                     d3_op
BASIS                     STO-3G
GEOM_OPT_MAX_CYCLES       100
GEOM_OPT_TOL_GRADIENT     300
GEOM_OPT_TOL_DISPLACEMENT 1200
GEOM_OPT_TOL_ENERGY       100
SYMMETRY                  False
THRESH                    12
SCF_CONVERGENCE           8
MAX_SUB_FILE_NUM          128
MEM_STATIC                400
MEM_TOTAL                 4000
$end
