$molecule
0  1
O -3.94934 -3.66094 2.70899
C -3.26408 -4.56952 2.26188
C -3.36658 -6.02376 2.66595
C -4.50911 -6.4091 3.61989
C -5.52725 -5.33211 3.92247
O -4.93772 -4.32077 4.62608
C -5.86754 -3.32674 5.06948
C -5.12048 -2.1214 5.6309
O -5.95625 -1.41874 6.56398
C -6.71481 -2.20109 7.37125
C -7.20821 -1.47476 8.59993
C -8.7323 -1.48229 8.78798
C -9.49645 -2.48807 7.9506
O -10.59102 -2.95612 8.22883
O -2.29948 -4.27189 1.35194
O -9.13758 -2.5917 6.64128
O -6.42985 -3.37111 7.6139
C -9.77838 -3.37225 5.70043
C -6.7605 -2.0819 9.95431
C -6.8083 -1.01432 11.04658
C -8.30332 -0.84126 11.20434
C -8.80706 -1.93819 10.25968
O -7.81511 -2.93275 10.32491
H -6.80468 -0.43619 8.56295
H -9.20341 -0.48965 8.61722
H -5.74719 -2.53891 9.92089
H -6.40536 -1.48202 11.97373
H -6.24223 -0.08212 10.83366
H -8.57313 -1.07165 12.25899
H -8.70015 0.15669 10.91747
H -9.83062 -2.2539 10.55903
O -6.71147 -5.37237 3.60307
C -2.05072 -3.00384 0.87014
C -3.70318 -6.92321 1.45846
C -3.24788 -8.3551 1.73382
C -4.27095 -8.78177 2.76407
C -5.16493 -7.53742 2.79873
O -5.10429 -7.0382 1.48594
H -2.37013 -6.30539 3.07448
H -4.13687 -6.78392 4.59941
H -1.76508 -2.32673 1.7034
H -3.26313 -6.56421 0.50238
H -3.4191 -8.94086 0.80218
H -2.18619 -8.46147 2.0443
H -4.83468 -9.6517 2.35926
H -3.86176 -9.02825 3.76771
H -6.17582 -7.80966 3.17432
H -2.95175 -2.6069 0.35533
H -1.2143 -3.04858 0.14292
H -9.25972 -3.26469 4.72571
H -10.83339 -3.04541 5.58226
H -9.74548 -4.43985 6.00604
H -4.27716 -2.52553 6.23447
H -4.67853 -1.45978 4.85603
H -6.66784 -3.87544 5.58759
H -6.43386 -2.90821 4.2061
$end

$opt
CONSTRAINT
tors           1           2           3           4      +5.896
tors           3           4           5           6     -66.316
tors           4           5           6           7    -173.968
tors           5           6           7           8    -170.287
tors           6           7           8           9    -155.246
tors           7           8           9          10     +39.253
tors           8           9          10          11    +161.053
tors           9          10          11          12    +123.968
tors          11          12          13          14    +155.184
ENDCONSTRAINT
$end

$rem
JOBTYPE                   OPT
METHOD                    B3LYP
DFT_D                     d3_op
BASIS                     STO-3G
GEOM_OPT_MAX_CYCLES       100
GEOM_OPT_TOL_GRADIENT     300
GEOM_OPT_TOL_DISPLACEMENT 1200
GEOM_OPT_TOL_ENERGY       100
SYMMETRY                  False
THRESH                    12
SCF_CONVERGENCE           8
MAX_SUB_FILE_NUM          128
MEM_STATIC                400
MEM_TOTAL                 4000
$end
