$molecule
0  1
O -3.94934 -3.66094 2.70899
C -3.26408 -4.56952 2.26188
C -3.36658 -6.02376 2.66595
C -2.45359 -6.50204 3.8068
C -1.66855 -5.43381 4.53528
O -0.7511 -4.87555 3.69145
C 0.12491 -3.95059 4.34437
C 1.05445 -3.29861 3.32603
O 2.255 -2.85134 3.97526
C 3.2256 -3.78801 4.11571
C 4.58854 -3.1894 4.37012
C 5.28295 -3.68076 5.64865
C 4.69888 -4.92854 6.28001
O 5.30531 -5.70949 6.99898
O -2.24881 -4.26354 1.41234
O 3.35003 -4.91131 6.47209
O 3.06334 -4.98113 3.87786
C 2.63525 -5.86543 7.16933
C 5.63105 -3.56817 3.30258
C 6.74574 -2.52416 3.28111
C 7.43084 -2.81712 4.60063
C 6.65134 -4.0614 5.045
O 6.28885 -4.68894 3.83833
H 4.47919 -2.07987 4.38498
H 5.35147 -2.9043 6.44177
H 5.19478 -3.69247 2.28721
H 7.4342 -2.80587 2.45211
H 6.41805 -1.47163 3.14088
H 8.49545 -3.06587 4.39399
H 7.36686 -2.00796 5.36014
H 7.27095 -4.66927 5.74039
O -1.80474 -5.13774 5.71805
C -1.97669 -2.99147 0.95448
C -4.74607 -6.33729 3.29539
C -5.05628 -7.82775 3.16468
C -4.08608 -8.4044 4.17133
C -3.49971 -7.11529 4.75704
O -4.55398 -6.1905 4.68008
H -3.28919 -6.62707 1.73359
H -1.71634 -7.26163 3.46382
H -1.75293 -2.31662 1.80781
H -5.57652 -5.74403 2.85273
H -6.09204 -7.97922 3.54536
H -4.98071 -8.2447 2.13744
H -4.66724 -8.9577 4.94231
H -3.29484 -9.06016 3.74763
H -3.09277 -7.31289 5.77317
H -2.84451 -2.59725 0.38379
H -1.09317 -3.02706 0.28474
H 1.55966 -5.59559 7.15972
H 2.97955 -5.91047 8.2245
H 2.75929 -6.85955 6.68922
H 1.30952 -4.02125 2.51615
H 0.53515 -2.45512 2.82572
H 0.73664 -4.54341 5.05894
H -0.41241 -3.1557 4.90971
$end

$opt
CONSTRAINT
tors           1           2           3           4     -92.226
tors           3           4           5           6     -66.316
tors           4           5           6           7    -173.968
tors           5           6           7           8    -176.116
tors           6           7           8           9    -155.246
tors           7           8           9          10     +84.950
tors           8           9          10          11    +161.053
tors           9          10          11          12    +123.968
tors          11          12          13          14    +155.184
ENDCONSTRAINT
$end

$rem
JOBTYPE                   OPT
METHOD                    B3LYP
DFT_D                     d3_op
BASIS                     STO-3G
GEOM_OPT_MAX_CYCLES       100
GEOM_OPT_TOL_GRADIENT     300
GEOM_OPT_TOL_DISPLACEMENT 1200
GEOM_OPT_TOL_ENERGY       100
SYMMETRY                  False
THRESH                    12
SCF_CONVERGENCE           8
MAX_SUB_FILE_NUM          128
MEM_STATIC                400
MEM_TOTAL                 4000
$end
