$molecule
0  1
O -3.94934 -3.66094 2.70899
C -3.26408 -4.56952 2.26188
C -3.36658 -6.02376 2.66595
C -2.07557 -6.71593 3.13292
C -0.8627 -5.83018 3.31315
O 0.26867 -6.51936 2.9808
C 1.40238 -6.15803 3.77666
C 2.67967 -6.71234 3.15426
O 3.6405 -6.99945 4.1825
C 3.25516 -6.68634 5.44449
C 2.45345 -7.7831 6.10407
C 3.27355 -8.99714 6.56431
C 4.77411 -8.79493 6.62864
O 5.54455 -9.4257 7.33794
O -2.40543 -4.29899 1.24373
O 5.37886 -8.10528 5.62631
O 3.44349 -5.57822 5.92628
C 6.7398 -7.91125 5.49429
C 1.80813 -7.35609 7.44283
C 0.60691 -8.24947 7.74785
C 1.30311 -9.55426 8.06905
C 2.7671 -9.10109 8.01879
O 2.72833 -7.75579 8.42509
H 1.65505 -8.17354 5.43833
H 3.08711 -9.92332 5.97721
H 1.49705 -6.2889 7.46671
H 0.14116 -7.85544 8.67979
H -0.16573 -8.30905 6.95242
H 1.01409 -9.86074 9.09888
H 1.11276 -10.384 7.35422
H 3.39256 -9.77665 8.64294
O -0.87599 -4.79545 3.97204
C -2.19721 -3.04249 0.71512
C -4.2675 -6.23231 3.89797
C -4.75166 -7.68239 3.95991
C -3.48693 -8.38177 4.4083
C -2.53624 -7.18932 4.52743
O -3.37109 -6.14899 4.97641
H -3.79458 -6.54683 1.78176
H -1.80042 -7.5941 2.50415
H -1.81235 -2.35695 1.50018
H -5.13961 -5.54346 3.92761
H -5.50797 -7.76677 4.77258
H -5.18747 -8.05125 3.00643
H -3.66079 -8.80638 5.42257
H -3.11305 -9.17696 3.72788
H -1.6819 -7.44838 5.19073
H -3.14469 -2.641 0.2963
H -1.44694 -3.11038 -0.09909
H 6.93307 -7.30213 4.58762
H 7.25942 -8.88711 5.38667
H 7.13478 -7.36893 6.3799
H 2.44013 -7.6986 2.70196
H 3.08306 -6.05493 2.35477
H 1.04082 -6.37684 4.78673
H 1.55965 -5.05458 3.79891
$end

$opt
CONSTRAINT
tors           1           2           3           4    -126.316
tors           3           4           5           6    -145.928
tors           4           5           6           7    -145.829
tors           5           6           7           8    -166.977
tors           6           7           8           9    -149.434
tors           7           8           9          10      -2.287
tors           8           9          10          11     +85.530
tors           9          10          11          12     +74.756
tors          11          12          13          14    +155.184
ENDCONSTRAINT
$end

$rem
JOBTYPE                   OPT
METHOD                    B3LYP
DFT_D                     d3_op
BASIS                     STO-3G
GEOM_OPT_MAX_CYCLES       100
GEOM_OPT_TOL_GRADIENT     300
GEOM_OPT_TOL_DISPLACEMENT 1200
GEOM_OPT_TOL_ENERGY       100
SYMMETRY                  False
THRESH                    12
SCF_CONVERGENCE           8
MAX_SUB_FILE_NUM          128
MEM_STATIC                400
MEM_TOTAL                 4000
$end
