$molecule
0  1
O -3.94934 -3.66094 2.70899
C -3.26408 -4.56952 2.26188
C -3.36658 -6.02376 2.66595
C -2.10273 -6.88599 2.51398
C -0.82993 -6.15756 2.14324
O -0.9403 -5.64254 0.88308
C 0.30644 -5.18096 0.35219
C 0.07864 -4.45726 -0.97087
O 1.23252 -4.60326 -1.81356
C 1.07936 -5.43611 -2.87284
C 0.02743 -4.96168 -3.84701
C 0.12562 -5.57091 -5.25323
C 1.00494 -6.79853 -5.38158
O 1.0616 -7.53078 -6.3589
O -2.90855 -4.36925 0.96601
O 2.23351 -6.67794 -4.79908
O 1.19211 -6.63147 -2.63306
C 3.29408 -7.55313 -4.94576
C -1.51869 -5.34162 -3.65803
C -2.38523 -4.30448 -4.38303
C -2.14617 -4.68453 -5.82099
C -1.30242 -5.942 -5.61969
O -1.74834 -6.49652 -4.42332
H 0.10044 -3.85078 -3.88862
H 0.56447 -4.83982 -5.96877
H -2.01003 -5.43275 -2.68506
H -3.4505 -4.53713 -4.14745
H -2.19076 -3.24185 -4.1229
H -3.12329 -4.93059 -6.29348
H -1.60846 -3.92547 -6.42995
H -1.36127 -6.59984 -6.51468
O 0.17435 -6.08817 2.84406
C -3.00388 -3.17149 0.28186
C -3.61631 -6.18039 4.18237
C -4.26936 -7.53215 4.46648
C -3.10281 -8.4643 4.22321
C -1.99023 -7.4481 3.94465
O -2.33425 -6.33937 4.73723
H -4.237 -6.44188 2.11196
H -2.23487 -7.69887 1.76543
H -2.36739 -2.40242 0.76895
H -4.23758 -5.36723 4.61726
H -4.5196 -7.55569 5.55153
H -5.18441 -7.74955 3.8747
H -2.89418 -9.01886 5.16523
H -3.23232 -9.1795 3.38223
H -0.99884 -7.90904 4.1486
H -4.05944 -2.82633 0.25336
H -2.66176 -3.31842 -0.76227
H 4.14747 -7.19414 -4.33486
H 3.61416 -7.60038 -6.00856
H 3.00245 -8.56565 -4.59365
H -0.74416 -5.01736 -1.328
H -0.23484 -3.40002 -0.84931
H 0.92671 -6.08725 0.16463
H 0.86083 -4.49873 1.03557
$end

$opt
CONSTRAINT
tors           1           2           3           4    -153.487
tors           3           4           5           6     -66.316
tors           4           5           6           7    -167.860
tors           5           6           7           8    -172.573
tors           6           7           8           9    -150.358
tors           7           8           9          10    +107.592
tors           8           9          10          11     +62.761
tors           9          10          11          12    +160.537
tors          11          12          13          14    +169.028
ENDCONSTRAINT
$end

$rem
JOBTYPE                   OPT
METHOD                    B3LYP
DFT_D                     d3_op
BASIS                     STO-3G
GEOM_OPT_MAX_CYCLES       100
GEOM_OPT_TOL_GRADIENT     300
GEOM_OPT_TOL_DISPLACEMENT 1200
GEOM_OPT_TOL_ENERGY       100
SYMMETRY                  False
THRESH                    12
SCF_CONVERGENCE           8
MAX_SUB_FILE_NUM          128
MEM_STATIC                400
MEM_TOTAL                 4000
$end
