$molecule
0  1
O -3.94934 -3.66094 2.70899
C -3.26408 -4.56952 2.26188
C -3.36658 -6.02376 2.66595
C -2.05408 -6.81721 2.77386
C -0.77331 -6.02375 2.63919
O -0.66693 -5.52603 1.37176
C -0.17427 -6.48478 0.42977
C 0.00816 -5.833 -0.93699
O 0.49921 -6.79993 -1.87868
C -0.44362 -7.38701 -2.65686
C 0.14651 -8.26114 -3.73774
C 1.24793 -9.22097 -3.26458
C 1.34784 -9.42488 -1.7662
O 1.81842 -10.4092 -1.21463
O -2.71887 -4.33603 1.03986
O 0.26269 -9.0666 -1.00819
O -1.64624 -7.33804 -2.42388
C -0.16029 -9.70099 0.1648
C -0.84441 -9.23689 -4.39861
C -0.33372 -9.62781 -5.78432
C 0.84236 -10.50723 -5.41432
C 0.70367 -10.52586 -3.88789
O -0.68409 -10.42814 -3.67103
H 0.54867 -7.55792 -4.50129
H 2.26436 -8.96546 -3.63557
H -1.87992 -8.83999 -4.47308
H -1.11727 -10.26324 -6.2562
H -0.09653 -8.77702 -6.45874
H 0.66526 -11.52268 -5.83361
H 1.83824 -10.13107 -5.73412
H 1.19524 -11.43433 -3.47559
O 0.01422 -5.75062 3.53291
C -2.66278 -3.10368 0.41955
C -3.92142 -6.1927 4.0945
C -4.51289 -7.59187 4.26587
C -3.25132 -8.42329 4.3285
C -2.18867 -7.32498 4.22699
O -2.77087 -6.23588 4.89964
H -4.06153 -6.49039 1.93226
H -2.02017 -7.69302 2.09634
H -2.08311 -2.39003 1.04322
H -4.68254 -5.43009 4.36827
H -5.01297 -7.63397 5.2599
H -5.23693 -7.88333 3.47475
H -3.19568 -8.90086 5.3324
H -3.14974 -9.19769 3.53774
H -1.22647 -7.69878 4.64194
H -3.68773 -2.7103 0.24998
H -2.15691 -3.21215 -0.56135
H -1.1455 -9.32269 0.49207
H 0.58985 -9.55952 0.97216
H -0.31247 -10.78634 -0.01974
H -0.94324 -5.35459 -1.26457
H 0.75658 -5.01702 -0.85367
H -0.94606 -7.24515 0.2821
H 0.79412 -6.91758 0.76862
$end

$opt
CONSTRAINT
tors           1           2           3           4    -142.022
tors           3           4           5           6     -66.316
tors           4           5           6           7     -81.020
tors           5           6           7           8    -176.116
tors           6           7           8           9    -179.854
tors           7           8           9          10     +96.735
tors           8           9          10          11    +172.845
tors           9          10          11          12     +47.047
tors          11          12          13          14    +155.184
ENDCONSTRAINT
$end

$rem
JOBTYPE                   OPT
METHOD                    B3LYP
DFT_D                     d3_op
BASIS                     STO-3G
GEOM_OPT_MAX_CYCLES       100
GEOM_OPT_TOL_GRADIENT     300
GEOM_OPT_TOL_DISPLACEMENT 1200
GEOM_OPT_TOL_ENERGY       100
SYMMETRY                  False
THRESH                    12
SCF_CONVERGENCE           8
MAX_SUB_FILE_NUM          128
MEM_STATIC                400
MEM_TOTAL                 4000
$end
