$molecule
0  1
O -3.94934 -3.66094 2.70899
C -3.26408 -4.56952 2.26188
C -3.36658 -6.02376 2.66595
C -2.09498 -6.69205 3.21393
C -0.91038 -5.78508 3.46337
O 0.25173 -6.47203 3.25599
C 1.38991 -5.84859 3.86024
C 2.6593 -6.61668 3.50693
O 3.66327 -6.39007 4.50871
C 4.11466 -7.50024 5.14347
C 5.62199 -7.57308 5.2012
C 6.29646 -6.42743 5.96987
C 5.38569 -5.5974 6.85205
O 5.73858 -4.95813 7.83254
O -2.37778 -4.29323 1.26945
O 4.03791 -5.55634 6.69271
O 3.37189 -8.37649 5.56743
C 3.14002 -4.85139 7.47381
C 6.16285 -8.80354 5.95434
C 7.59119 -9.09881 5.50011
C 8.33143 -7.94004 6.13192
C 7.18867 -7.27449 6.90698
O 6.3504 -8.34513 7.2675
H 5.96846 -7.61211 4.1438
H 6.90402 -5.73304 5.34979
H 5.53321 -9.71195 5.83526
H 7.90865 -10.04011 6.00372
H 7.72653 -9.20669 4.40239
H 9.09041 -8.3513 6.83424
H 8.81306 -7.23585 5.41944
H 7.60582 -6.68333 7.75187
O -0.98683 -4.72506 4.07643
C -2.15469 -3.03344 0.75499
C -4.33426 -6.23726 3.84609
C -4.80199 -7.69314 3.89029
C -3.55549 -8.37212 4.41374
C -2.63042 -7.16503 4.58198
O -3.50427 -6.13441 4.97454
H -3.74102 -6.55829 1.76451
H -1.76624 -7.5693 2.61029
H -1.79062 -2.35336 1.55459
H -5.21632 -5.5609 3.82013
H -5.60138 -7.78178 4.66019
H -5.17933 -8.07458 2.91704
H -3.78213 -8.79686 5.41744
H -3.13102 -9.16323 3.75869
H -1.81325 -7.40907 5.29718
H -3.09041 -2.62852 0.31363
H -1.38287 -3.09648 -0.03922
H 2.11309 -5.01973 7.09175
H 3.36395 -3.76432 7.42737
H 3.18892 -5.20315 8.52638
H 2.39448 -7.69878 3.44483
H 3.0197 -6.32107 2.499
H 1.24446 -5.91956 4.96178
H 1.51524 -4.77885 3.57691
$end

$opt
CONSTRAINT
tors           1           2           3           4    -122.685
tors           3           4           5           6    -148.363
tors           4           5           6           7    -161.446
tors           5           6           7           8    -176.116
tors           6           7           8           9    -155.246
tors           7           8           9          10    +120.779
tors           8           9          10          11    +131.339
tors           9          10          11          12     +61.815
tors          11          12          13          14    +155.184
ENDCONSTRAINT
$end

$rem
JOBTYPE                   OPT
METHOD                    B3LYP
DFT_D                     d3_op
BASIS                     STO-3G
GEOM_OPT_MAX_CYCLES       100
GEOM_OPT_TOL_GRADIENT     300
GEOM_OPT_TOL_DISPLACEMENT 1200
GEOM_OPT_TOL_ENERGY       100
SYMMETRY                  False
THRESH                    12
SCF_CONVERGENCE           8
MAX_SUB_FILE_NUM          128
MEM_STATIC                400
MEM_TOTAL                 4000
$end
