$molecule
0  1
O -3.94934 -3.66094 2.70899
C -3.26408 -4.56952 2.26188
C -3.36658 -6.02376 2.66595
C -2.45359 -6.50204 3.8068
C -1.66855 -5.43381 4.53528
O -0.94284 -4.70002 3.64068
C -0.12575 -3.70232 4.26214
C 0.6337 -2.91029 3.20286
O 1.61968 -2.07495 3.82969
C 2.35678 -2.67041 4.79988
C 3.64029 -1.93324 5.09961
C 3.59814 -1.04189 6.3494
C 2.43998 -1.28548 7.29599
O 2.44885 -1.06484 8.49841
O -2.34965 -4.28269 1.29838
O 1.20529 -1.37275 6.72869
O 2.45671 -3.88616 4.91154
C 0.0198 -1.46593 7.43055
C 4.87523 -2.81131 5.42995
C 6.15975 -2.03228 5.14797
C 6.13056 -1.02228 6.27402
C 4.89567 -1.5041 7.04231
O 4.87958 -2.89502 6.83254
H 3.89091 -1.33709 4.1916
H 3.59422 0.044 6.10935
H 4.90479 -3.77608 4.87855
H 7.00923 -2.73149 5.32192
H 6.24518 -1.60293 4.12662
H 7.05077 -1.15289 6.88594
H 6.02871 0.03903 5.95953
H 4.95779 -1.17333 8.10225
O -1.76395 -5.18656 5.73347
C -2.23365 -3.05194 0.68583
C -4.74314 -6.34558 3.29954
C -5.05023 -7.83558 3.15629
C -4.06832 -8.42108 4.14748
C -3.48834 -7.13716 4.75124
O -4.54686 -6.21552 4.68661
H -3.29064 -6.62902 1.73441
H -1.70251 -7.23426 3.43641
H -2.04091 -2.25917 1.43756
H -5.57702 -5.7498 2.86703
H -6.08168 -7.9913 3.54696
H -4.98658 -8.24449 2.12504
H -4.63938 -8.99573 4.91023
H -3.27196 -9.05921 3.70664
H -3.07634 -7.34436 5.76321
H -3.16917 -2.8128 0.13659
H -1.39215 -3.08139 -0.03623
H -0.82614 -1.51579 6.71617
H -0.11699 -0.57227 8.07605
H 0.018 -2.38554 8.05393
H 1.16887 -3.64003 2.55573
H -0.0368 -2.30713 2.56145
H 0.39814 -4.23552 5.06264
H -0.76912 -2.96858 4.79558
$end

$opt
CONSTRAINT
tors           1           2           3           4     -92.226
tors           3           4           5           6     -54.481
tors           4           5           6           7    -177.461
tors           5           6           7           8    -179.024
tors           6           7           8           9    -170.025
tors           7           8           9          10     +44.947
tors           8           9          10          11    +161.053
tors           9          10          11          12    +100.223
tors          11          12          13          14    +152.811
ENDCONSTRAINT
$end

$rem
JOBTYPE                   OPT
METHOD                    B3LYP
DFT_D                     d3_op
BASIS                     STO-3G
GEOM_OPT_MAX_CYCLES       100
GEOM_OPT_TOL_GRADIENT     300
GEOM_OPT_TOL_DISPLACEMENT 1200
GEOM_OPT_TOL_ENERGY       100
SYMMETRY                  False
THRESH                    12
SCF_CONVERGENCE           8
MAX_SUB_FILE_NUM          128
MEM_STATIC                400
MEM_TOTAL                 4000
$end
