$molecule
0  1
O -3.94934 -3.66094 2.70899
C -3.26408 -4.56952 2.26188
C -3.36658 -6.02376 2.66595
C -2.27205 -6.57364 3.59519
C -1.29676 -5.56443 4.15948
O -1.06151 -4.58222 3.24005
C 0.13345 -3.83916 3.50309
C 0.29159 -2.71881 2.48037
O 1.5818 -2.10417 2.62335
C 2.59594 -2.71695 1.96369
C 3.79469 -1.82036 1.76417
C 5.14503 -2.4543 2.12885
C 5.14568 -3.96126 2.28937
O 5.42352 -4.76728 1.41318
O -2.51292 -4.32356 1.15281
O 4.67121 -4.42318 3.47603
O 2.48377 -3.80183 1.40309
C 4.52092 -5.75814 3.78715
C 4.02791 -1.45188 0.28623
C 4.82156 -0.14938 0.20266
C 6.17524 -0.61475 0.69816
C 5.91406 -2.12093 0.8289
O 4.96289 -2.39377 -0.17086
H 3.6182 -0.87763 2.33243
H 5.64769 -2.00942 3.01556
H 3.08643 -1.37046 -0.30024
H 4.90599 0.10661 -0.87808
H 4.38913 0.71624 0.74908
H 6.92811 -0.40663 -0.09417
H 6.50483 -0.17662 1.66509
H 6.87166 -2.68282 0.75376
O -0.5502 -5.81678 5.09934
C -2.53637 -3.13711 0.44777
C -4.6118 -6.26733 3.55077
C -5.01086 -7.7424 3.51038
C -3.90806 -8.35202 4.34472
C -3.14593 -7.08951 4.75681
O -4.14417 -6.10783 4.8646
H -3.50091 -6.61519 1.73248
H -1.67367 -7.39606 3.14504
H -2.25778 -2.28685 1.1032
H -5.48525 -5.64115 3.26381
H -5.97089 -7.84459 4.0656
H -5.12885 -8.16855 2.49091
H -4.3672 -8.8296 5.23906
H -3.25823 -9.08266 3.81619
H -2.56208 -7.29026 5.68209
H -3.55263 -2.96196 0.03487
H -1.81559 -3.19821 -0.39314
H 4.11707 -5.84827 4.81634
H 5.50331 -6.27493 3.74068
H 3.80926 -6.23739 3.08122
H 0.14518 -3.09641 1.44326
H -0.49632 -1.96029 2.66896
H 1.00194 -4.53039 3.42055
H 0.12155 -3.38893 4.52191
$end

$opt
CONSTRAINT
tors           1           2           3           4    -104.309
tors           3           4           5           6     -34.607
tors           4           5           6           7    -161.377
tors           5           6           7           8    -177.110
tors           6           7           8           9    -171.494
tors           7           8           9          10     +84.950
tors           8           9          10          11    +161.053
tors           9          10          11          12    +132.512
tors          11          12          13          14     +93.833
ENDCONSTRAINT
$end

$rem
JOBTYPE                   OPT
METHOD                    B3LYP
DFT_D                     d3_op
BASIS                     STO-3G
GEOM_OPT_MAX_CYCLES       100
GEOM_OPT_TOL_GRADIENT     300
GEOM_OPT_TOL_DISPLACEMENT 1200
GEOM_OPT_TOL_ENERGY       100
SYMMETRY                  False
THRESH                    12
SCF_CONVERGENCE           8
MAX_SUB_FILE_NUM          128
MEM_STATIC                400
MEM_TOTAL                 4000
$end
