$molecule
0  1
O -3.94934 -3.66094 2.70899
C -3.26408 -4.56952 2.26188
C -3.36658 -6.02376 2.66595
C -3.66375 -6.32292 4.14448
C -4.00113 -5.13519 5.0183
O -2.91044 -4.32172 5.13694
C -3.10811 -3.2459 6.06041
C -1.85693 -2.37653 6.13022
O -2.03543 -1.33956 7.10784
C -2.28955 -1.76559 8.37001
C -1.78091 -0.81333 9.42601
C -2.80415 -0.44108 10.50891
C -4.03321 -1.32416 10.58819
O -4.41945 -1.9133 11.58733
O -2.22703 -4.25608 1.44149
O -4.83351 -1.32759 9.4885
O -2.49918 -2.91987 8.71295
C -6.00935 -2.03996 9.38107
C -0.64049 -1.37715 10.30043
C 0.18345 -0.22411 10.87009
C -0.80554 0.37012 11.85375
C -1.93748 -0.66227 11.76398
O -1.2808 -1.86817 11.45371
H -1.40216 0.0984 8.9073
H -3.16939 0.60279 10.39093
H 0.016 -2.09342 9.7596
H 1.02119 -0.6849 11.44161
H 0.60061 0.4905 10.12839
H -0.33709 0.37162 12.86284
H -1.17409 1.38781 11.60021
H -2.53577 -0.65717 12.70136
O -5.08558 -4.94076 5.55908
C -1.93102 -2.97756 1.0172
C -4.61077 -6.66936 2.01532
C -4.42298 -8.18231 1.91892
C -4.54739 -8.57232 3.37549
C -4.91006 -7.21631 3.99237
O -5.62662 -6.55647 2.9804
H -2.46929 -6.55607 2.27551
H -2.82778 -6.86288 4.6421
H -1.70738 -2.32682 1.88969
H -4.84582 -6.253 1.0106
H -5.30478 -8.58264 1.36857
H -3.49341 -8.5214 1.41324
H -5.39016 -9.29195 3.47543
H -3.62771 -8.99557 3.83449
H -5.44713 -7.36924 4.95436
H -2.78513 -2.55757 0.44402
H -1.03953 -3.0102 0.35792
H -6.45123 -1.86243 8.37921
H -6.73217 -1.70661 10.15605
H -5.80846 -3.1267 9.49529
H -0.98148 -3.00393 6.41024
H -1.65737 -1.9205 5.13735
H -3.44767 -3.71984 6.98853
H -3.94314 -2.59604 5.71217
$end

$opt
CONSTRAINT
tors           1           2           3           4     -36.934
tors           3           4           5           6     -66.316
tors           4           5           6           7    -173.968
tors           5           6           7           8    -179.495
tors           6           7           8           9    -177.068
tors           7           8           9          10     +59.037
tors           8           9          10          11    +150.239
tors           9          10          11          12    +130.354
tors          11          12          13          14    +124.682
ENDCONSTRAINT
$end

$rem
JOBTYPE                   OPT
METHOD                    B3LYP
DFT_D                     d3_op
BASIS                     STO-3G
GEOM_OPT_MAX_CYCLES       100
GEOM_OPT_TOL_GRADIENT     300
GEOM_OPT_TOL_DISPLACEMENT 1200
GEOM_OPT_TOL_ENERGY       100
SYMMETRY                  False
THRESH                    12
SCF_CONVERGENCE           8
MAX_SUB_FILE_NUM          128
MEM_STATIC                400
MEM_TOTAL                 4000
$end
