$molecule
0  1
O -3.94934 -3.66094 2.70899
C -3.26408 -4.56952 2.26188
C -3.36658 -6.02376 2.66595
C -2.14376 -6.64879 3.35724
C -1.02201 -5.70388 3.72729
O -0.44598 -5.20162 2.59532
C 0.67799 -4.35642 2.86286
C 1.20722 -3.75862 1.56336
O 2.38032 -2.97332 1.82798
C 3.51719 -3.40218 1.22569
C 4.65749 -2.42043 1.35424
C 5.896 -2.95894 2.08526
C 5.95941 -4.46323 2.25779
O 6.92245 -5.08859 2.67738
O -2.44445 -4.29703 1.21297
O 4.85181 -5.24331 2.1572
O 3.53126 -4.26273 0.34829
C 4.78709 -6.60738 2.37134
C 5.26936 -2.00035 0.00456
C 5.9802 -0.65633 0.15511
C 7.17796 -1.06311 0.98887
C 6.97101 -2.5813 1.04559
O 6.34439 -2.88682 -0.17734
H 4.26847 -1.51075 1.86814
H 6.07775 -2.49421 3.07897
H 4.52393 -1.954 -0.81939
H 6.33609 -0.36144 -0.8582
H 5.36395 0.1653 0.5794
H 8.10115 -0.81281 0.42035
H 7.22332 -0.61825 2.00654
H 7.94112 -3.09273 1.23336
O -0.66114 -5.44766 4.87138
C -2.33023 -3.0556 0.62174
C -4.43767 -6.25771 3.75567
C -4.90663 -7.71195 3.7269
C -3.69577 -8.40914 4.306
C -2.81113 -7.2018 4.6322
O -3.72693 -6.18917 4.96668
H -3.66642 -6.5798 1.7494
H -1.68683 -7.46434 2.75334
H -1.96835 -2.31027 1.362
H -5.31716 -5.58338 3.66515
H -5.74699 -7.80405 4.45194
H -5.23835 -8.08034 2.73233
H -4.00249 -8.92545 5.24295
H -3.18905 -9.1274 3.62568
H -2.07421 -7.47689 5.41854
H -3.31299 -2.7337 0.21573
H -1.60612 -3.11597 -0.21615
H 3.74495 -6.9504 2.20687
H 5.08011 -6.84648 3.41586
H 5.45524 -7.13785 1.65989
H 1.35978 -4.60575 0.85965
H 0.43708 -3.1018 1.11457
H 1.48775 -4.95786 3.33522
H 0.39542 -3.51674 3.53828
$end

$opt
CONSTRAINT
tors           1           2           3           4    -116.085
tors           3           4           5           6     -66.316
tors           4           5           6           7    -176.579
tors           5           6           7           8    -176.116
tors           6           7           8           9    -176.718
tors           7           8           9          10    +118.025
tors           8           9          10          11    +170.597
tors           9          10          11          12    +119.507
tors          11          12          13          14    +171.544
ENDCONSTRAINT
$end

$rem
JOBTYPE                   OPT
METHOD                    B3LYP
DFT_D                     d3_op
BASIS                     STO-3G
GEOM_OPT_MAX_CYCLES       100
GEOM_OPT_TOL_GRADIENT     300
GEOM_OPT_TOL_DISPLACEMENT 1200
GEOM_OPT_TOL_ENERGY       100
SYMMETRY                  False
THRESH                    12
SCF_CONVERGENCE           8
MAX_SUB_FILE_NUM          128
MEM_STATIC                400
MEM_TOTAL                 4000
$end
