$molecule
0  1
O -3.94934 -3.66094 2.70899
C -3.26408 -4.56952 2.26188
C -3.36658 -6.02376 2.66595
C -2.18616 -6.61999 3.45014
C -1.11476 -5.65019 3.897
O -1.06382 -4.58788 3.04007
C -0.03604 -3.64745 3.36946
C -0.14332 -2.4168 2.47495
O 1.16789 -1.90972 2.18088
C 1.49977 -1.87865 0.86633
C 2.11252 -0.5642 0.44512
C 2.93017 -0.61784 -0.85367
C 2.72596 -1.84958 -1.71265
O 2.45357 -1.84539 -2.90444
O -2.64705 -4.36327 1.06397
O 3.14535 -3.02317 -1.16401
O 0.91282 -2.58223 0.05082
C 3.14514 -4.23679 -1.81992
C 1.06957 0.51017 0.0721
C 1.68233 1.89618 0.25974
C 2.68896 1.91419 -0.8738
C 2.32885 0.60053 -1.5812
O 0.95452 0.43603 -1.32819
H 2.71558 -0.18853 1.30389
H 4.02218 -0.53476 -0.66029
H 0.12154 0.42358 0.64707
H 0.8769 2.63155 0.03313
H 2.0994 2.11419 1.26639
H 2.47478 2.79572 -1.51776
H 3.75582 1.91648 -0.56135
H 2.62682 0.64848 -2.65152
O -0.24288 -5.92615 4.71345
C -2.90543 -3.28757 0.23478
C -4.50764 -6.24318 3.68499
C -4.94518 -7.70815 3.68511
C -3.7738 -8.3486 4.3934
C -2.93225 -7.10946 4.70905
O -3.8844 -6.10162 4.93449
H -3.61287 -6.60106 1.74634
H -1.67811 -7.46571 2.93669
H -2.737 -2.32497 0.76159
H -5.39256 -5.59445 3.50318
H -5.84247 -7.79371 4.33914
H -5.18006 -8.12243 2.68106
H -4.14205 -8.80455 5.33966
H -3.21354 -9.10476 3.80204
H -2.24866 -7.32835 5.55901
H -3.96064 -3.3247 -0.11008
H -2.23935 -3.34099 -0.6507
H 3.53195 -5.01962 -1.13585
H 3.80047 -4.18891 -2.71574
H 2.11102 -4.5061 -2.12394
H -0.69115 -2.7206 1.57068
H -0.78119 -1.64493 2.95514
H 0.93053 -4.15408 3.14491
H -0.03488 -3.33393 4.43823
$end

$opt
CONSTRAINT
tors           1           2           3           4    -111.638
tors           3           4           5           6     -27.833
tors           4           5           6           7    -177.791
tors           5           6           7           8    -173.424
tors           6           7           8           9    -144.987
tors           7           8           9          10    +119.911
tors           8           9          10          11    +133.021
tors           9          10          11          12    +160.056
tors          11          12          13          14    +128.150
ENDCONSTRAINT
$end

$rem
JOBTYPE                   OPT
METHOD                    B3LYP
DFT_D                     d3_op
BASIS                     STO-3G
GEOM_OPT_MAX_CYCLES       100
GEOM_OPT_TOL_GRADIENT     300
GEOM_OPT_TOL_DISPLACEMENT 1200
GEOM_OPT_TOL_ENERGY       100
SYMMETRY                  False
THRESH                    12
SCF_CONVERGENCE           8
MAX_SUB_FILE_NUM          128
MEM_STATIC                400
MEM_TOTAL                 4000
$end
