$molecule
0  1
O -3.94934 -3.66094 2.70899
C -3.26408 -4.56952 2.26188
C -3.36658 -6.02376 2.66595
C -2.05047 -6.77687 2.91998
C -0.78633 -5.94619 2.91502
O 0.02296 -6.33898 1.8873
C 1.25837 -5.61759 1.83606
C 2.06406 -6.04126 0.61234
O 3.42277 -5.59409 0.74213
C 4.24227 -6.41512 1.4446
C 5.70584 -6.14828 1.18494
C 6.56683 -5.98056 2.44543
C 5.93769 -6.44818 3.74243
O 6.54887 -6.7689 4.75147
O -2.47581 -4.31413 1.18416
O 4.67502 -5.99186 3.97612
O 3.85494 -7.43046 2.01588
C 3.97457 -6.15257 5.15543
C 6.42316 -7.32607 0.49774
C 7.66146 -6.81452 -0.23573
C 8.55408 -6.4576 0.93546
C 7.69749 -6.97145 2.09971
O 6.99079 -8.05905 1.55409
H 5.78281 -5.25428 0.5232
H 6.92436 -4.93925 2.60156
H 5.76735 -7.89432 -0.19785
H 8.10326 -7.68814 -0.76697
H 7.48706 -5.99486 -0.96552
H 9.49817 -7.03945 0.84559
H 8.78008 -5.37512 1.04902
H 8.34416 -7.20361 2.97437
O -0.56811 -5.00286 3.66749
C -2.29502 -3.06522 0.62848
C -4.06642 -6.22686 4.02431
C -4.61572 -7.6508 4.12482
C -3.33572 -8.43545 4.32445
C -2.31016 -7.29908 4.34328
O -3.00688 -6.2364 4.95055
H -3.94678 -6.51496 1.85275
H -1.92834 -7.61665 2.19679
H -1.85346 -2.37456 1.37839
H -4.88071 -5.49479 4.21572
H -5.22008 -7.7204 5.05742
H -5.23634 -7.96411 3.25784
H -3.37175 -8.91744 5.32704
H -3.11861 -9.19948 3.54702
H -1.37664 -7.62822 4.85138
H -3.26537 -2.66086 0.26914
H -1.60088 -3.14809 -0.23282
H 2.97367 -5.68624 5.05075
H 4.51092 -5.65839 5.9933
H 3.84437 -7.23358 5.3759
H 2.02524 -7.14649 0.47441
H 1.60122 -5.59925 -0.2952
H 1.83328 -5.8726 2.75362
H 1.1065 -4.51467 1.79878
$end

$opt
CONSTRAINT
tors           1           2           3           4    -135.666
tors           3           4           5           6    -116.246
tors           4           5           6           7    -178.591
tors           5           6           7           8    -176.116
tors           6           7           8           9    -165.033
tors           7           8           9          10     +84.950
tors           8           9          10          11    +161.546
tors           9          10          11          12    +129.713
tors          11          12          13          14    +157.275
ENDCONSTRAINT
$end

$rem
JOBTYPE                   OPT
METHOD                    B3LYP
DFT_D                     d3_op
BASIS                     STO-3G
GEOM_OPT_MAX_CYCLES       100
GEOM_OPT_TOL_GRADIENT     300
GEOM_OPT_TOL_DISPLACEMENT 1200
GEOM_OPT_TOL_ENERGY       100
SYMMETRY                  False
THRESH                    12
SCF_CONVERGENCE           8
MAX_SUB_FILE_NUM          128
MEM_STATIC                400
MEM_TOTAL                 4000
$end
