$molecule
0  1
O -3.94934 -3.66094 2.70899
C -3.26408 -4.56952 2.26188
C -3.36658 -6.02376 2.66595
C -2.17024 -6.93098 2.33493
C -0.93317 -6.24643 1.79723
O -0.64569 -6.72095 0.54918
C 0.59134 -6.22302 0.02855
C 0.81104 -6.7402 -1.38933
O 2.17282 -6.51549 -1.78674
C 3.05662 -7.47104 -1.40598
C 4.35576 -7.41034 -2.17358
C 5.59482 -7.09022 -1.32474
C 5.4231 -7.2309 0.17441
O 6.30477 -7.53982 0.96294
O -2.47751 -4.26051 1.19579
O 4.36788 -6.55456 0.70758
O 2.81059 -8.34729 -0.58362
C 4.1161 -6.42322 2.05871
C 4.76478 -8.74953 -2.81022
C 5.69805 -8.49165 -3.99144
C 6.94331 -8.01808 -3.26868
C 6.51442 -8.23073 -1.81109
O 5.6349 -9.32889 -1.86966
H 4.23852 -6.64686 -2.97786
H 6.00605 -6.07497 -1.51712
H 3.89709 -9.36913 -3.12609
H 5.9105 -9.48147 -4.45581
H 5.31005 -7.79966 -4.76956
H 7.78336 -8.69545 -3.53971
H 7.22885 -6.96017 -3.45576
H 7.41176 -8.36093 -1.16727
O -0.28247 -5.39782 2.39929
C -2.31898 -2.9955 0.66819
C -3.35804 -6.16687 4.20833
C -4.00328 -7.49198 4.61443
C -2.92883 -8.46993 4.18998
C -1.84115 -7.49724 3.7233
O -2.00955 -6.37367 4.54988
H -4.34697 -6.39767 2.2954
H -2.47606 -7.7311 1.622
H -1.89698 -2.31222 1.43578
H -3.8676 -5.32886 4.73268
H -4.06585 -7.4987 5.72646
H -5.01328 -7.67967 4.19084
H -2.58927 -9.03201 5.0883
H -3.22219 -9.17928 3.38603
H -0.84122 -7.98453 3.75471
H -3.2949 -2.60392 0.31001
H -1.61722 -3.04597 -0.18951
H 3.19513 -5.82227 2.20221
H 4.95995 -5.90188 2.55883
H 3.96635 -7.42414 2.51687
H 0.56051 -7.82442 -1.4561
H 0.11974 -6.21187 -2.07934
H 1.40638 -6.60202 0.68184
H 0.62645 -5.1098 0.01422
$end

$opt
CONSTRAINT
tors           1           2           3           4    -161.730
tors           3           4           5           6    -119.461
tors           4           5           6           7    -173.880
tors           5           6           7           8    -177.252
tors           6           7           8           9    -166.162
tors           7           8           9          10     +84.950
tors           8           9          10          11    +162.971
tors           9          10          11          12    +116.290
tors          11          12          13          14    +149.681
ENDCONSTRAINT
$end

$rem
JOBTYPE                   OPT
METHOD                    B3LYP
DFT_D                     d3_op
BASIS                     STO-3G
GEOM_OPT_MAX_CYCLES       100
GEOM_OPT_TOL_GRADIENT     300
GEOM_OPT_TOL_DISPLACEMENT 1200
GEOM_OPT_TOL_ENERGY       100
SYMMETRY                  False
THRESH                    12
SCF_CONVERGENCE           8
MAX_SUB_FILE_NUM          128
MEM_STATIC                400
MEM_TOTAL                 4000
$end
