$molecule
0  1
O -3.94934 -3.66094 2.70899
C -3.26408 -4.56952 2.26188
C -3.36658 -6.02376 2.66595
C -2.05047 -6.77687 2.91998
C -0.78633 -5.94619 2.91502
O 0.17471 -6.56822 2.1701
C 1.49417 -6.39961 2.6991
C 2.51954 -7.03683 1.76705
O 3.81903 -7.01113 2.37824
C 4.08842 -8.0405 3.21905
C 5.56555 -8.21634 3.47949
C 5.95416 -8.3157 4.96185
C 4.81642 -8.58249 5.92678
O 4.93753 -9.02037 7.06175
O -2.47865 -4.31414 1.18207
O 3.70509 -7.81203 5.75664
O 3.26826 -8.90769 3.50735
C 2.62182 -7.76902 6.61288
C 6.12039 -9.54998 2.94358
C 7.62536 -9.42442 2.71425
C 8.12265 -9.35569 4.14391
C 6.81131 -9.59654 4.90236
O 6.06339 -10.42307 4.04348
H 6.10748 -7.38123 2.97759
H 6.51123 -7.42856 5.33492
H 5.61394 -9.89498 2.01551
H 7.96323 -10.38629 2.26562
H 7.94583 -8.58514 2.06022
H 8.83761 -10.19264 4.30608
H 8.58843 -8.39075 4.43997
H 7.02527 -10.01371 5.91106
O -0.58926 -4.98045 3.64375
C -2.30704 -3.06613 0.62102
C -4.07258 -6.21817 4.02107
C -4.61104 -7.64549 4.13486
C -3.3268 -8.41426 4.36149
C -2.3109 -7.26981 4.35707
O -3.01587 -6.20406 4.94834
H -3.94276 -6.51493 1.8501
H -1.92348 -7.64278 2.22936
H -1.86923 -2.36922 1.36735
H -4.8939 -5.49062 4.19941
H -5.22938 -7.71276 5.05831
H -5.21361 -7.97198 3.25998
H -3.36204 -8.86482 5.37874
H -3.10228 -9.20151 3.60984
H -1.37675 -7.58454 4.87386
H -3.28074 -2.66982 0.26167
H -1.61419 -3.14752 -0.24141
H 1.86825 -7.06096 6.21175
H 2.93795 -7.41872 7.61848
H 2.1597 -8.77617 6.69189
H 2.22395 -8.07312 1.48392
H 2.54774 -6.44811 0.82574
H 1.53938 -6.89652 3.69301
H 1.75728 -5.32378 2.81716
$end

$opt
CONSTRAINT
tors           1           2           3           4    -135.666
tors           3           4           5           6    -133.908
tors           4           5           6           7    -144.065
tors           5           6           7           8    -176.116
tors           6           7           8           9    -172.939
tors           7           8           9          10     +84.950
tors           8           9          10          11    +161.546
tors           9          10          11          12    +129.713
tors          11          12          13          14    +160.598
ENDCONSTRAINT
$end

$rem
JOBTYPE                   OPT
METHOD                    B3LYP
DFT_D                     d3_op
BASIS                     STO-3G
GEOM_OPT_MAX_CYCLES       100
GEOM_OPT_TOL_GRADIENT     300
GEOM_OPT_TOL_DISPLACEMENT 1200
GEOM_OPT_TOL_ENERGY       100
SYMMETRY                  False
THRESH                    12
SCF_CONVERGENCE           8
MAX_SUB_FILE_NUM          128
MEM_STATIC                400
MEM_TOTAL                 4000
$end
