$molecule
0  1
O -3.94934 -3.66094 2.70899
C -3.26408 -4.56952 2.26188
C -3.36658 -6.02376 2.66595
C -2.08505 -6.86885 2.58015
C -0.80551 -6.12401 2.27017
O -0.52122 -6.22445 0.93807
C 0.79838 -5.77793 0.60866
C 1.00904 -5.82908 -0.90103
O 2.33702 -5.38826 -1.22509
C 3.2806 -6.36145 -1.26656
C 4.37736 -6.07543 -2.26454
C 5.77252 -6.56664 -1.85161
C 5.81145 -7.56106 -0.70866
O 6.71801 -8.35064 -0.48667
O -2.55646 -4.31739 1.12856
O 5.13606 -7.16473 0.40859
O 3.03602 -7.51234 -0.91434
C 5.09637 -7.81595 1.62935
C 4.19152 -6.83524 -3.59388
C 4.9343 -6.10268 -4.70944
C 6.3716 -6.37274 -4.31346
C 6.15509 -7.33082 -3.13502
O 4.9603 -8.00288 -3.45015
H 4.36732 -4.98253 -2.48367
H 6.47311 -5.73992 -1.60216
H 3.12435 -6.98175 -3.87081
H 4.71558 -6.65216 -5.65333
H 4.67332 -5.03093 -4.84389
H 6.87763 -6.8854 -5.16139
H 6.95503 -5.47932 -4.00171
H 7.05149 -7.97481 -2.99761
O -0.25837 -5.33856 3.03622
C -2.40983 -3.07215 0.55414
C -3.68742 -6.186 4.16835
C -4.31448 -7.55655 4.42528
C -3.10732 -8.45524 4.26018
C -2.01461 -7.40993 4.01781
O -2.42885 -6.30592 4.78473
H -4.19934 -6.45346 2.06559
H -2.19301 -7.69251 1.83753
H -1.91323 -2.37999 1.26736
H -4.35238 -5.3896 4.56787
H -4.63078 -7.58471 5.49271
H -5.18371 -7.802 3.77794
H -2.92477 -8.97984 5.22453
H -3.17388 -9.19499 3.43329
H -1.01393 -7.83012 4.26297
H -3.40083 -2.66463 0.2611
H -1.77757 -3.1636 -0.35285
H 4.04032 -8.04659 1.88033
H 5.51097 -7.14878 2.41267
H 5.66729 -8.76896 1.62823
H 0.7814 -6.83997 -1.31019
H 0.28509 -5.13295 -1.37558
H 1.54677 -6.43124 1.11071
H 0.95315 -4.72362 0.93369
$end

$opt
CONSTRAINT
tors           1           2           3           4    -150.529
tors           3           4           5           6     -97.980
tors           4           5           6           7    -168.346
tors           5           6           7           8    -176.116
tors           6           7           8           9    -179.635
tors           7           8           9          10     +90.265
tors           8           9          10          11    +148.795
tors           9          10          11          12    +145.612
tors          11          12          13          14    +157.275
ENDCONSTRAINT
$end

$rem
JOBTYPE                   OPT
METHOD                    B3LYP
DFT_D                     d3_op
BASIS                     STO-3G
GEOM_OPT_MAX_CYCLES       100
GEOM_OPT_TOL_GRADIENT     300
GEOM_OPT_TOL_DISPLACEMENT 1200
GEOM_OPT_TOL_ENERGY       100
SYMMETRY                  False
THRESH                    12
SCF_CONVERGENCE           8
MAX_SUB_FILE_NUM          128
MEM_STATIC                400
MEM_TOTAL                 4000
$end
