$molecule
0  1
O -3.94934 -3.66094 2.70899
C -3.26408 -4.56952 2.26188
C -3.36658 -6.02376 2.66595
C -2.05111 -6.77228 2.93633
C -0.78976 -5.93741 2.94576
O 0.16849 -6.5358 2.17823
C 1.46421 -5.94791 2.33551
C 2.46121 -6.61305 1.39227
O 3.79244 -6.16483 1.69196
C 4.4524 -6.88528 2.63247
C 5.93372 -6.99282 2.35903
C 6.83894 -6.63163 3.54578
C 6.1602 -6.56833 4.8993
O 6.63133 -6.98265 5.94855
O -2.47206 -4.31296 1.18718
O 5.1181 -5.69745 4.99164
O 3.88676 -7.58241 3.46783
C 4.4351 -5.40999 6.15521
C 6.40695 -8.43225 2.07173
C 7.69136 -8.39082 1.2464
C 8.66878 -7.8549 2.27382
C 7.77921 -7.85274 3.52438
O 6.87651 -8.91074 3.30871
H 6.16639 -6.36459 1.46751
H 7.34948 -5.65525 3.3949
H 5.63871 -9.05539 1.56358
H 7.95683 -9.44861 1.01966
H 7.64247 -7.81756 0.29572
H 9.50592 -8.58103 2.37209
H 9.06531 -6.83723 2.06656
H 8.40716 -7.92576 4.43914
O -0.61761 -4.94384 3.64384
C -2.29401 -3.06378 0.6309
C -4.0888 -6.21869 4.01222
C -4.62283 -7.64798 4.12191
C -3.33849 -8.4107 4.36703
C -2.32716 -7.26213 4.37162
O -3.04351 -6.19803 4.95206
H -3.93081 -6.51747 1.84333
H -1.91306 -7.64054 2.2508
H -1.85827 -2.37045 1.38177
H -4.9153 -5.49422 4.17884
H -5.25332 -7.71649 5.03702
H -5.21199 -7.97831 3.23937
H -3.38447 -8.85759 5.38549
H -3.10185 -9.20003 3.62131
H -1.39849 -7.57202 4.90074
H -3.26462 -2.66366 0.26747
H -1.59654 -3.14452 -0.22787
H 3.63364 -4.67576 5.93362
H 5.12474 -4.97119 6.90751
H 3.97111 -6.33363 6.56252
H 2.38844 -7.72286 1.47101
H 2.20571 -6.34888 0.34435
H 1.79397 -6.10048 3.38723
H 1.44851 -4.85613 2.11489
$end

$opt
CONSTRAINT
tors           1           2           3           4    -134.954
tors           3           4           5           6    -131.998
tors           4           5           6           7    -168.884
tors           5           6           7           8    -176.771
tors           6           7           8           9    -171.380
tors           7           8           9          10     +88.270
tors           8           9          10          11    +145.060
tors           9          10          11          12    +129.713
tors          11          12          13          14    +139.544
ENDCONSTRAINT
$end

$rem
JOBTYPE                   OPT
METHOD                    B3LYP
DFT_D                     d3_op
BASIS                     STO-3G
GEOM_OPT_MAX_CYCLES       100
GEOM_OPT_TOL_GRADIENT     300
GEOM_OPT_TOL_DISPLACEMENT 1200
GEOM_OPT_TOL_ENERGY       100
SYMMETRY                  False
THRESH                    12
SCF_CONVERGENCE           8
MAX_SUB_FILE_NUM          128
MEM_STATIC                400
MEM_TOTAL                 4000
$end
