$molecule
0  1
O -3.94934 -3.66094 2.70899
C -3.26408 -4.56952 2.26188
C -3.36658 -6.02376 2.66595
C -2.05079 -6.8024 2.828
C -0.77444 -5.99521 2.74162
O -0.03364 -6.41146 1.67234
C 1.21819 -5.72724 1.55396
C 1.98293 -6.23723 0.33691
O 3.35994 -5.8378 0.42147
C 4.11863 -6.54207 1.29757
C 5.59982 -6.40087 1.03914
C 6.38266 -5.67236 2.14128
C 5.6657 -5.51485 3.46712
O 6.17022 -5.10119 4.501
O -2.5045 -4.31918 1.16235
O 4.34114 -5.7813 3.62031
O 3.68364 -7.50865 1.9201
C 3.62609 -5.66326 4.80033
C 6.35878 -7.74294 0.98823
C 7.65353 -7.57507 0.19433
C 8.46562 -6.73025 1.15456
C 7.51642 -6.69296 2.35802
O 6.83683 -7.92406 2.29762
H 5.7275 -5.89105 0.05598
H 6.74959 -4.66759 1.83772
H 5.75381 -8.57466 0.5653
H 8.12261 -8.58281 0.12391
H 7.5391 -7.15408 -0.82768
H 9.39899 -7.28246 1.40339
H 8.71038 -5.70628 0.79781
H 8.0883 -6.50015 3.29267
O -0.49027 -5.05636 3.47762
C -2.33422 -3.07242 0.5984
C -3.97318 -6.21606 4.07027
C -4.54396 -7.62841 4.20699
C -3.2699 -8.44025 4.3137
C -2.22219 -7.32513 4.26431
O -2.85247 -6.25051 4.92066
H -4.01378 -6.50012 1.89568
H -1.99344 -7.6416 2.0962
H -1.87034 -2.38148 1.33447
H -4.7565 -5.46785 4.31976
H -5.08148 -7.68778 5.18034
H -5.23154 -7.92638 3.38634
H -3.24606 -8.92692 5.31438
H -3.12333 -9.2041 3.51977
H -1.26268 -7.67526 4.70564
H -3.31219 -2.66532 0.26378
H -1.66333 -3.16018 -0.28065
H 2.5736 -5.96491 4.63215
H 3.64203 -4.61045 5.1545
H 4.0591 -6.32894 5.57724
H 1.91281 -7.34571 0.24878
H 1.5156 -5.8126 -0.57656
H 1.7999 -5.95184 2.46852
H 1.09333 -4.62343 1.47439
$end

$opt
CONSTRAINT
tors           1           2           3           4    -139.666
tors           3           4           5           6    -117.179
tors           4           5           6           7    -177.719
tors           5           6           7           8    -179.645
tors           6           7           8           9    -164.154
tors           7           8           9          10     +75.825
tors           8           9          10          11    +161.546
tors           9          10          11          12    +113.891
tors          11          12          13          14    +171.426
ENDCONSTRAINT
$end

$rem
JOBTYPE                   OPT
METHOD                    B3LYP
DFT_D                     d3_op
BASIS                     STO-3G
GEOM_OPT_MAX_CYCLES       100
GEOM_OPT_TOL_GRADIENT     300
GEOM_OPT_TOL_DISPLACEMENT 1200
GEOM_OPT_TOL_ENERGY       100
SYMMETRY                  False
THRESH                    12
SCF_CONVERGENCE           8
MAX_SUB_FILE_NUM          128
MEM_STATIC                400
MEM_TOTAL                 4000
$end
