$molecule
0  1
O -3.94934 -3.66094 2.70899
C -3.26408 -4.56952 2.26188
C -3.36658 -6.02376 2.66595
C -2.16837 -6.63141 3.41356
C -1.07618 -5.67144 3.8303
O -0.21322 -5.47088 2.79083
C 0.87038 -4.59508 3.11951
C 1.78655 -4.41679 1.91328
O 3.10801 -4.06257 2.35051
C 3.94775 -5.1042 2.57186
C 5.35841 -4.66617 2.88621
C 6.04723 -5.45753 4.00762
C 5.38719 -6.76562 4.39482
O 5.97427 -7.80541 4.65702
O -2.31915 -4.27944 1.3298
O 4.09929 -6.66102 4.82475
O 3.68173 -6.26153 2.26318
C 3.35361 -7.70183 5.33834
C 6.34629 -4.92016 1.7267
C 7.52625 -3.95761 1.84462
C 8.21519 -4.50837 3.07721
C 7.38385 -5.77708 3.31096
O 6.95372 -6.1531 2.02566
H 5.3454 -3.56978 3.08861
H 6.14585 -4.85606 4.93769
H 5.87771 -4.8359 0.72166
H 8.17602 -4.14463 0.95932
H 7.27468 -2.87606 1.88677
H 9.26726 -4.75242 2.81029
H 8.18836 -3.84802 3.97114
H 7.9856 -6.53114 3.86396
O -0.88645 -5.27814 4.97701
C -2.051 -3.01085 0.861
C -4.49315 -6.25997 3.6939
C -4.93177 -7.72391 3.66792
C -3.7509 -8.38061 4.34536
C -2.9006 -7.14987 4.67332
O -3.84899 -6.14651 4.93607
H -3.60433 -6.58302 1.73363
H -1.68957 -7.48848 2.88837
H -1.72335 -2.35661 1.69709
H -5.37771 -5.60428 3.53806
H -5.8206 -7.82481 4.33118
H -5.17898 -8.11409 2.65716
H -4.10575 -8.85262 5.28889
H -3.20365 -9.1286 3.73198
H -2.2027 -7.39206 5.50527
H -2.95463 -2.58171 0.37779
H -1.2353 -3.06579 0.11124
H 2.341 -7.32953 5.59694
H 3.8335 -8.10191 6.25687
H 3.25517 -8.50944 4.58189
H 1.79646 -5.35254 1.31022
H 1.37321 -3.6448 1.23056
H 1.46266 -5.1035 3.91501
H 0.53701 -3.60252 3.49809
$end

$opt
CONSTRAINT
tors           1           2           3           4    -113.409
tors           3           4           5           6     -84.057
tors           4           5           6           7    -178.591
tors           5           6           7           8    -179.856
tors           6           7           8           9    -154.988
tors           7           8           9          10     +90.444
tors           8           9          10          11    +173.908
tors           9          10          11          12    +138.813
tors          11          12          13          14    +139.493
ENDCONSTRAINT
$end

$rem
JOBTYPE                   OPT
METHOD                    B3LYP
DFT_D                     d3_op
BASIS                     STO-3G
GEOM_OPT_MAX_CYCLES       100
GEOM_OPT_TOL_GRADIENT     300
GEOM_OPT_TOL_DISPLACEMENT 1200
GEOM_OPT_TOL_ENERGY       100
SYMMETRY                  False
THRESH                    12
SCF_CONVERGENCE           8
MAX_SUB_FILE_NUM          128
MEM_STATIC                400
MEM_TOTAL                 4000
$end
