$molecule
0  1
O -3.94934 -3.66094 2.70899
C -3.26408 -4.56952 2.26188
C -3.36658 -6.02376 2.66595
C -2.26617 -6.57645 3.58654
C -1.28449 -5.56962 4.14392
O -0.62156 -4.95282 3.12142
C 0.35086 -4.00387 3.57211
C 1.04515 -3.35568 2.37883
O 2.34575 -2.8849 2.76575
C 3.39303 -3.57249 2.24655
C 4.7277 -2.94407 2.56968
C 5.93153 -3.89185 2.46589
C 5.68695 -5.19225 1.72707
O 6.26815 -5.55167 0.71337
O -2.36 -4.28084 1.28913
O 4.85594 -6.07618 2.34343
O 3.26529 -4.25524 1.23579
C 4.55528 -7.33178 1.85831
C 5.14962 -1.84386 1.57397
C 6.12021 -0.88509 2.26016
C 7.34006 -1.77383 2.40168
C 6.87139 -3.00878 1.62018
O 5.9909 -2.49218 0.65188
H 4.64275 -2.48989 3.58399
H 6.35311 -4.15503 3.46078
H 4.28993 -1.28443 1.14434
H 6.34775 -0.08209 1.52245
H 5.76161 -0.41998 3.20351
H 8.19679 -1.27488 1.89694
H 7.61284 -2.04344 3.44508
H 7.74877 -3.57184 1.23258
O -1.13226 -5.3135 5.33392
C -2.19644 -3.03002 0.73103
C -4.60053 -6.28873 3.56419
C -5.00661 -7.7593 3.4764
C -3.88113 -8.40794 4.25123
C -3.12042 -7.16456 4.72378
O -4.11858 -6.18862 4.88148
H -3.50431 -6.60829 1.72863
H -1.65702 -7.3542 3.07467
H -1.92486 -2.29173 1.51502
H -5.47511 -5.64863 3.31445
H -5.94819 -7.87254 4.06061
H -5.16565 -8.15163 2.449
H -4.31886 -8.95328 5.11683
H -3.22932 -9.08908 3.66231
H -2.52207 -7.40733 5.62931
H -3.13516 -2.71042 0.23028
H -1.38434 -3.07118 -0.02349
H 3.85404 -7.83282 2.55665
H 5.47941 -7.94329 1.77861
H 4.07074 -7.25039 0.86183
H 1.07613 -4.14187 1.59382
H 0.43627 -2.53357 1.95202
H 1.124 -4.57801 4.13344
H -0.07196 -3.21799 4.23764
$end

$opt
CONSTRAINT
tors           1           2           3           4    -104.762
tors           3           4           5           6     -60.490
tors           4           5           6           7    -178.652
tors           5           6           7           8    -179.856
tors           6           7           8           9    -154.988
tors           7           8           9          10    +109.912
tors           8           9          10          11    +173.908
tors           9          10          11          12    +159.048
tors          11          12          13          14    +119.169
ENDCONSTRAINT
$end

$rem
JOBTYPE                   OPT
METHOD                    B3LYP
DFT_D                     d3_op
BASIS                     STO-3G
GEOM_OPT_MAX_CYCLES       100
GEOM_OPT_TOL_GRADIENT     300
GEOM_OPT_TOL_DISPLACEMENT 1200
GEOM_OPT_TOL_ENERGY       100
SYMMETRY                  False
THRESH                    12
SCF_CONVERGENCE           8
MAX_SUB_FILE_NUM          128
MEM_STATIC                400
MEM_TOTAL                 4000
$end
