$molecule
0  1
O -3.94934 -3.66094 2.70899
C -3.26408 -4.56952 2.26188
C -3.36658 -6.02376 2.66595
C -2.42296 -6.51246 3.77708
C -1.60663 -5.45266 4.48314
O -0.67879 -4.93379 3.62564
C 0.15531 -3.94091 4.23203
C 1.16023 -3.40707 3.21651
O 2.36353 -2.99951 3.88647
C 3.257 -3.98927 4.13391
C 4.5065 -3.49514 4.82329
C 4.8886 -4.26146 6.09805
C 4.20008 -5.59665 6.29781
O 4.73264 -6.61251 6.72086
O -2.24509 -4.2631 1.41701
O 2.84015 -5.55403 6.34563
O 3.14294 -5.1355 3.71183
C 2.03308 -6.63393 6.64326
C 5.78785 -3.68572 3.98631
C 6.84201 -2.67436 4.43192
C 7.18692 -3.21452 5.80569
C 6.37848 -4.51899 5.79862
O 6.34097 -4.8959 4.4433
H 4.38211 -2.40563 5.02587
H 4.70185 -3.66077 7.01511
H 5.61424 -3.60812 2.89065
H 7.72063 -2.81645 3.7621
H 6.53596 -1.60641 4.40659
H 8.28087 -3.41434 5.83831
H 6.88891 -2.56738 6.65906
H 6.83484 -5.25408 6.49707
O -1.72732 -5.13397 5.66179
C -1.96059 -2.9888 0.97319
C -4.72951 -6.32656 3.33506
C -5.05506 -7.81462 3.21436
C -4.06294 -8.39785 4.19516
C -3.44748 -7.11296 4.75954
O -4.4955 -6.17929 4.71284
H -3.32043 -6.62469 1.73008
H -1.70683 -7.28493 3.41833
H -1.72744 -2.32674 1.83426
H -5.56803 -5.72753 2.91605
H -6.08145 -7.95856 3.62233
H -5.00932 -8.23189 2.18549
H -4.6278 -8.94127 4.98507
H -3.29159 -9.06442 3.75213
H -3.01242 -7.31269 5.76362
H -2.82489 -2.57891 0.40821
H -1.07832 -3.02605 0.3019
H 0.9706 -6.31777 6.61315
H 2.26035 -7.01444 7.6619
H 2.18691 -7.44164 5.89621
H 1.392 -4.18011 2.44836
H 0.70972 -2.56273 2.65425
H 0.72353 -4.45707 5.03532
H -0.41209 -3.09908 4.68917
$end

$opt
CONSTRAINT
tors           1           2           3           4     -94.067
tors           3           4           5           6     -68.466
tors           4           5           6           7    -178.711
tors           5           6           7           8    -179.856
tors           6           7           8           9    -150.105
tors           7           8           9          10     +83.957
tors           8           9          10          11    +179.270
tors           9          10          11          12    +128.103
tors          11          12          13          14    +139.493
ENDCONSTRAINT
$end

$rem
JOBTYPE                   OPT
METHOD                    B3LYP
DFT_D                     d3_op
BASIS                     STO-3G
GEOM_OPT_MAX_CYCLES       100
GEOM_OPT_TOL_GRADIENT     300
GEOM_OPT_TOL_DISPLACEMENT 1200
GEOM_OPT_TOL_ENERGY       100
SYMMETRY                  False
THRESH                    12
SCF_CONVERGENCE           8
MAX_SUB_FILE_NUM          128
MEM_STATIC                400
MEM_TOTAL                 4000
$end
