$molecule
0  1
O -3.94934 -3.66094 2.70899
C -3.26408 -4.56952 2.26188
C -3.36658 -6.02376 2.66595
C -2.38427 -6.52644 3.73657
C -1.52803 -5.47805 4.41171
O -0.6299 -4.96697 3.51863
C 0.2393 -3.98538 4.09327
C 1.20819 -3.45971 3.03921
O 2.44221 -3.06774 3.66085
C 3.32054 -4.07331 3.89858
C 4.6141 -3.59202 4.51153
C 4.99168 -4.26598 5.83874
C 4.23906 -5.53869 6.17114
O 4.6037 -6.38987 6.96931
O -2.25542 -4.26452 1.40419
O 2.88726 -5.52948 5.99453
O 3.17064 -5.22127 3.49014
C 2.04225 -6.55416 6.39302
C 5.85071 -3.91445 3.65333
C 6.98308 -2.95021 4.00161
C 7.35059 -3.43728 5.38861
C 6.44178 -4.66808 5.49754
O 6.3287 -5.12979 4.1727
H 4.5449 -2.48642 4.63792
H 4.91903 -3.5911 6.7195
H 5.64435 -3.89356 2.56075
H 7.8252 -3.17854 3.30934
H 6.73443 -1.86956 3.92931
H 8.42296 -3.73393 5.38218
H 7.15728 -2.71707 6.21298
H 6.86676 -5.39154 6.2278
O -1.59924 -5.15968 5.59445
C -1.97577 -2.99081 0.95557
C -4.70462 -6.31562 3.38825
C -5.04917 -7.80012 3.27645
C -4.02529 -8.39591 4.21611
C -3.37461 -7.11887 4.75818
O -4.41419 -6.17465 4.75588
H -3.36211 -6.62148 1.72695
H -1.69197 -7.30587 3.34736
H -1.73182 -2.32809 1.81319
H -5.55374 -5.70787 3.00474
H -6.0602 -7.93576 3.72373
H -5.04746 -8.2143 2.24532
H -4.56415 -8.93484 5.027
H -3.27937 -9.06985 3.7418
H -2.90162 -7.32577 5.74349
H -2.84656 -2.58096 0.40069
H -1.10161 -3.02922 0.27379
H 0.99402 -6.31253 6.13514
H 2.10012 -6.69662 7.49326
H 2.32137 -7.49803 5.87758
H 1.40312 -4.23153 2.25964
H 0.74341 -2.60772 2.50064
H 0.83013 -4.49584 4.87305
H -0.30164 -3.13729 4.57051
$end

$opt
CONSTRAINT
tors           1           2           3           4     -96.486
tors           3           4           5           6     -68.466
tors           4           5           6           7    -178.711
tors           5           6           7           8    -179.856
tors           6           7           8           9    -150.105
tors           7           8           9          10     +82.432
tors           8           9          10          11    +178.147
tors           9          10          11          12    +124.408
tors          11          12          13          14    +160.311
ENDCONSTRAINT
$end

$rem
JOBTYPE                   OPT
METHOD                    B3LYP
DFT_D                     d3_op
BASIS                     STO-3G
GEOM_OPT_MAX_CYCLES       100
GEOM_OPT_TOL_GRADIENT     300
GEOM_OPT_TOL_DISPLACEMENT 1200
GEOM_OPT_TOL_ENERGY       100
SYMMETRY                  False
THRESH                    12
SCF_CONVERGENCE           8
MAX_SUB_FILE_NUM          128
MEM_STATIC                400
MEM_TOTAL                 4000
$end
