$molecule
0  1
O -3.94934 -3.66094 2.70899
C -3.26408 -4.56952 2.26188
C -3.36658 -6.02376 2.66595
C -2.42296 -6.51246 3.77708
C -1.60663 -5.45266 4.48314
O -0.65027 -4.96464 3.63897
C 0.20763 -3.99992 4.25751
C 1.24212 -3.49759 3.2557
O 2.4493 -3.1299 3.94156
C 3.39841 -4.09615 4.01015
C 4.77426 -3.54935 4.30798
C 5.49683 -4.22078 5.48499
C 4.91577 -5.54062 5.95094
O 5.54841 -6.57265 6.12192
O -2.23592 -4.26217 1.42853
O 3.63932 -5.4909 6.41965
O 3.2058 -5.26931 3.70797
C 2.95773 -6.56634 6.94962
C 5.79792 -3.79138 3.17934
C 6.90231 -2.73947 3.26101
C 7.60722 -3.16942 4.53279
C 6.86597 -4.48063 4.82788
O 6.48799 -4.95788 3.55888
H 4.68206 -2.44877 4.4627
H 5.53465 -3.55567 6.37551
H 5.34241 -3.79845 2.16493
H 7.58051 -2.92556 2.39714
H 6.57106 -1.67899 3.23923
H 8.67856 -3.35125 4.29447
H 7.51791 -2.46341 5.38686
H 7.50901 -5.15618 5.43345
O -1.73585 -5.1259 5.6587
C -1.93575 -2.98561 1.00202
C -4.7304 -6.32575 3.33286
C -5.05553 -7.81404 3.21423
C -4.06625 -8.39495 4.19904
C -3.45033 -7.10884 4.76011
O -4.49806 -6.17508 4.71029
H -3.31828 -6.62426 1.72994
H -1.70978 -7.29022 3.42374
H -1.69896 -2.33737 1.87272
H -5.56819 -5.72751 2.91122
H -6.08314 -7.95796 3.61909
H -5.00597 -8.23263 2.18607
H -4.63355 -8.93385 4.99034
H -3.29555 -9.06509 3.76032
H -3.01699 -7.30661 5.76534
H -2.79255 -2.55934 0.43772
H -1.05035 -3.02406 0.33491
H 1.93894 -6.24087 7.24428
H 3.4856 -6.95024 7.84856
H 2.86952 -7.37313 6.19096
H 1.44299 -4.30643 2.51548
H 0.84385 -2.65693 2.64997
H 0.75608 -4.53866 5.0647
H -0.33732 -3.1402 4.70828
$end

$opt
CONSTRAINT
tors           1           2           3           4     -94.067
tors           3           4           5           6     -70.432
tors           4           5           6           7    -177.144
tors           5           6           7           8    -179.754
tors           6           7           8           9    -150.105
tors           7           8           9          10     +94.073
tors           8           9          10          11    +160.765
tors           9          10          11          12    +128.103
tors          11          12          13          14    +129.560
ENDCONSTRAINT
$end

$rem
JOBTYPE                   OPT
METHOD                    B3LYP
DFT_D                     d3_op
BASIS                     STO-3G
GEOM_OPT_MAX_CYCLES       100
GEOM_OPT_TOL_GRADIENT     300
GEOM_OPT_TOL_DISPLACEMENT 1200
GEOM_OPT_TOL_ENERGY       100
SYMMETRY                  False
THRESH                    12
SCF_CONVERGENCE           8
MAX_SUB_FILE_NUM          128
MEM_STATIC                400
MEM_TOTAL                 4000
$end
