$molecule
0  1
O -3.94934 -3.66094 2.70899
C -3.26408 -4.56952 2.26188
C -3.36658 -6.02376 2.66595
C -2.54209 -6.47469 3.8828
C -1.8461 -5.38461 4.66729
O -0.95613 -4.73066 3.86372
C -0.25086 -3.68409 4.5394
C 0.72029 -3.00137 3.58186
O 1.94209 -2.6847 4.26729
C 2.89158 -3.65272 4.24388
C 4.17437 -3.23517 4.92267
C 4.41089 -3.86482 6.3032
C 3.54357 -5.06069 6.6414
O 3.9185 -6.06436 7.23015
O -2.28636 -4.27206 1.36635
O 2.20674 -4.81962 6.6964
O 2.69723 -4.79701 3.84786
C 1.29456 -5.69834 7.25968
C 5.45041 -3.66099 4.17663
C 6.60227 -2.73658 4.56542
C 6.83551 -3.16445 6.00103
C 5.86268 -4.34707 6.09898
O 5.82603 -4.86944 4.79149
H 4.15734 -2.12365 5.01075
H 4.29486 -3.13237 7.13224
H 5.32602 -3.68764 3.07199
H 7.48111 -3.04493 3.95458
H 6.42006 -1.65021 4.41888
H 7.89033 -3.50513 6.09694
H 6.61073 -2.39339 6.76957
H 6.19712 -5.04794 6.8948
O -2.07821 -5.0974 5.837
C -2.03909 -3.00571 0.87959
C -4.78564 -6.37476 3.17146
C -5.04037 -7.87375 3.01995
C -4.14483 -8.42195 4.10943
C -3.64794 -7.11671 4.74077
O -4.71789 -6.22211 4.568
H -3.18187 -6.63012 1.75045
H -1.75452 -7.20731 3.59832
H -1.78299 -2.31781 1.71275
H -5.58887 -5.80319 2.65607
H -6.10055 -8.05439 3.30976
H -4.864 -8.2895 2.00465
H -4.77483 -8.99149 4.82843
H -3.30136 -9.05491 3.75794
H -3.32506 -7.30111 5.78898
H -2.93177 -2.62293 0.34027
H -1.18454 -3.04753 0.17366
H 0.27869 -5.25839 7.24476
H 1.55468 -5.89205 8.3225
H 1.28585 -6.65497 6.69475
H 0.93149 -3.6709 2.71541
H 0.26044 -2.09688 3.13231
H 0.34502 -4.17219 5.31792
H -0.91277 -2.93052 5.02242
$end

$opt
CONSTRAINT
tors           1           2           3           4     -87.204
tors           3           4           5           6     -61.002
tors           4           5           6           7    -179.741
tors           5           6           7           8    -179.959
tors           6           7           8           9    -141.231
tors           7           8           9          10     +89.366
tors           8           9          10          11    +177.225
tors           9          10          11          12    +105.327
tors          11          12          13          14    +140.280
ENDCONSTRAINT
$end

$rem
JOBTYPE                   OPT
METHOD                    B3LYP
DFT_D                     d3_op
BASIS                     STO-3G
GEOM_OPT_MAX_CYCLES       100
GEOM_OPT_TOL_GRADIENT     300
GEOM_OPT_TOL_DISPLACEMENT 1200
GEOM_OPT_TOL_ENERGY       100
SYMMETRY                  False
THRESH                    12
SCF_CONVERGENCE           8
MAX_SUB_FILE_NUM          128
MEM_STATIC                400
MEM_TOTAL                 4000
$end
