$molecule
0  1
O -3.94934 -3.66094 2.70899
C -3.26408 -4.56952 2.26188
C -3.36658 -6.02376 2.66595
C -2.55282 -6.47162 3.89113
C -1.86751 -5.37912 4.68163
O -1.02749 -4.67438 3.86731
C -0.3176 -3.63727 4.55266
C 0.5944 -2.89443 3.5818
O 1.8245 -2.54509 4.23578
C 2.84295 -3.42528 4.07092
C 4.16776 -2.89059 4.56045
C 4.91585 -3.80987 5.53695
C 4.42677 -5.24281 5.60181
O 5.13076 -6.23726 5.50161
O -2.32252 -4.27984 1.32578
O 3.1431 -5.40963 6.02139
O 2.74525 -4.48687 3.46411
C 2.53362 -6.63221 6.21059
C 5.22831 -2.74463 3.44938
C 6.24891 -1.68412 3.85751
C 6.95929 -2.3984 4.99077
C 6.31313 -3.78683 4.88815
O 5.99662 -3.92154 3.52339
H 3.99049 -1.88326 5.00493
H 4.88688 -3.41438 6.57597
H 4.79431 -2.50342 2.45439
H 6.95573 -1.58036 3.00282
H 5.83965 -0.68292 4.1123
H 8.04572 -2.43552 4.75428
H 6.80045 -1.96166 6.00066
H 6.99326 -4.55807 5.31148
O -2.08561 -5.11645 5.85981
C -2.09945 -3.01898 0.8137
C -4.78861 -6.38504 3.15363
C -5.03102 -7.88542 2.99627
C -4.14345 -8.43031 4.09444
C -3.66267 -7.12359 4.73533
O -4.73701 -6.23572 4.55177
H -3.16009 -6.62995 1.7548
H -1.7555 -7.19348 3.60637
H -1.81767 -2.31854 1.62759
H -5.58925 -5.81695 2.63052
H -6.09303 -8.07383 3.27419
H -4.8409 -8.29773 1.98205
H -4.77722 -9.00674 4.80457
H -3.29146 -9.05595 3.75045
H -3.35031 -7.30819 5.78658
H -3.01283 -2.64764 0.30185
H -1.27048 -3.06617 0.07822
H 1.48931 -6.4689 6.54761
H 3.07421 -7.21452 6.98698
H 2.51602 -7.20114 5.25654
H 0.78372 -3.54168 2.69499
H 0.09069 -2.00008 3.16009
H 0.33044 -4.14891 5.3017
H -0.97553 -2.91722 5.08928
$end

$opt
CONSTRAINT
tors           1           2           3           4     -86.621
tors           3           4           5           6     -57.578
tors           4           5           6           7    -178.711
tors           5           6           7           8    -179.856
tors           6           7           8           9    -142.639
tors           7           8           9          10     +94.312
tors           8           9          10          11    +169.478
tors           9          10          11          12    +127.884
tors          11          12          13          14    +129.111
ENDCONSTRAINT
$end

$rem
JOBTYPE                   OPT
METHOD                    B3LYP
DFT_D                     d3_op
BASIS                     STO-3G
GEOM_OPT_MAX_CYCLES       100
GEOM_OPT_TOL_GRADIENT     300
GEOM_OPT_TOL_DISPLACEMENT 1200
GEOM_OPT_TOL_ENERGY       100
SYMMETRY                  False
THRESH                    12
SCF_CONVERGENCE           8
MAX_SUB_FILE_NUM          128
MEM_STATIC                400
MEM_TOTAL                 4000
$end
