$molecule
0  1
O -3.94934 -3.66094 2.70899
C -3.26408 -4.56952 2.26188
C -3.36658 -6.02376 2.66595
C -2.68585 -6.43726 3.98105
C -2.13111 -5.31814 4.83423
O -1.12907 -4.67648 4.1637
C -0.53178 -3.61888 4.92131
C 0.54817 -2.92644 4.09646
O 1.62171 -2.5038 4.95189
C 2.55814 -3.4469 5.2217
C 3.68115 -2.92978 6.08893
C 3.84785 -3.65459 7.43249
C 3.13036 -4.98337 7.55994
O 3.57453 -5.97845 8.1141
O -2.42804 -4.30161 1.22433
O 1.78079 -4.94682 7.38673
O 2.53299 -4.59062 4.77893
C 0.94062 -6.02016 7.61911
C 5.0812 -3.12506 5.47772
C 6.04419 -2.09812 6.06991
C 6.16531 -2.61193 7.49108
C 5.36661 -3.91767 7.38125
O 5.55167 -4.32324 6.04574
H 3.51242 -1.8395 6.2518
H 3.52293 -3.0271 8.29132
H 5.08827 -3.07101 4.36707
H 7.02086 -2.24275 5.55427
H 5.73784 -1.03409 5.97586
H 7.23957 -2.8124 7.69983
H 5.73973 -1.9478 8.27441
H 5.70328 -4.63612 8.16029
O -2.52882 -5.02103 5.95586
C -2.22134 -3.04394 0.69768
C -4.81753 -6.45429 2.94411
C -4.95476 -7.96779 2.78531
C -4.22464 -8.44841 4.02178
C -3.88371 -7.10918 4.68415
O -4.96328 -6.27705 4.33234
H -2.95497 -6.61886 1.81868
H -1.85157 -7.15607 3.81921
H -1.81167 -2.36663 1.47754
H -5.55838 -5.93097 2.30038
H -6.03455 -8.21806 2.89251
H -4.57698 -8.37302 1.82198
H -4.94353 -9.01473 4.65507
H -3.32026 -9.06581 3.83121
H -3.71346 -7.25965 5.77283
H -3.17475 -2.63147 0.30378
H -1.49109 -3.11353 -0.13436
H -0.10891 -5.72384 7.4237
H 1.01625 -6.34501 8.67883
H 1.20602 -6.86414 6.94713
H 0.93935 -3.61146 3.30896
H 0.10964 -2.07019 3.54189
H -0.04644 -4.09477 5.79384
H -1.26202 -2.86732 5.29775
$end

$opt
CONSTRAINT
tors           1           2           3           4     -79.737
tors           3           4           5           6     -63.707
tors           4           5           6           7    -178.711
tors           5           6           7           8    -178.438
tors           6           7           8           9    -145.466
tors           7           8           9          10     +84.530
tors           8           9          10          11    +178.190
tors           9          10          11          12    +119.639
tors          11          12          13          14    +140.699
ENDCONSTRAINT
$end

$rem
JOBTYPE                   OPT
METHOD                    B3LYP
DFT_D                     d3_op
BASIS                     STO-3G
GEOM_OPT_MAX_CYCLES       100
GEOM_OPT_TOL_GRADIENT     300
GEOM_OPT_TOL_DISPLACEMENT 1200
GEOM_OPT_TOL_ENERGY       100
SYMMETRY                  False
THRESH                    12
SCF_CONVERGENCE           8
MAX_SUB_FILE_NUM          128
MEM_STATIC                400
MEM_TOTAL                 4000
$end
