$molecule
0  1
O -3.94934 -3.66094 2.70899
C -3.26408 -4.56952 2.26188
C -3.36658 -6.02376 2.66595
C -2.69439 -6.43526 3.98605
C -2.14791 -5.31463 4.84258
O -1.14241 -4.67133 4.17885
C -0.54815 -3.61651 4.94269
C 0.55718 -2.9422 4.13665
O 1.61773 -2.52745 5.01191
C 2.5367 -3.4802 5.30672
C 3.64762 -2.97152 6.19427
C 3.79775 -3.71116 7.53169
C 3.08042 -5.04214 7.63486
O 3.46091 -6.00371 8.28691
O -2.4285 -4.30161 1.22395
O 1.74432 -5.01833 7.3714
O 2.52268 -4.61716 4.84579
C 0.89366 -6.08963 7.58118
C 5.05215 -3.16204 5.59319
C 6.01462 -2.14991 6.2112
C 6.12416 -2.69118 7.62265
C 5.3151 -3.98749 7.48402
O 5.50911 -4.37254 6.14396
H 3.47747 -1.88297 6.36625
H 3.48148 -3.09725 8.40336
H 5.06946 -3.08876 4.48371
H 6.99473 -2.2868 5.70006
H 5.71041 -1.08382 6.13521
H 7.19536 -2.90714 7.83191
H 5.70258 -2.03749 8.41681
H 5.64087 -4.722 8.25277
O -2.55509 -5.01686 5.96063
C -2.22194 -3.04393 0.69728
C -4.81848 -6.45743 2.93322
C -4.95097 -7.97135 2.77436
C -4.22937 -8.44951 4.0168
C -3.89615 -7.1091 4.68069
O -4.97493 -6.27959 4.32022
H -2.94631 -6.61831 1.82253
H -1.85769 -7.15274 3.83081
H -1.8117 -2.36675 1.47698
H -5.55554 -5.93607 2.28358
H -6.03095 -8.22419 2.87324
H -4.56462 -8.37614 1.81425
H -4.95201 -9.01658 4.64512
H -3.32246 -9.06544 3.83369
H -3.73372 -7.25844 5.77073
H -3.17553 -2.6313 0.30395
H -1.49221 -3.11355 -0.13521
H -0.14188 -5.81032 7.30625
H 0.89741 -6.37986 8.65356
H 1.20836 -6.95325 6.95712
H 0.95521 -3.63533 3.3599
H 0.14006 -2.08352 3.56947
H -0.08356 -4.09025 5.82679
H -1.27791 -2.85644 5.30234
$end

$opt
CONSTRAINT
tors           1           2           3           4     -79.314
tors           3           4           5           6     -63.707
tors           4           5           6           7    -178.419
tors           5           6           7           8    -179.696
tors           6           7           8           9    -145.466
tors           7           8           9          10     +84.530
tors           8           9          10          11    +178.190
tors           9          10          11          12    +120.965
tors          11          12          13          14    +147.874
ENDCONSTRAINT
$end

$rem
JOBTYPE                   OPT
METHOD                    B3LYP
DFT_D                     d3_op
BASIS                     STO-3G
GEOM_OPT_MAX_CYCLES       100
GEOM_OPT_TOL_GRADIENT     300
GEOM_OPT_TOL_DISPLACEMENT 1200
GEOM_OPT_TOL_ENERGY       100
SYMMETRY                  False
THRESH                    12
SCF_CONVERGENCE           8
MAX_SUB_FILE_NUM          128
MEM_STATIC                400
MEM_TOTAL                 4000
$end
