$molecule
0  1
O -3.94934 -3.66094 2.70899
C -3.26408 -4.56952 2.26188
C -3.36658 -6.02376 2.66595
C -2.79805 -6.41284 4.04045
C -2.35119 -5.27547 4.93196
O -1.33404 -4.58845 4.33292
C -0.75877 -3.58511 5.1765
C 0.35604 -2.85264 4.43703
O 1.36567 -2.43092 5.36745
C 2.35449 -3.32899 5.60164
C 3.40647 -2.81101 6.55332
C 3.6128 -3.66139 7.81529
C 3.02007 -5.05562 7.77679
O 3.51652 -6.05112 8.28383
O -2.41751 -4.29823 1.23373
O 1.68381 -5.12119 7.522
O 2.44369 -4.41922 5.04618
C 0.93326 -6.27976 7.58783
C 4.82952 -2.81593 5.96388
C 5.68657 -1.78119 6.69012
C 5.82801 -2.43683 8.04947
C 5.14972 -3.78591 7.77635
O 5.39402 -4.02434 6.41068
H 3.13811 -1.76299 6.82392
H 3.22111 -3.16513 8.73021
H 4.85201 -2.63882 4.86629
H 6.6812 -1.78239 6.1887
H 5.28793 -0.74401 6.70402
H 6.912 -2.56665 8.26378
H 5.33226 -1.90253 8.88884
H 5.53512 -4.55458 8.48142
O -2.83664 -5.00073 6.02423
C -2.20741 -3.03914 0.71176
C -4.8243 -6.492 2.81211
C -4.90547 -8.00923 2.65064
C -4.27793 -8.46568 3.95134
C -4.03575 -7.11566 4.63514
O -5.10086 -6.31463 4.18069
H -2.85789 -6.61237 1.86817
H -1.93088 -7.10555 3.95576
H -1.80665 -2.36277 1.49712
H -5.51631 -5.99017 2.10053
H -5.98344 -8.28837 2.66091
H -4.43104 -8.40747 1.72801
H -5.03548 -9.05052 4.51934
H -3.34299 -9.05767 3.84715
H -3.96187 -7.25776 5.73562
H -3.15748 -2.62737 0.30912
H -1.46881 -3.10591 -0.11312
H -0.12353 -6.05337 7.34213
H 0.97045 -6.70433 8.61373
H 1.3178 -7.02423 6.85836
H 0.79536 -3.52011 3.66061
H -0.056 -1.9932 3.86738
H -0.30299 -4.11926 6.03531
H -1.49779 -2.85223 5.57169
$end

$opt
CONSTRAINT
tors           1           2           3           4     -74.319
tors           3           4           5           6     -61.981
tors           4           5           6           7    -173.651
tors           5           6           7           8    -179.395
tors           6           7           8           9    -148.511
tors           7           8           9          10     +88.966
tors           8           9          10          11    +178.190
tors           9          10          11          12    +121.983
tors          11          12          13          14    +144.041
ENDCONSTRAINT
$end

$rem
JOBTYPE                   OPT
METHOD                    B3LYP
DFT_D                     d3_op
BASIS                     STO-3G
GEOM_OPT_MAX_CYCLES       100
GEOM_OPT_TOL_GRADIENT     300
GEOM_OPT_TOL_DISPLACEMENT 1200
GEOM_OPT_TOL_ENERGY       100
SYMMETRY                  False
THRESH                    12
SCF_CONVERGENCE           8
MAX_SUB_FILE_NUM          128
MEM_STATIC                400
MEM_TOTAL                 4000
$end
