$molecule
0  1
O -3.94934 -3.66094 2.70899
C -3.26408 -4.56952 2.26188
C -3.36658 -6.02376 2.66595
C -2.71309 -6.43098 3.99673
C -2.18471 -5.30711 4.86034
O -1.38616 -4.48618 4.11615
C -0.84573 -3.394 4.86737
C 0.02142 -2.517 3.97012
O 1.14486 -2.01725 4.71243
C 2.2898 -2.73371 4.59021
C 3.44772 -2.1258 5.34541
C 4.13853 -3.06968 6.34047
C 3.82092 -4.54313 6.18308
O 4.61181 -5.4604 6.34941
O -2.44552 -4.30589 1.20905
O 2.49879 -4.86387 6.24415
O 2.42515 -3.70335 3.85085
C 1.99921 -6.15025 6.24497
C 4.63669 -1.74011 4.44375
C 5.45662 -0.64435 5.12173
C 6.07334 -1.42243 6.26709
C 5.60431 -2.84155 5.91933
O 5.51056 -2.84003 4.51502
H 3.08075 -1.20493 5.85618
H 3.92111 -2.80049 7.39734
H 4.33035 -1.42126 3.42339
H 6.2633 -0.36245 4.40721
H 4.89772 0.26954 5.41716
H 7.17993 -1.333 6.19461
H 5.72991 -1.12635 7.28208
H 6.29816 -3.59022 6.3604
O -2.54092 -5.07957 6.01163
C -2.26965 -3.05572 0.65399
C -4.81848 -6.46976 2.91761
C -4.93764 -7.98329 2.74598
C -4.21572 -8.46679 3.98694
C -3.90849 -7.13027 4.67149
O -4.99156 -6.30813 4.3058
H -2.93291 -6.61884 1.82947
H -1.85206 -7.11595 3.82997
H -1.86797 -2.35269 1.4139
H -5.55403 -5.94903 2.26585
H -6.01656 -8.24223 2.84127
H -4.54856 -8.3809 1.784
H -4.93112 -9.0588 4.60022
H -3.29448 -9.06017 3.80056
H -3.75549 -7.28832 5.76144
H -3.23526 -2.67178 0.26103
H -1.5462 -3.12811 -0.1837
H 0.89167 -6.11099 6.29419
H 2.37631 -6.70897 7.12789
H 2.2965 -6.67447 5.31171
H 0.34937 -3.12242 3.09529
H -0.56893 -1.69257 3.51848
H -0.18416 -3.84641 5.64107
H -1.61435 -2.77297 5.38003
$end

$opt
CONSTRAINT
tors           1           2           3           4     -78.394
tors           3           4           5           6     -50.651
tors           4           5           6           7    -179.982
tors           5           6           7           8    -179.472
tors           6           7           8           9    -144.060
tors           7           8           9          10     +95.593
tors           8           9          10          11    +177.533
tors           9          10          11          12    +125.239
tors          11          12          13          14    +143.255
ENDCONSTRAINT
$end

$rem
JOBTYPE                   OPT
METHOD                    B3LYP
DFT_D                     d3_op
BASIS                     STO-3G
GEOM_OPT_MAX_CYCLES       100
GEOM_OPT_TOL_GRADIENT     300
GEOM_OPT_TOL_DISPLACEMENT 1200
GEOM_OPT_TOL_ENERGY       100
SYMMETRY                  False
THRESH                    12
SCF_CONVERGENCE           8
MAX_SUB_FILE_NUM          128
MEM_STATIC                400
MEM_TOTAL                 4000
$end
