$molecule
0  1
O -3.94934 -3.66094 2.70899
C -3.26408 -4.56952 2.26188
C -3.36658 -6.02376 2.66595
C -2.1637 -6.92746 2.34928
C -0.92277 -6.23941 1.8251
O -0.63306 -5.15209 2.59919
C 0.68431 -5.19345 3.15783
C 1.11262 -3.79744 3.59809
O 1.86186 -3.87822 4.82079
C 1.55493 -4.9265 5.62456
C 0.38395 -4.64595 6.53601
C -0.5631 -5.83433 6.75764
C -0.02839 -7.19117 6.3456
O -0.70699 -8.18527 6.13151
O -2.61645 -4.31392 1.09144
O 1.24863 -7.48789 6.70238
O 2.48884 -5.62983 5.9697
C 1.85731 -8.7204 6.56239
C 0.81803 -4.32064 7.97756
C -0.28965 -3.54629 8.69122
C -1.31304 -4.64383 8.88827
C -0.54859 -5.84111 8.30881
O 0.79238 -5.56192 8.6299
H -0.16984 -3.7709 6.12765
H -1.61195 -5.64909 6.48669
H 1.77648 -3.7586 8.02598
H 0.10077 -3.24084 9.68835
H -0.65456 -2.64828 8.14768
H -1.46492 -4.78704 9.98148
H -2.29292 -4.47905 8.39054
H -0.9575 -6.78758 8.72918
O -0.28728 -6.57125 0.83477
C -2.50909 -3.06947 0.50526
C -3.45856 -6.23637 4.17495
C -4.14247 -7.5664 4.48775
C -3.0795 -8.54716 4.03499
C -1.93935 -7.57744 3.68545
O -2.13669 -6.49427 4.54051
H -4.31343 -6.39269 2.21125
H -2.41482 -7.70541 1.59368
H -1.98286 -2.37051 1.1901
H -3.9637 -5.40547 4.714
H -4.22833 -7.62627 5.59677
H -5.14698 -7.71186 4.0357
H -2.81302 -9.1975 4.8964
H -3.36011 -9.17847 3.16414
H -0.95034 -8.0835 3.71101
H -3.51687 -2.67108 0.26079
H -1.92351 -3.15928 -0.43249
H 2.90198 -8.65282 6.92896
H 1.87145 -9.01795 5.49206
H 1.31924 -9.48647 7.16046
H 1.62688 -3.21635 2.8038
H 0.1918 -3.23096 3.85801
H 1.45435 -5.53673 2.42992
H 0.61033 -6.02449 3.88218
$end

$opt
CONSTRAINT
tors           1           2           3           4    -161.053
tors           3           4           5           6     +47.368
tors           4           5           6           7    +123.158
tors           5           6           7           8    +161.053
tors           6           7           8           9    +142.105
tors           7           8           9          10     -28.421
tors           8           9          10          11     -85.263
tors           9          10          11          12    +142.105
tors          11          12          13          14    -161.053
ENDCONSTRAINT
$end

$rem
JOBTYPE                   OPT
METHOD                    B3LYP
DFT_D                     d3_op
BASIS                     STO-3G
GEOM_OPT_MAX_CYCLES       100
GEOM_OPT_TOL_GRADIENT     300
GEOM_OPT_TOL_DISPLACEMENT 1200
GEOM_OPT_TOL_ENERGY       100
SYMMETRY                  False
THRESH                    12
SCF_CONVERGENCE           8
MAX_SUB_FILE_NUM          128
MEM_STATIC                400
MEM_TOTAL                 4000
$end
