$molecule
0  1
O -3.94934 -3.66094 2.70899
C -3.26408 -4.56952 2.26188
C -3.36658 -6.02376 2.66595
C -2.09215 -6.69516 3.20345
C -0.90361 -5.79095 3.44399
O -0.75776 -5.56254 4.78264
C -1.99247 -5.63251 5.50365
C -3.06771 -4.82469 4.78433
O -3.37581 -5.43536 3.52138
C -3.61736 -4.5751 2.50122
C -3.0594 -5.05483 1.18243
C -4.09029 -5.1822 0.05135
C -5.41768 -4.48963 0.28603
O -5.78156 -3.9941 1.34272
O -1.71042 -3.70562 2.35282
O -6.28217 -4.47854 -0.763
O -5.42888 -4.7051 2.92807
C -7.49416 -3.82193 -0.76236
C -1.90913 -4.42182 0.04597
C -1.25985 -5.39151 -0.98493
C -2.42549 -5.60609 -1.87733
C -3.43202 -4.62258 -1.25057
O -2.64499 -3.57764 -0.7797
H -2.34457 -6.00483 0.85588
H -4.39056 -6.23827 -0.13475
H -0.93054 -4.04592 0.39749
H -0.46261 -4.84043 -1.54468
H -0.77843 -6.30669 -0.56255
H -2.11652 -5.26606 -2.89192
H -2.78212 -6.65616 -1.92342
H -4.16601 -4.34822 -2.03522
O 0.05349 -5.72143 2.68591
C -1.7176 -2.33306 1.97961
C -4.59981 -7.19069 3.61174
C -4.79502 -8.62019 3.23332
C -3.41605 -9.14 3.60372
C -2.7074 -7.90092 4.17983
O -3.8694 -7.37905 4.80543
H -3.79214 -6.89344 1.91587
H -1.66433 -7.33862 2.3999
H -1.53469 -1.65086 2.82364
H -5.59765 -6.74355 3.82186
H -5.56309 -9.00581 3.96593
H -5.16906 -8.72656 2.20391
H -3.60097 -9.78386 4.5103
H -2.90815 -9.77306 2.86703
H -1.91651 -8.29208 4.85717
H -2.70093 -2.05576 1.52087
H -0.9973 -2.10355 1.16482
H -7.98343 -3.96134 -1.74795
H -7.33525 -2.73422 -0.59603
H -8.15278 -4.23174 0.03182
H -3.97965 -4.79284 5.41963
H -2.68782 -3.77636 4.69946
H -1.81324 -5.01919 6.41304
H -2.14403 -6.56611 6.06741
$end

$opt
CONSTRAINT
tors           1           2           3           4    -123.158
tors           3           4           5           6    +104.211
tors           4           5           6           7     -28.421
tors           5           6           7           8     -47.368
tors           6           7           8           9     +66.316
tors           7           8           9          10    -142.105
tors           8           9          10          11    +142.105
tors           9          10          11          12    +123.158
tors          11          12          13          14      -9.474
ENDCONSTRAINT
$end

$rem
JOBTYPE                   OPT
METHOD                    B3LYP
DFT_D                     d3_op
BASIS                     STO-3G
GEOM_OPT_MAX_CYCLES       100
GEOM_OPT_TOL_GRADIENT     300
GEOM_OPT_TOL_DISPLACEMENT 1200
GEOM_OPT_TOL_ENERGY       100
SYMMETRY                  False
THRESH                    12
SCF_CONVERGENCE           8
MAX_SUB_FILE_NUM          128
MEM_STATIC                400
MEM_TOTAL                 4000
$end
