$molecule
0  1
O -3.94934 -3.66094 2.70899
C -3.26408 -4.56952 2.26188
C -3.36658 -6.02376 2.66595
C -2.27333 -6.57303 3.59705
C -1.29943 -5.56331 4.16282
O -0.53823 -5.03897 3.15731
C 0.08861 -3.80185 3.51206
C 1.57008 -4.02597 3.79693
O 1.74963 -4.43439 5.16215
C 2.22873 -3.48004 5.9981
C 1.50784 -2.16032 5.85912
C 0.91599 -1.88935 4.46823
C 0.8142 -3.08931 3.54821
O 1.70834 -3.50725 2.82682
O -2.5621 -4.34021 1.12267
O 0.08062 -2.14934 2.28652
O 2.80803 -3.78505 7.02815
C 0.58852 -1.88287 1.01994
C 0.31415 -1.90477 6.79326
C 0.19439 -0.40394 7.04536
C -0.2313 0.07679 5.6704
C -0.43672 -1.27009 4.95798
O -0.81602 -2.14224 5.99884
H 2.29664 -1.40615 6.08624
H 1.51957 -1.12062 3.92923
H 0.36979 -2.46557 7.75119
H -0.65524 -0.26812 7.75287
H 1.09527 0.09642 7.4613
H -1.18947 0.63175 5.77848
H 0.51435 0.70104 5.1323
H -1.17609 -1.13693 4.13935
O -1.17539 -5.29375 5.35446
C -2.67435 -3.18592 0.37544
C -4.61097 -6.28712 3.54891
C -5.01261 -7.75923 3.46577
C -3.89693 -8.39922 4.26095
C -3.1427 -7.15076 4.7302
O -4.1442 -6.17563 4.87013
H -3.495 -6.61455 1.73079
H -1.6623 -7.36293 3.10623
H -2.3832 -2.3015 0.98026
H -5.48377 -5.65064 3.28398
H -5.96243 -7.87182 4.03655
H -5.15482 -8.15803 2.43838
H -4.34526 -8.93409 5.1277
H -3.23878 -9.08787 3.68808
H -2.55541 -7.38662 5.64482
H -3.72187 -3.06229 0.02568
H -2.02302 -3.26521 -0.5179
H -0.08037 -2.29814 0.24725
H 1.59966 -2.30548 0.85892
H 0.65296 -0.78464 0.88232
H 1.75738 -5.28018 3.59955
H 1.75405 -5.28094 3.59717
H -1.09162 -3.37635 4.05903
H -0.39076 -4.14568 2.30161
$end

$opt
CONSTRAINT
tors           1           2           3           4    -104.211
tors           3           4           5           6     -66.316
tors           4           5           6           7    +161.053
tors           5           6           7           8    +104.211
tors           6           7           8           9     -85.263
tors           7           8           9          10    -104.211
tors           8           9          10          11     +47.368
tors           9          10          11          12     -28.421
tors          11          12          13          14     -85.263
ENDCONSTRAINT
$end

$rem
JOBTYPE                   OPT
METHOD                    B3LYP
DFT_D                     d3_op
BASIS                     STO-3G
GEOM_OPT_MAX_CYCLES       100
GEOM_OPT_TOL_GRADIENT     300
GEOM_OPT_TOL_DISPLACEMENT 1200
GEOM_OPT_TOL_ENERGY       100
SYMMETRY                  False
THRESH                    12
SCF_CONVERGENCE           8
MAX_SUB_FILE_NUM          128
MEM_STATIC                400
MEM_TOTAL                 4000
$end
