$molecule
0  1
O -3.94934 -3.66094 2.70899
C -3.26408 -4.56952 2.26188
C -3.36658 -6.02376 2.66595
C -2.57813 -6.46456 3.91009
C -1.91791 -5.36653 4.71416
O -0.93872 -5.89572 5.50572
C 0.31662 -6.0343 4.8318
C 0.09133 -6.23353 3.33658
O -1.13187 -5.59576 2.9367
C -1.65243 -6.01978 1.75841
C -2.51689 -7.24929 1.9056
C -3.4797 -7.50728 0.73739
C -3.19706 -6.73401 -0.53495
O -3.28637 -5.52139 -0.66207
O -2.64882 -4.01899 1.12597
O -2.83922 -7.40179 -1.67598
O -0.97686 -5.8567 0.74241
C -2.54069 -6.8077 -2.88556
C -1.48126 -8.47675 1.47832
C -1.80912 -9.86912 2.08063
C -3.14428 -10.11604 1.37421
C -3.09267 -8.98594 0.31946
O -1.72676 -8.79962 0.14092
H -3.01434 -8.09091 2.55257
H -4.56944 -7.45103 0.92353
H -0.40347 -8.28278 1.59626
H -1.04537 -10.57895 1.68531
H -1.83282 -9.94994 3.18828
H -3.10741 -11.13159 0.92275
H -4.05708 -10.01495 1.99549
H -3.65113 -9.32463 -0.58242
O -2.4552 -4.30714 5.01303
C -2.59131 -2.68797 0.74583
C -4.82958 -6.17879 3.3713
C -5.35445 -7.61542 3.51019
C -4.47124 -8.11984 4.61525
C -3.72021 -6.82711 4.92931
O -4.65372 -5.82961 4.70593
H -4.01026 -5.63529 1.77285
H -1.98287 -7.41485 4.11275
H -2.08012 -2.09156 1.53112
H -5.6614 -5.57569 2.91675
H -6.38364 -7.51918 3.92877
H -5.45754 -8.27877 2.63608
H -5.1168 -8.42354 5.47003
H -3.78659 -8.95898 4.37785
H -3.36574 -6.89717 5.98646
H -3.61393 -2.29043 0.57253
H -2.01457 -2.60542 -0.1978
H -2.2844 -7.59501 -3.62364
H -1.66954 -6.12762 -2.77131
H -3.4175 -6.23743 -3.25959
H 0.96618 -5.95149 2.71184
H -0.00648 -7.32428 3.30816
H 0.97988 -6.79365 5.29907
H 0.82144 -5.0497 4.94026
$end

$opt
CONSTRAINT
tors           1           2           3           4     -85.263
tors           3           4           5           6    -161.053
tors           4           5           6           7     +85.263
tors           5           6           7           8     -28.421
tors           6           7           8           9     +28.421
tors           7           8           9          10    -161.053
tors           8           9          10          11     +85.263
tors           9          10          11          12    +161.053
tors          11          12          13          14     -66.316
ENDCONSTRAINT
$end

$rem
JOBTYPE                   OPT
METHOD                    B3LYP
DFT_D                     d3_op
BASIS                     STO-3G
GEOM_OPT_MAX_CYCLES       100
GEOM_OPT_TOL_GRADIENT     300
GEOM_OPT_TOL_DISPLACEMENT 1200
GEOM_OPT_TOL_ENERGY       100
SYMMETRY                  False
THRESH                    12
SCF_CONVERGENCE           8
MAX_SUB_FILE_NUM          128
MEM_STATIC                400
MEM_TOTAL                 4000
$end
