$molecule
0  1
O -3.94934 -3.66094 2.70899
C -3.26408 -4.56952 2.26188
C -3.36658 -6.02376 2.66595
C -2.97353 -6.38153 4.10864
C -2.69204 -5.22192 5.03825
O -1.65001 -5.53225 5.86486
C -0.40578 -5.678 5.1721
C -0.63963 -5.67348 3.66498
O -1.50493 -4.58437 3.30724
C -0.89025 -3.39163 3.11056
C -1.15472 -2.81215 1.74129
C -0.97691 -3.79679 0.57631
C -0.91775 -5.26331 0.95381
O -0.51537 -5.70501 2.02037
O -2.87021 -3.9083 1.11367
O -1.08587 -6.12309 -0.08565
O -0.01959 -2.95778 3.85382
C -0.84024 -7.48064 -0.03414
C -3.42002 -1.85034 1.36357
C -4.11726 -1.04706 0.03688
C -4.10525 -2.14899 -1.34288
C -3.30569 -3.53068 -0.83542
O -4.26983 -2.79678 0.30517
H -0.37673 -2.00758 1.70991
H -0.0136 -3.67137 0.01997
H -3.8896 -1.36467 2.24813
H -5.18062 -0.74072 0.2349
H -3.62096 -0.0702 -0.15944
H -5.16257 -2.38828 -1.65712
H -3.71895 -1.70917 -2.2906
H -3.67661 -4.43735 -1.35914
O -3.52157 -4.37956 5.35379
C -1.86943 -1.99191 -0.22434
C -4.84899 -6.42893 2.61219
C -4.99136 -7.95196 2.56162
C -4.70483 -8.29387 4.00173
C -4.38431 -6.89992 4.55979
O -5.30897 -6.0852 3.88704
H -2.83104 -6.63025 1.92034
H -2.47012 -7.33601 4.37289
H -1.48255 -1.06629 0.3033
H -5.38841 -5.9676 1.75462
H -6.04472 -8.22979 2.33368
H -4.31014 -8.41838 1.81724
H -5.65459 -8.63146 4.47561
H -3.92522 -9.06885 4.16391
H -4.49881 -6.92716 5.66829
H -2.08996 -1.33537 -1.08573
H -1.0934 -2.25717 -1.00589
H -1.06102 -7.92624 -1.02558
H -1.48252 -7.97301 0.72385
H 0.22745 -7.66509 0.21017
H 0.5264 -5.42628 3.67317
H -0.78333 -6.83282 3.62855
H 0.13028 -6.59299 5.52666
H 0.19617 -4.80951 5.54931
$end

$opt
CONSTRAINT
tors           1           2           3           4     -66.316
tors           3           4           5           6    -142.105
tors           4           5           6           7     +66.316
tors           5           6           7           8      -9.474
tors           6           7           8           9     +47.368
tors           7           8           9          10     +85.263
tors           8           9          10          11    +123.158
tors           9          10          11          12     -47.368
tors          11          12          13          14     -28.421
ENDCONSTRAINT
$end

$rem
JOBTYPE                   OPT
METHOD                    B3LYP
DFT_D                     d3_op
BASIS                     STO-3G
GEOM_OPT_MAX_CYCLES       100
GEOM_OPT_TOL_GRADIENT     300
GEOM_OPT_TOL_DISPLACEMENT 1200
GEOM_OPT_TOL_ENERGY       100
SYMMETRY                  False
THRESH                    12
SCF_CONVERGENCE           8
MAX_SUB_FILE_NUM          128
MEM_STATIC                400
MEM_TOTAL                 4000
$end
