$molecule
0  1
O -3.94934 -3.66094 2.70899
C -3.26408 -4.56952 2.26188
C -3.36658 -6.02376 2.66595
C -3.41669 -6.33291 4.1712
C -3.53792 -5.14515 5.09996
O -2.50071 -5.1432 5.98856
C -2.00813 -3.83024 6.27626
C -2.07329 -3.56136 7.77612
O -3.44299 -3.51287 8.20559
C -4.31024 -4.25531 7.4736
C -4.14324 -4.05812 5.98568
C -4.90544 -2.85953 5.40198
C -5.41532 -1.84725 6.40797
O -4.71585 -1.12776 7.10629
O -2.44385 -4.34668 1.19579
O -6.76913 -1.74353 6.54491
O -4.85642 -5.22287 8.01782
C -7.40076 -0.87296 7.40805
C -3.20078 -2.60862 4.75055
C -2.79343 -1.76706 3.42514
C -4.08048 -1.1337 3.26906
C -4.42114 -1.40067 4.70873
O -3.23471 -1.40236 5.36242
H -5.28335 -4.23993 6.22548
H -5.9089 -3.00243 4.85351
H -2.23483 -2.97484 4.33026
H -1.98256 -0.99737 3.6347
H -2.38714 -2.11635 2.45809
H -3.9047 -0.0721 2.97262
H -4.87557 -1.57518 2.63143
H -5.03847 -0.43397 4.79014
O -4.85131 -4.67701 4.29064
C -2.54584 -3.32061 0.2751
C -4.63716 -6.77442 2.1853
C -4.33636 -8.27185 2.07794
C -4.25529 -8.65083 3.54775
C -4.62548 -7.31238 4.20057
O -5.52844 -6.75579 3.27289
H -2.50234 -6.52962 2.17622
H -2.50164 -6.89283 4.47504
H -1.62305 -2.70486 0.30075
H -5.02947 -6.38493 1.2209
H -5.23662 -8.75762 1.63753
H -3.44672 -8.53892 1.46798
H -5.03947 -9.41205 3.75693
H -3.26625 -9.02565 3.8888
H -5.0088 -7.4636 5.23307
H -3.43383 -2.6774 0.45707
H -2.64596 -3.75893 -0.73901
H -8.49868 -0.99947 7.31348
H -7.13792 0.17587 7.15254
H -7.10377 -1.09065 8.45621
H -1.52936 -4.32095 8.38542
H -1.61888 -2.56657 7.97372
H -1.06058 -3.4988 5.78099
H -0.93455 -4.11796 6.33459
$end

$opt
CONSTRAINT
tors           1           2           3           4     -47.368
tors           3           4           5           6    -123.158
tors           4           5           6           7    +142.105
tors           5           6           7           8    +123.158
tors           6           7           8           9     -66.316
tors           7           8           9          10     +28.421
tors           8           9          10          11     -47.368
tors           9          10          11          12     -85.263
tors          11          12          13          14     +66.316
ENDCONSTRAINT
$end

$rem
JOBTYPE                   OPT
METHOD                    B3LYP
DFT_D                     d3_op
BASIS                     STO-3G
GEOM_OPT_MAX_CYCLES       100
GEOM_OPT_TOL_GRADIENT     300
GEOM_OPT_TOL_DISPLACEMENT 1200
GEOM_OPT_TOL_ENERGY       100
SYMMETRY                  False
THRESH                    12
SCF_CONVERGENCE           8
MAX_SUB_FILE_NUM          128
MEM_STATIC                400
MEM_TOTAL                 4000
$end
