$molecule
0  1
O -3.94934 -3.66094 2.70899
C -3.26408 -4.56952 2.26188
C -3.36658 -6.02376 2.66595
C -4.25419 -6.35572 3.87665
C -5.08044 -5.22016 4.4387
O -4.51746 -4.76583 5.59718
C -4.92167 -5.51191 6.7501
C -4.65836 -4.70496 8.01724
O -5.87739 -4.54958 8.76067
C -6.24391 -3.26965 9.0187
C -7.23622 -3.15881 10.1517
C -8.61403 -3.77483 9.86807
C -8.68916 -4.70381 8.67306
O -9.44255 -4.57229 7.71929
O -2.40214 -4.29856 1.24686
O -8.00393 -5.87808 8.75976
O -5.75102 -2.28342 8.48524
C -8.20323 -6.96311 7.9287
C -6.85034 -3.90255 11.44523
C -7.56067 -3.25793 12.6353
C -8.99528 -3.67942 12.37361
C -8.79771 -4.59463 11.15878
O -7.51297 -5.14096 11.35389
H -7.33427 -2.07213 10.37942
H -9.39092 -2.99175 9.72137
H -5.75259 -3.94149 11.61692
H -7.19782 -3.78174 13.54877
H -7.40296 -2.16464 12.75652
H -9.35611 -4.25821 13.25258
H -9.70018 -2.85072 12.14554
H -9.63251 -5.32486 11.07311
O -5.9909 -4.63848 3.86533
C -2.20241 -3.0436 0.71101
C -4.0422 -6.88036 1.58099
C -3.64831 -8.34741 1.75383
C -4.45016 -8.713 2.98657
C -5.19084 -7.39657 3.24049
O -5.40162 -6.88105 1.94686
H -2.32098 -6.36315 2.84422
H -3.63694 -6.80264 4.68689
H -1.82829 -2.34887 1.4932
H -3.8118 -6.53852 0.54815
H -4.05762 -8.91302 0.88644
H -2.55384 -8.52545 1.82766
H -5.18053 -9.50522 2.7081
H -3.85237 -9.04251 3.86374
H -6.10212 -7.57593 3.85328
H -3.1514 -2.65378 0.28461
H -1.44749 -3.10987 -0.09904
H -7.48785 -7.76612 8.20024
H -8.04819 -6.68172 6.86646
H -9.23761 -7.34823 8.05302
H -3.94555 -5.27469 8.65097
H -4.12515 -3.75994 7.76894
H -4.41049 -6.49778 6.79428
H -6.01224 -5.70798 6.69436
$end

$opt
CONSTRAINT
tors           1           2           3           4      -9.474
tors           3           4           5           6    -104.211
tors           4           5           6           7     -85.263
tors           5           6           7           8    -161.053
tors           6           7           8           9    +123.158
tors           7           8           9          10    -123.158
tors           8           9          10          11    -161.053
tors           9          10          11          12     -66.316
tors          11          12          13          14    -123.158
ENDCONSTRAINT
$end

$rem
JOBTYPE                   OPT
METHOD                    B3LYP
DFT_D                     d3_op
BASIS                     STO-3G
GEOM_OPT_MAX_CYCLES       100
GEOM_OPT_TOL_GRADIENT     300
GEOM_OPT_TOL_DISPLACEMENT 1200
GEOM_OPT_TOL_ENERGY       100
SYMMETRY                  False
THRESH                    12
SCF_CONVERGENCE           8
MAX_SUB_FILE_NUM          128
MEM_STATIC                400
MEM_TOTAL                 4000
$end
