$molecule
0  1
O -3.94934 -3.66094 2.70899
C -3.26408 -4.56952 2.26188
C -3.36658 -6.02376 2.66595
C -4.55778 -6.42467 3.55148
C -5.60993 -5.36381 3.78738
O -5.37997 -4.29275 2.97168
C -4.37078 -4.54107 1.98724
C -3.99766 -6.01987 1.97842
O -4.91618 -6.76125 2.79668
C -6.00231 -6.07176 3.2257
C -6.13989 -4.72048 2.56556
C -5.18309 -4.47394 1.38997
C -4.49914 -5.70297 0.8257
O -4.76863 -6.85979 1.11505
O -1.93762 -4.24136 1.82066
O -3.9173 -5.49096 -0.45701
O -7.06114 -6.9211 3.26625
C -3.65881 -6.44556 -1.4269
C -7.55093 -4.95918 1.66637
C -8.24843 -3.70182 1.04683
C -7.43666 -3.54506 -0.17457
C -6.34196 -4.61424 0.13359
O -7.14252 -5.66548 0.55143
H -7.23568 -4.03899 3.06321
H -5.59997 -3.27919 0.97495
H -8.39351 -5.47835 2.19685
H -9.29441 -3.92451 0.73534
H -8.2558 -2.80806 1.70849
H -8.02371 -3.91083 -1.05097
H -7.09795 -2.50798 -0.39319
H -5.94396 -4.74987 -0.89758
O -5.86779 -4.92541 5.07232
C -1.32786 -3.01003 1.97591
C -2.23835 -7.16749 3.37068
C -1.68275 -6.96878 4.82822
C -2.88716 -7.34753 5.67111
C -3.88538 -7.71421 4.5503
O -3.02855 -8.31733 3.60121
H -2.55543 -5.47155 3.4199
H -4.10084 -5.84693 4.49114
H -1.25552 -2.763 3.05592
H -1.36754 -7.33918 2.69808
H -0.89841 -7.74183 4.99477
H -1.23439 -5.97678 5.05447
H -2.64061 -8.26025 6.25833
H -3.26048 -6.55945 6.3605
H -4.69574 -8.37779 4.92188
H -1.88544 -2.20656 1.45366
H -0.30401 -3.05844 1.55255
H -2.57042 -6.4636 -1.64042
H -4.20113 -6.17381 -2.35543
H -3.98425 -7.46086 -1.11724
H -2.8059 -6.84215 1.00559
H -2.8059 -6.84215 1.00559
H -3.70827 -3.38296 0.74014
H -3.70827 -3.38296 0.74014
$end

$opt
CONSTRAINT
tors           1           2           3           4      +9.474
tors           3           4           5           6      +9.474
tors           4           5           6           7      +9.474
tors           5           6           7           8      +9.474
tors           6           7           8           9      +9.474
tors           7           8           9          10      +9.474
tors           8           9          10          11      +9.474
tors           9          10          11          12      +9.474
tors          11          12          13          14      +9.474
ENDCONSTRAINT
$end

$rem
JOBTYPE                   OPT
METHOD                    B3LYP
DFT_D                     d3_op
BASIS                     STO-3G
GEOM_OPT_MAX_CYCLES       100
GEOM_OPT_TOL_GRADIENT     300
GEOM_OPT_TOL_DISPLACEMENT 1200
GEOM_OPT_TOL_ENERGY       100
SYMMETRY                  False
THRESH                    12
SCF_CONVERGENCE           8
MAX_SUB_FILE_NUM          128
MEM_STATIC                400
MEM_TOTAL                 4000
$end
