$molecule
0  1
O -3.94934 -3.66094 2.70899
C -3.26408 -4.56952 2.26188
C -3.36658 -6.02376 2.66595
C -4.73745 -6.52338 3.15068
C -5.89497 -5.55994 3.00924
O -6.88685 -6.13239 2.265
C -7.99789 -6.57423 3.05216
C -9.06133 -7.20009 2.15576
O -10.15939 -6.28926 1.9898
C -10.71797 -6.26831 0.75421
C -11.86525 -5.2925 0.64365
C -11.45713 -3.84718 0.3231
C -10.04181 -3.65728 -0.18435
O -9.69985 -2.86616 -1.05138
O -2.1855 -4.23995 1.50199
O -9.04836 -4.04249 0.66041
O -10.47 -7.093 -0.11786
C -7.72666 -3.67739 0.46526
C -12.81162 -5.56641 -0.5528
C -14.18914 -4.97311 -0.26181
C -13.88074 -3.49335 -0.34803
C -12.42717 -3.54693 -0.83468
O -12.35252 -4.73198 -1.58666
H -12.47843 -5.39789 1.5678
H -11.57917 -3.17522 1.20056
H -12.91445 -6.64475 -0.80356
H -14.84156 -5.25094 -1.12103
H -14.67519 -5.30157 0.68192
H -14.55013 -3.03981 -1.11221
H -13.95806 -2.93538 0.61041
H -12.17265 -2.60947 -1.37597
O -6.09184 -4.6232 3.7715
C -1.88016 -2.95781 1.09529
C -3.1383 -6.9762 1.46397
C -2.60634 -8.31489 1.96571
C -3.83727 -8.86071 2.64975
C -4.86563 -7.78998 2.25913
O -4.42414 -7.31813 1.01442
H -2.54398 -6.19864 3.39542
H -4.71221 -6.80805 4.22575
H -1.71199 -2.30492 1.9783
H -2.44936 -6.57668 0.68874
H -2.39724 -8.93337 1.06292
H -1.69205 -8.27178 2.5958
H -4.08243 -9.84536 2.19288
H -3.76256 -8.96093 3.75425
H -5.87224 -8.25713 2.27566
H -2.70588 -2.54711 0.47562
H -0.95333 -2.98051 0.48624
H -7.11691 -3.9801 1.32274
H -7.63661 -2.57142 0.40083
H -7.33131 -4.14216 -0.46327
H -8.63045 -7.67295 1.2445
H -9.49705 -8.0309 2.75306
H -8.43445 -5.77916 3.69825
H -7.61054 -7.37674 3.72177
$end

$opt
CONSTRAINT
tors           1           2           3           4     +28.421
tors           3           4           5           6    +123.158
tors           4           5           6           7    +104.211
tors           5           6           7           8    -180.000
tors           6           7           8           9    -104.211
tors           7           8           9          10    +142.105
tors           8           9          10          11    -180.000
tors           9          10          11          12     +85.263
tors          11          12          13          14    +142.105
ENDCONSTRAINT
$end

$rem
JOBTYPE                   OPT
METHOD                    B3LYP
DFT_D                     d3_op
BASIS                     STO-3G
GEOM_OPT_MAX_CYCLES       100
GEOM_OPT_TOL_GRADIENT     300
GEOM_OPT_TOL_DISPLACEMENT 1200
GEOM_OPT_TOL_ENERGY       100
SYMMETRY                  False
THRESH                    12
SCF_CONVERGENCE           8
MAX_SUB_FILE_NUM          128
MEM_STATIC                400
MEM_TOTAL                 4000
$end
