$molecule
0  1
O -3.94934 -3.66094 2.70899
C -3.26408 -4.56952 2.26188
C -3.36658 -6.02376 2.66595
C -4.77372 -6.64113 2.71769
C -5.90468 -5.78727 2.1886
O -5.75655 -5.60256 0.84348
C -6.5027 -4.48831 0.34253
C -7.99853 -4.75843 0.46765
O -8.72868 -3.88336 -0.40643
C -9.2103 -4.45727 -1.53683
C -9.49858 -5.93048 -1.37191
C -9.60178 -6.7208 -2.68455
C -9.06079 -6.02643 -3.9182
O -9.73802 -5.5097 -4.79507
O -2.43055 -4.28336 1.22599
O -7.71059 -5.86848 -3.97179
O -9.77416 -3.77143 -2.37505
C -7.04134 -5.20974 -4.98145
C -8.4297 -7.08868 -0.8459
C -9.22182 -8.25828 -0.24539
C -9.74733 -8.9048 -1.49738
C -8.98688 -8.08294 -2.53716
O -7.8062 -7.70793 -1.94
H -10.39795 -6.01753 -0.72162
H -10.68837 -6.80724 -2.91459
H -7.63872 -6.94234 -0.10464
H -8.48067 -8.96176 0.20408
H -9.97607 -8.00505 0.52985
H -9.44227 -9.97474 -1.50933
H -10.84553 -8.81737 -1.6485
H -8.89994 -8.6174 -3.50913
O -6.79404 -5.34225 2.90064
C -2.26821 -3.02819 0.67774
C -2.66736 -7.02953 1.72299
C -2.34251 -8.31984 2.47892
C -3.72241 -8.9322 2.60812
C -4.55958 -7.89718 1.85354
O -3.68772 -7.44095 0.84445
H -2.89524 -6.06558 3.67345
H -5.04745 -6.89856 3.76611
H -1.89178 -2.32039 1.44689
H -1.74077 -6.63557 1.25346
H -1.7344 -8.96508 1.80519
H -1.79654 -8.16929 3.43504
H -3.73311 -9.89654 2.05262
H -4.07681 -9.09262 3.64927
H -5.51985 -8.3428 1.51139
H -3.23442 -2.66166 0.26934
H -1.52997 -3.08492 -0.14821
H -5.95245 -5.23354 -4.77126
H -7.37269 -4.15051 -5.03223
H -7.22959 -5.71045 -5.95514
H -8.55459 -5.55898 0.99946
H -8.1614 -4.22422 1.42434
H -6.26828 -4.42462 -0.74117
H -6.18217 -3.52349 0.80114
$end

$opt
CONSTRAINT
tors           1           2           3           4     +47.368
tors           3           4           5           6     +66.316
tors           4           5           6           7    -161.053
tors           5           6           7           8     -66.316
tors           6           7           8           9    -161.053
tors           7           8           9          10    +104.211
tors           8           9          10          11     +28.421
tors           9          10          11          12    -161.053
tors          11          12          13          14    -104.211
ENDCONSTRAINT
$end

$rem
JOBTYPE                   OPT
METHOD                    B3LYP
DFT_D                     d3_op
BASIS                     STO-3G
GEOM_OPT_MAX_CYCLES       100
GEOM_OPT_TOL_GRADIENT     300
GEOM_OPT_TOL_DISPLACEMENT 1200
GEOM_OPT_TOL_ENERGY       100
SYMMETRY                  False
THRESH                    12
SCF_CONVERGENCE           8
MAX_SUB_FILE_NUM          128
MEM_STATIC                400
MEM_TOTAL                 4000
$end
