$molecule
0  1
O -3.94934 -3.66094 2.70899
C -3.26408 -4.56952 2.26188
C -3.36658 -6.02376 2.66595
C -4.66266 -6.76517 2.29943
C -5.63801 -6.02118 1.41441
O -6.21425 -6.88669 0.52882
C -6.02769 -6.50173 -0.83729
C -7.31624 -5.90769 -1.39665
O -7.38834 -4.50877 -1.07935
C -6.44932 -4.05877 -0.2105
C -5.04971 -4.11681 -0.77474
C -4.47242 -2.76344 -1.21452
C -5.20595 -1.53691 -0.71028
O -6.41655 -1.37039 -0.74612
O -1.93975 -4.25386 2.09836
O -4.44137 -0.58465 -0.11349
O -6.76226 -3.33756 0.72673
C -4.93474 0.58027 0.43532
C -3.6088 -4.68623 -0.50274
C -2.83608 -5.05935 -1.78981
C -2.42896 -3.69414 -2.29016
C -2.97259 -2.82423 -1.15738
O -2.82545 -3.60778 -0.05107
H -5.23484 -4.51024 -1.80025
H -4.72643 -2.58994 -2.29153
H -3.5955 -5.58052 0.08804
H -1.90899 -5.59024 -1.47128
H -3.3605 -5.69572 -2.53316
H -1.31801 -3.63748 -2.32548
H -2.84889 -3.41109 -3.27971
H -2.48533 -1.82609 -1.1398
O -6.35566 -5.28431 2.07083
C -1.34247 -3.01003 2.24606
C -2.31644 -6.9951 2.04402
C -2.1142 -8.19431 2.96915
C -3.41569 -8.93423 2.75256
C -4.05905 -8.05489 1.67245
O -2.96044 -7.58374 0.94275
H -3.19539 -6.01503 3.7664
H -5.23455 -7.0582 3.21115
H -0.59116 -3.06481 3.0603
H -1.32778 -6.53658 1.8326
H -1.28638 -8.80596 2.54312
H -1.87592 -7.94501 4.02551
H -3.18006 -9.94122 2.34097
H -4.06053 -9.03818 3.65174
H -4.79105 -8.66988 1.10799
H -2.07081 -2.20743 2.48782
H -0.81778 -2.73784 1.3071
H -4.09308 1.17085 0.85161
H -5.64692 0.34528 1.25505
H -5.44501 1.18462 -0.34488
H -7.30062 -6.00232 -2.50484
H -8.21836 -6.43004 -1.00975
H -6.12605 -7.49628 -1.32446
H -5.01112 -6.47791 -1.22133
$end

$opt
CONSTRAINT
tors           1           2           3           4     +66.316
tors           3           4           5           6    +142.105
tors           4           5           6           7    -123.158
tors           5           6           7           8    -104.211
tors           6           7           8           9     +85.263
tors           7           8           9          10      -9.474
tors           8           9          10          11     +66.316
tors           9          10          11          12    +104.211
tors          11          12          13          14     -47.368
ENDCONSTRAINT
$end

$rem
JOBTYPE                   OPT
METHOD                    B3LYP
DFT_D                     d3_op
BASIS                     STO-3G
GEOM_OPT_MAX_CYCLES       100
GEOM_OPT_TOL_GRADIENT     300
GEOM_OPT_TOL_DISPLACEMENT 1200
GEOM_OPT_TOL_ENERGY       100
SYMMETRY                  False
THRESH                    12
SCF_CONVERGENCE           8
MAX_SUB_FILE_NUM          128
MEM_STATIC                400
MEM_TOTAL                 4000
$end
