$molecule
0  1
O -3.94934 -3.66094 2.70899
C -3.26408 -4.56952 2.26188
C -3.36658 -6.02376 2.66595
C -4.06137 -6.97914 1.68189
C -4.41791 -6.40938 0.32677
O -5.02499 -7.36738 -0.43423
C -4.15349 -8.45001 -0.77723
C -3.40234 -8.93218 0.45946
O -3.62113 -8.02364 1.55014
C -3.00095 -8.34722 2.71196
C -3.53609 -9.61656 3.33087
C -3.63301 -9.59862 4.86337
C -3.53001 -8.23477 5.51606
O -4.45843 -7.45729 5.68375
O -3.00713 -4.076 0.97857
O -2.29815 -7.89081 5.97492
O -1.8418 -8.52156 2.89825
C -2.00648 -6.69598 6.59836
C -5.06557 -9.89499 3.05185
C -5.33833 -11.39457 3.16504
C -5.18037 -11.59292 4.65653
C -5.04802 -10.1324 5.10423
O -5.77387 -9.40136 4.15865
H -2.99349 -10.50713 2.92165
H -2.85007 -10.23993 5.32582
H -5.46786 -9.53817 2.08438
H -6.41195 -11.53867 2.90311
H -4.72221 -12.06254 2.52572
H -6.10733 -12.06604 5.04936
H -4.28788 -12.17986 4.96482
H -5.36538 -10.01004 6.16368
O -4.90689 -5.29493 0.2077
C -2.80202 -2.76352 0.56744
C -1.63162 -5.87679 2.47224
C -0.38601 -6.76041 2.319
C -0.8285 -7.40837 0.96721
C -2.19026 -6.6088 0.70219
O -1.47917 -5.54244 1.14295
H -3.6464 -6.14115 3.73244
H -5.15122 -6.71443 2.04602
H -2.79069 -2.04638 1.41592
H -1.22544 -5.10559 3.18862
H 0.51817 -6.12572 2.12807
H -0.03539 -7.37019 3.18142
H -0.06908 -7.0993 0.20273
H -0.68767 -8.50175 0.91979
H -2.22545 -6.59042 -0.41509
H -3.59806 -2.47458 -0.1488
H -1.81984 -2.69795 0.05574
H -0.93136 -6.68115 6.87068
H -2.61146 -6.58972 7.52425
H -2.2137 -5.84625 5.9134
H -3.86923 -9.90299 0.71127
H -2.39259 -9.25929 0.19468
H -3.41463 -8.05999 -1.50925
H -4.69175 -9.26819 -1.30186
$end

$opt
CONSTRAINT
tors           1           2           3           4    +104.211
tors           3           4           5           6    -180.000
tors           4           5           6           7     -66.316
tors           5           6           7           8     +47.368
tors           6           7           8           9      -9.474
tors           7           8           9          10    -180.000
tors           8           9          10          11     -66.316
tors           9          10          11          12    -142.105
tors          11          12          13          14     +85.263
ENDCONSTRAINT
$end

$rem
JOBTYPE                   OPT
METHOD                    B3LYP
DFT_D                     d3_op
BASIS                     STO-3G
GEOM_OPT_MAX_CYCLES       100
GEOM_OPT_TOL_GRADIENT     300
GEOM_OPT_TOL_DISPLACEMENT 1200
GEOM_OPT_TOL_ENERGY       100
SYMMETRY                  False
THRESH                    12
SCF_CONVERGENCE           8
MAX_SUB_FILE_NUM          128
MEM_STATIC                400
MEM_TOTAL                 4000
$end
