$molecule
0  1
O -3.94934 -3.66094 2.70899
C -3.26408 -4.56952 2.26188
C -3.36658 -6.02376 2.66595
C -2.76261 -7.06348 1.7078
C -1.9673 -6.5228 0.54022
O -2.12349 -5.16834 0.45992
C -3.13869 -4.66568 1.33512
C -4.18859 -3.8996 0.53703
O -4.62754 -2.75198 1.28079
C -3.69122 -1.79053 1.47589
C -3.77882 -1.15252 2.84188
C -5.02424 -1.53342 3.65558
C -5.79631 -2.73838 3.15689
O -6.59312 -3.39161 3.81486
O -1.9453 -4.21333 3.06184
O -6.58043 -2.23791 2.12186
O -2.8182 -1.50223 0.66752
C -7.57992 -2.9012 1.42218
C -2.65185 -1.35966 3.8723
C -2.64224 -0.19107 4.86196
C -3.88968 -0.49689 5.6733
C -4.33445 -1.81005 5.01856
O -3.10991 -2.41358 4.68313
H -3.83002 -0.06626 2.60233
H -5.75356 -0.70149 3.79487
H -1.65393 -1.47844 3.40308
H -1.75336 -0.30919 5.52192
H -2.61757 0.81564 4.39173
H -3.58291 -0.69178 6.72527
H -4.67814 0.28602 5.65207
H -4.98607 -2.38526 5.71163
O -1.30584 -7.1788 -0.24822
C -0.64905 -4.00915 2.61082
C -2.69657 -6.4755 3.99743
C -3.30795 -7.78363 4.50822
C -2.68533 -8.77667 3.55164
C -1.85004 -7.83986 2.6793
O -1.40801 -6.86608 3.5925
H -4.46321 -6.21474 2.80331
H -3.52611 -7.74251 1.26549
H -0.0025 -3.77536 3.48075
H -2.75843 -5.70503 4.79737
H -2.91375 -7.98609 5.52945
H -4.41859 -7.77706 4.5339
H -1.99488 -9.43406 4.12661
H -3.40324 -9.40134 2.97768
H -1.05478 -8.41522 2.15653
H -0.61234 -3.14506 1.91648
H -0.25139 -4.91678 2.11855
H -7.34419 -2.8706 0.33843
H -8.54843 -2.38877 1.58992
H -7.66885 -3.96693 1.72444
H -3.95586 -3.59928 -0.53509
H -5.27399 -4.30226 0.41092
H -2.38625 -3.7503 0.66719
H -3.83047 -5.41442 0.48277
$end

$opt
CONSTRAINT
tors           1           2           3           4    +161.053
tors           3           4           5           6      -9.474
tors           4           5           6           7      -9.474
tors           5           6           7           8    -123.158
tors           6           7           8           9    -142.105
tors           7           8           9          10     +66.316
tors           8           9          10          11    -142.105
tors           9          10          11          12      -9.474
tors          11          12          13          14    +161.053
ENDCONSTRAINT
$end

$rem
JOBTYPE                   OPT
METHOD                    B3LYP
DFT_D                     d3_op
BASIS                     STO-3G
GEOM_OPT_MAX_CYCLES       100
GEOM_OPT_TOL_GRADIENT     300
GEOM_OPT_TOL_DISPLACEMENT 1200
GEOM_OPT_TOL_ENERGY       100
SYMMETRY                  False
THRESH                    12
SCF_CONVERGENCE           8
MAX_SUB_FILE_NUM          128
MEM_STATIC                400
MEM_TOTAL                 4000
$end
