$molecule
0  1
O -3.94934 -3.66094 2.70899
C -3.26408 -4.56952 2.26188
C -3.36658 -6.02376 2.66595
C -2.40867 -7.01244 1.98128
C -1.33566 -6.41165 1.10049
O -1.77026 -5.22426 0.5841
C -2.15163 -5.31487 -0.79271
C -1.73125 -4.05278 -1.53872
O -2.87638 -3.44581 -2.1577
C -3.96768 -3.31479 -1.36332
C -4.17996 -1.89848 -0.88408
C -4.23457 -1.7327 0.64164
C -3.72346 -2.90652 1.45257
O -3.68654 -2.96225 2.67326
O -1.79223 -3.64373 2.04354
O -4.4906 -4.11917 0.62673
O -4.96995 -3.91117 -1.74616
C -3.95758 -5.59239 0.55153
C -3.07003 -0.86984 -1.22019
C -3.64773 0.54587 -1.19636
C -3.8686 0.73995 0.28927
C -3.26322 -0.55911 0.82916
O -2.23802 -0.86633 -0.08514
H -5.13023 -1.54003 -1.34495
H -5.2697 -1.53023 0.9967
H -2.56973 -1.04024 -2.19731
H -2.83557 1.23398 -1.52444
H -4.54209 0.70896 -1.83536
H -3.27323 1.61934 0.62127
H -4.92922 0.85748 0.60092
H -2.95171 -0.43221 1.88938
O -0.431 -7.07419 0.60921
C -1.05382 -3.01658 3.044
C -2.98094 -6.31847 4.17193
C -3.64764 -7.60972 4.66322
C -2.86099 -8.64257 3.87857
C -1.80744 -7.7418 3.21883
O -1.62897 -6.71789 4.16361
H -4.44063 -6.30941 2.77599
H -2.92564 -7.77027 1.34889
H -1.51114 -3.19875 4.03917
H -3.23071 -5.47496 4.85209
H -3.38759 -7.7107 5.74181
H -4.75196 -7.6732 4.55795
H -2.39255 -9.34756 4.60065
H -3.44521 -9.2094 3.12181
H -0.9 -8.3283 2.95757
H -1.01589 -1.92582 2.8456
H -0.02086 -3.42054 3.04456
H -4.31098 -6.03667 -0.40572
H -4.83175 -6.2186 0.86035
H -1.62492 -5.32301 2.51947
H -1.28067 -3.33047 -0.82247
H -0.97188 -4.20737 -2.34452
H -2.61294 -6.18102 -1.3244
H -1.27138 -5.86424 -1.2009
$end

$opt
CONSTRAINT
tors           1           2           3           4    -180.000
tors           3           4           5           6     -28.421
tors           4           5           6           7    -104.211
tors           5           6           7           8    -142.105
tors           6           7           8           9    -123.158
tors           7           8           9          10     +47.368
tors           8           9          10          11    +104.211
tors           9          10          11          12    -123.158
tors          11          12          13          14    -180.000
ENDCONSTRAINT
$end

$rem
JOBTYPE                   OPT
METHOD                    B3LYP
DFT_D                     d3_op
BASIS                     STO-3G
GEOM_OPT_MAX_CYCLES       100
GEOM_OPT_TOL_GRADIENT     300
GEOM_OPT_TOL_DISPLACEMENT 1200
GEOM_OPT_TOL_ENERGY       100
SYMMETRY                  False
THRESH                    12
SCF_CONVERGENCE           8
MAX_SUB_FILE_NUM          128
MEM_STATIC                400
MEM_TOTAL                 4000
$end
