$molecule
0  1
O -3.94934 -3.66094 2.70899
C -3.26408 -4.56952 2.26188
C -3.36658 -6.02376 2.66595
C -3.23959 -7.07371 1.55
C -2.84717 -6.56022 0.18237
O -3.46501 -7.29952 -0.78569
C -3.66195 -6.57742 -2.00595
C -2.4484 -6.74089 -2.91518
O -2.00676 -8.10751 -2.90095
C -2.96211 -9.03187 -3.16929
C -2.43051 -10.224 -3.92881
C -3.28532 -11.49505 -3.81916
C -4.69038 -11.30239 -3.28494
O -5.68209 -11.90859 -3.66387
O -2.13285 -4.18774 1.61461
O -4.75936 -10.75258 -2.03969
O -4.11201 -8.71553 -3.44281
C -5.915 -10.62011 -1.29772
C -2.40008 -10.02819 -5.45769
C -1.35151 -10.95497 -6.06863
C -2.01557 -12.30254 -5.86719
C -3.37684 -11.8591 -5.31514
O -3.59914 -10.6049 -5.91383
H -1.39204 -10.40553 -3.56698
H -2.80262 -12.27819 -3.19418
H -2.21417 -8.975 -5.76248
H -1.32366 -10.73099 -7.15936
H -0.32498 -10.86593 -5.65251
H -2.12439 -12.79061 -6.86107
H -1.49895 -12.98599 -5.15884
H -4.14236 -12.63912 -5.52011
O -1.84378 -5.90518 -0.05951
C -1.8112 -2.8879 1.27896
C -2.17528 -6.42827 3.55819
C -2.53143 -7.66568 4.38211
C -2.50021 -8.73417 3.31042
C -2.06276 -7.90116 2.10179
O -1.21811 -6.92364 2.65636
H -4.30748 -6.13323 3.25104
H -4.15533 -7.7016 1.45482
H -1.72909 -2.26352 2.19438
H -1.83704 -5.60696 4.22814
H -1.69223 -7.85109 5.09013
H -3.48313 -7.58869 4.95073
H -1.70629 -9.46941 3.57037
H -3.46241 -9.26233 3.13516
H -1.60724 -8.55733 1.32676
H -2.58512 -2.46593 0.60252
H -0.83449 -2.8799 0.75344
H -5.67178 -10.13081 -0.33218
H -6.3565 -11.61854 -1.09169
H -6.64804 -9.98888 -1.84407
H -2.69318 -6.39651 -3.94362
H -1.60315 -6.12519 -2.54572
H -3.81623 -5.48631 -1.83155
H -4.64659 -6.85315 -2.42418
$end

$opt
CONSTRAINT
tors           1           2           3           4    +139.879
tors           3           4           5           6    -145.676
tors           4           5           6           7    +153.317
tors           5           6           7           8     +89.008
tors           6           7           8           9     +42.744
tors           7           8           9          10     +52.560
tors           8           9          10          11    +145.694
tors           9          10          11          12    +158.664
tors          11          12          13          14    +143.187
ENDCONSTRAINT
$end

$rem
JOBTYPE                   OPT
METHOD                    B3LYP
DFT_D                     d3_op
BASIS                     STO-3G
GEOM_OPT_MAX_CYCLES       100
GEOM_OPT_TOL_GRADIENT     300
GEOM_OPT_TOL_DISPLACEMENT 1200
GEOM_OPT_TOL_ENERGY       100
SYMMETRY                  False
THRESH                    12
SCF_CONVERGENCE           8
MAX_SUB_FILE_NUM          128
MEM_STATIC                400
MEM_TOTAL                 4000
$end
