$molecule
0  1
O -3.94934 -3.66094 2.70899
C -3.26408 -4.56952 2.26188
C -3.36658 -6.02376 2.66595
C -2.3791 -6.52839 3.73089
C -1.51749 -5.48159 4.40165
O -0.36565 -6.05374 4.86137
C 0.50541 -5.1221 5.51142
C 0.54298 -3.80895 4.73659
O 1.4181 -2.87826 5.39299
C 1.08253 -1.57078 5.26245
C 0.82145 -1.17056 3.82985
C 0.43724 0.30265 3.62906
C 0.71341 1.22318 4.80084
O 0.75287 2.44397 4.74921
O -2.38392 -4.31416 1.26975
O 1.02898 0.79437 6.0202
O 0.38658 -1.29916 6.23156
C 1.16955 1.43629 7.18659
C 2.00788 -1.28437 2.84907
C 1.4537 -1.4217 1.42138
C 0.94266 -0.01547 1.17862
C 1.3878 0.66696 2.47815
O 2.57703 0.00091 2.83057
H -0.02325 -1.75612 3.41893
H -0.63009 0.45028 3.35063
H 2.7048 -2.11662 3.08367
H 2.29611 -1.61926 0.72344
H 0.6889 -2.21845 1.29519
H 1.48379 0.4189 0.30935
H -0.15513 0.06174 1.00713
H 1.4783 1.76646 2.3327
O -2.08147 -4.49661 4.8622
C -2.1988 -3.05606 0.74752
C -4.70197 -6.35067 3.37036
C -4.98218 -7.85394 3.25358
C -3.98307 -8.40267 4.24956
C -3.36269 -7.10118 4.76632
O -4.4289 -6.18491 4.73868
H -3.31972 -6.61247 1.72176
H -1.70821 -7.32179 3.32839
H -1.84566 -2.39533 1.56255
H -5.55973 -5.76254 2.97623
H -6.00946 -8.06087 3.62701
H -4.88048 -8.25797 2.22239
H -4.53756 -8.90528 5.07245
H -3.23416 -9.10537 3.82259
H -2.88922 -7.25444 5.76193
H -3.159 -2.6817 0.33144
H -1.44064 -3.10679 -0.05649
H 1.35293 0.64889 7.95138
H 0.22488 1.97017 7.45333
H 2.0553 2.0904 7.09925
H 0.87835 -3.9835 3.69043
H -0.40523 -3.29144 4.72983
H 1.52168 -5.56432 5.57688
H 0.13972 -4.92354 6.54289
$end

$opt
CONSTRAINT
tors           1           2           3           4     -96.818
tors           3           4           5           6    -154.652
tors           4           5           6           7    -180.000
tors           5           6           7           8     -41.492
tors           6           7           8           9    -180.000
tors           7           8           9          10    -148.844
tors           8           9          10          11     -49.984
tors           9          10          11          12    -180.000
tors          11          12          13          14    +163.383
ENDCONSTRAINT
$end

$rem
JOBTYPE                   OPT
METHOD                    B3LYP
DFT_D                     d3_op
BASIS                     STO-3G
GEOM_OPT_MAX_CYCLES       100
GEOM_OPT_TOL_GRADIENT     300
GEOM_OPT_TOL_DISPLACEMENT 1200
GEOM_OPT_TOL_ENERGY       100
SYMMETRY                  False
THRESH                    12
SCF_CONVERGENCE           8
MAX_SUB_FILE_NUM          128
MEM_STATIC                400
MEM_TOTAL                 4000
$end
