$molecule
0  1
O -3.94934 -3.66094 2.70899
C -3.26408 -4.56952 2.26188
C -3.36658 -6.02376 2.66595
C -2.63225 -7.05037 1.78806
C -1.73188 -6.49278 0.70801
O -2.3876 -5.51421 0.01673
C -1.50385 -4.61515 -0.66146
C -1.11985 -5.18332 -2.02376
O -2.12207 -6.11177 -2.46695
C -1.81575 -7.42268 -2.30313
C -1.39415 -8.0935 -3.58878
C -0.2277 -7.41421 -4.32108
C 0.56469 -6.40786 -3.51109
O 1.76677 -6.461 -3.29487
O -1.97231 -4.17447 2.06135
O 0.29763 -5.2057 -4.12784
O -2.44838 -8.07757 -1.4897
C 1.09752 -4.06617 -4.18639
C -0.80491 -9.51163 -3.40059
C -0.9818 -10.30896 -4.69107
C 0.00774 -9.60367 -5.59521
C 0.66095 -8.64396 -4.59153
O 0.58932 -9.32649 -3.36407
H -2.31 -8.17114 -4.21854
H -0.59505 -6.95388 -5.2696
H -1.24419 -10.07214 -2.5472
H -0.60497 -11.33697 -4.48541
H -2.01927 -10.37467 -5.08354
H 0.7385 -10.35531 -5.96819
H -0.43964 -9.04943 -6.44845
H 1.67985 -8.36537 -4.93999
O -0.52391 -6.69821 0.64882
C -1.51392 -2.86829 2.11173
C -2.69823 -6.2994 4.02766
C -3.30155 -7.55285 4.6584
C -2.71524 -8.6276 3.7666
C -1.80899 -7.77995 2.86657
O -1.39653 -6.72384 3.69975
H -4.45492 -6.2487 2.73322
H -3.34998 -7.72365 1.26948
H -1.69114 -2.43738 3.12017
H -2.77095 -5.44105 4.73127
H -2.857 -7.65497 5.6744
H -4.40968 -7.55553 4.74121
H -2.10585 -9.31254 4.3973
H -3.45444 -9.21138 3.1764
H -1.00203 -8.41272 2.43655
H -2.02799 -2.25197 1.34364
H -0.4225 -2.85446 1.91483
H 0.5386 -3.18868 -3.80352
H 1.36381 -3.86682 -5.24432
H 2.03238 -4.15618 -3.59428
H -1.04067 -4.28848 -2.66341
H -0.22679 -5.6741 -1.59048
H -0.65438 -4.20879 -0.06602
H -2.15314 -3.73805 -0.87825
$end

$opt
CONSTRAINT
tors           1           2           3           4    +167.493
tors           3           4           5           6     -47.368
tors           4           5           6           7    +158.333
tors           5           6           7           8     +85.263
tors           6           7           8           9     +23.719
tors           7           8           9          10    -101.041
tors           8           9          10          11    -103.033
tors           9          10          11          12     +55.099
tors          11          12          13          14    +122.179
ENDCONSTRAINT
$end

$rem
JOBTYPE                   OPT
METHOD                    B3LYP
DFT_D                     d3_op
BASIS                     STO-3G
GEOM_OPT_MAX_CYCLES       100
GEOM_OPT_TOL_GRADIENT     300
GEOM_OPT_TOL_DISPLACEMENT 1200
GEOM_OPT_TOL_ENERGY       100
SYMMETRY                  False
THRESH                    12
SCF_CONVERGENCE           8
MAX_SUB_FILE_NUM          128
MEM_STATIC                400
MEM_TOTAL                 4000
$end
