$molecule
0  1
O -3.94934 -3.66094 2.70899
C -3.26408 -4.56952 2.26188
C -3.36658 -6.02376 2.66595
C -4.74834 -6.53523 3.10524
C -5.90939 -5.5831 2.92222
O -5.71755 -4.46563 3.68373
C -6.72424 -3.46784 3.48313
C -6.62662 -2.39765 4.5654
O -7.31004 -1.20804 4.14039
C -6.51402 -0.21097 3.68067
C -5.23591 -0.06625 4.47196
C -4.29911 1.05102 3.9899
C -4.91288 2.06765 3.04839
O -4.62022 2.20956 1.86992
O -2.18469 -4.23697 1.50451
O -5.90282 2.85206 3.55987
O -6.90545 0.48975 2.76277
C -6.57724 3.82233 2.84843
C -5.39684 0.32438 5.95609
C -4.17235 -0.14464 6.74064
C -3.11523 0.81182 6.21735
C -3.97803 1.72382 5.33578
O -5.23235 1.72241 5.97706
H -4.56634 -0.9337 4.33213
H -3.39911 0.65312 3.46429
H -6.33041 -0.06458 6.41679
H -4.36563 0.09178 7.81166
H -3.92514 -1.2237 6.6441
H -2.69504 1.37541 7.07962
H -2.29591 0.34022 5.63249
H -3.4977 2.71798 5.201
O -6.85756 -5.76305 2.16473
C -1.88132 -2.95259 1.10264
C -3.13064 -6.96667 1.45632
C -2.66522 -8.33692 1.94688
C -3.94688 -8.87015 2.54643
C -4.91479 -7.74418 2.16793
O -4.41302 -7.24834 0.95428
H -2.55481 -6.21142 3.40366
H -4.75617 -6.83765 4.17595
H -1.71663 -2.302 1.98819
H -2.39903 -6.57821 0.71535
H -2.42172 -8.94016 1.04262
H -1.78687 -8.3304 2.62748
H -4.21481 -9.81404 2.02152
H -3.92391 -9.03836 3.64499
H -5.95754 -8.13075 2.1475
H -2.70704 -2.54137 0.48326
H -0.9535 -2.97105 0.49501
H -7.32633 4.30329 3.51017
H -7.10453 3.36635 1.98342
H -5.86622 4.59687 2.4897
H -7.16259 -2.78998 5.45569
H -5.62687 -2.38119 5.0021
H -7.76358 -3.87058 3.48334
H -6.5233 -2.99637 2.49507
$end

$opt
CONSTRAINT
tors           1           2           3           4     +30.441
tors           3           4           5           6     -62.358
tors           4           5           6           7    +175.329
tors           5           6           7           8    +167.675
tors           6           7           8           9    +161.299
tors           7           8           9          10    -101.306
tors           8           9          10          11     -39.032
tors           9          10          11          12    -180.000
tors          11          12          13          14    -112.473
ENDCONSTRAINT
$end

$rem
JOBTYPE                   OPT
METHOD                    B3LYP
DFT_D                     d3_op
BASIS                     STO-3G
GEOM_OPT_MAX_CYCLES       100
GEOM_OPT_TOL_GRADIENT     300
GEOM_OPT_TOL_DISPLACEMENT 1200
GEOM_OPT_TOL_ENERGY       100
SYMMETRY                  False
THRESH                    12
SCF_CONVERGENCE           8
MAX_SUB_FILE_NUM          128
MEM_STATIC                400
MEM_TOTAL                 4000
$end
