$molecule
0  1
O -3.94934 -3.66094 2.70899
C -3.26408 -4.56952 2.26188
C -3.36658 -6.02376 2.66595
C -2.26084 -6.57905 3.57855
C -1.27332 -5.5744 4.12954
O 0.00141 -6.03188 3.95286
C 0.99752 -5.12329 4.43399
C 1.23116 -5.34101 5.92534
O 2.63687 -5.47971 6.18537
C 3.28801 -4.332 6.49832
C 2.72506 -3.65141 7.72329
C 3.42934 -2.34553 8.11944
C 4.32914 -1.73374 7.06456
O 4.22594 -0.60165 6.6148
O -2.26326 -4.27028 1.39344
O 5.55361 -2.31807 6.93543
O 4.37107 -4.14615 5.98299
C 6.58255 -1.82799 6.15636
C 1.30533 -2.89902 7.54492
C 0.5933 -2.88942 8.8944
C 1.46189 -1.90162 9.64265
C 2.31783 -1.37889 8.4795
O 1.53478 -1.52676 7.35381
H 2.64275 -4.3915 8.55119
H 4.0896 -2.52501 8.99726
H 0.59429 -3.18696 6.76772
H -0.40034 -2.41461 8.71987
H 0.43618 -3.87091 9.39046
H 0.80832 -1.11543 10.08064
H 2.11253 -2.34479 10.42795
H 2.698 -0.35273 8.67868
O -1.58093 -4.55196 4.73312
C -1.98249 -2.99862 0.94014
C -4.59869 -6.27753 3.56559
C -4.98804 -7.75586 3.52561
C -3.87714 -8.36072 4.35502
C -3.11058 -7.09678 4.75314
O -4.11345 -6.11974 4.87467
H -3.4952 -6.6061 1.72629
H -1.70465 -7.41653 3.0976
H -1.71955 -2.33759 1.79354
H -5.47794 -5.65423 3.29095
H -5.94537 -7.86912 4.08312
H -5.10448 -8.17751 2.50406
H -4.32738 -8.82748 5.25953
H -3.2364 -9.1 3.82755
H -2.50158 -7.28783 5.66501
H -2.85926 -2.5834 0.39852
H -1.12028 -3.04294 0.24367
H 7.45433 -2.50929 6.23522
H 6.88496 -0.8188 6.50876
H 6.26398 -1.77585 5.09326
H 0.52157 -5.13298 6.7406
H 0.97272 -6.42031 5.99429
H 0.82312 -4.05779 4.16281
H 1.92959 -5.41582 3.90315
$end

$opt
CONSTRAINT
tors           1           2           3           4    -105.179
tors           3           4           5           6    -132.058
tors           4           5           6           7    +179.161
tors           5           6           7           8     +85.263
tors           6           7           8           9    +129.650
tors           7           8           9          10     +92.152
tors           8           9          10          11     +58.938
tors           9          10          11          12    -180.000
tors          11          12          13          14    +123.158
ENDCONSTRAINT
$end

$rem
JOBTYPE                   OPT
METHOD                    B3LYP
DFT_D                     d3_op
BASIS                     STO-3G
GEOM_OPT_MAX_CYCLES       100
GEOM_OPT_TOL_GRADIENT     300
GEOM_OPT_TOL_DISPLACEMENT 1200
GEOM_OPT_TOL_ENERGY       100
SYMMETRY                  False
THRESH                    12
SCF_CONVERGENCE           8
MAX_SUB_FILE_NUM          128
MEM_STATIC                400
MEM_TOTAL                 4000
$end
