$molecule
0  1
O -3.94934 -3.66094 2.70899
C -3.26408 -4.56952 2.26188
C -3.36658 -6.02376 2.66595
C -4.45354 -6.86836 1.9811
C -5.1996 -6.21142 0.84096
O -4.31166 -5.73216 -0.07953
C -4.93946 -5.27086 -1.28049
C -4.07103 -4.21401 -1.95505
O -4.70546 -3.75486 -3.15902
C -4.54695 -4.55423 -4.24301
C -4.95629 -3.88422 -5.53304
C -4.77698 -4.74274 -6.79362
C -4.56526 -6.22492 -6.55904
O -5.18339 -6.91118 -5.75809
O -2.41465 -4.34135 1.24743
O -3.61717 -6.76605 -7.33994
O -3.95642 -5.62156 -4.15371
C -3.32839 -8.11213 -7.28467
C -6.44302 -3.48988 -5.67662
C -6.54995 -2.35415 -6.70549
C -6.27351 -3.10673 -7.99141
C -6.14625 -4.53954 -7.45813
O -7.03411 -4.56948 -6.3626
H -4.32623 -2.96913 -5.58301
H -3.94267 -4.36531 -7.42435
H -6.94371 -3.22499 -4.71918
H -7.59308 -1.9703 -6.72365
H -5.86638 -1.49707 -6.52568
H -7.15126 -3.02266 -8.66641
H -5.37151 -2.75343 -8.53671
H -6.3633 -5.30236 -8.24407
O -6.41998 -6.12294 0.77756
C -2.20287 -3.07294 0.75651
C -2.11084 -6.84203 2.27863
C -2.02857 -8.09261 3.15693
C -3.13006 -8.93577 2.55203
C -3.60189 -8.0213 1.41962
O -2.41784 -7.37492 1.01164
H -3.48581 -6.01831 3.77092
H -5.2044 -7.22411 2.71888
H -1.85817 -2.45384 1.58861
H -1.16576 -6.25046 2.30833
H -1.04939 -8.59119 2.99306
H -2.14871 -7.8965 4.24228
H -2.69186 -9.86345 2.12724
H -3.93225 -9.2136 3.26609
H -4.1175 -8.58372 0.60477
H -3.15264 -2.67526 0.39824
H -1.45407 -3.10708 -0.04318
H -2.46993 -8.33167 -7.93046
H -4.21327 -8.6781 -7.6193
H -3.08003 -8.35083 -6.23884
H -3.88634 -3.3698 -1.31435
H -3.07729 -4.64779 -2.20282
H -5.93213 -4.81651 -1.07277
H -5.08978 -6.12716 -1.96832
$end

$opt
CONSTRAINT
tors           1           2           3           4     +82.907
tors           3           4           5           6     +53.256
tors           4           5           6           7    +171.392
tors           5           6           7           8    +154.020
tors           6           7           8           9    -180.000
tors           7           8           9          10     -80.857
tors           8           9          10          11    -166.973
tors           9          10          11          12    +179.188
tors          11          12          13          14     +43.052
ENDCONSTRAINT
$end

$rem
JOBTYPE                   OPT
METHOD                    B3LYP
DFT_D                     d3_op
BASIS                     STO-3G
GEOM_OPT_MAX_CYCLES       100
GEOM_OPT_TOL_GRADIENT     300
GEOM_OPT_TOL_DISPLACEMENT 1200
GEOM_OPT_TOL_ENERGY       100
SYMMETRY                  False
THRESH                    12
SCF_CONVERGENCE           8
MAX_SUB_FILE_NUM          128
MEM_STATIC                400
MEM_TOTAL                 4000
$end
