$molecule
0  1
O -3.94934 -3.66094 2.70899
C -3.26408 -4.56952 2.26188
C -3.36658 -6.02376 2.66595
C -2.47362 -7.02594 1.91621
C -1.44955 -6.43998 0.96963
O -0.2456 -7.0601 1.14679
C 0.73503 -6.67317 0.17834
C 2.1014 -7.23195 0.56168
O 2.9392 -7.31729 -0.6018
C 2.73427 -8.40193 -1.38964
C 3.75891 -8.53081 -2.49152
C 4.23523 -9.96431 -2.7681
C 3.38361 -11.06936 -2.17623
O 2.16255 -11.11859 -2.2102
O -2.27902 -4.12907 1.43999
O 4.05584 -12.03355 -1.49449
O 1.65377 -8.97072 -1.39777
C 3.4535 -13.09884 -0.85852
C 3.19591 -8.14857 -3.8758
C 4.34294 -7.75403 -4.80517
C 4.99808 -9.10186 -5.03073
C 4.01016 -10.01268 -4.29145
O 2.77033 -9.36387 -4.43768
H 4.60655 -7.8447 -2.2607
H 5.29917 -10.14086 -2.49367
H 2.43713 -7.33662 -3.83103
H 3.88153 -7.41847 -5.76176
H 5.01762 -6.95616 -4.42692
H 4.99485 -9.31458 -6.1228
H 6.02718 -9.20501 -4.62334
H 4.06466 -11.05059 -4.68967
O -1.77514 -5.92655 -0.09781
C -2.06668 -2.81957 1.05226
C -2.94458 -6.25618 4.12456
C -3.62648 -7.50976 4.66278
C -2.88271 -8.58096 3.8967
C -1.84448 -7.72738 3.15487
O -1.59955 -6.65522 4.0315
H -4.43918 -6.2874 2.52455
H -3.07045 -7.74855 1.31614
H -1.86259 -2.18463 1.94075
H -3.15381 -5.38854 4.78818
H -3.35805 -7.59116 5.74063
H -4.73251 -7.53128 4.55695
H -2.38509 -9.25194 4.63216
H -3.50112 -9.18114 3.19476
H -0.97368 -8.37521 2.91908
H -2.95446 -2.43328 0.50741
H -1.18789 -2.77967 0.37645
H 4.2342 -13.72843 -0.38462
H 2.89305 -13.7158 -1.59313
H 2.76183 -12.73247 -0.06992
H 2.56249 -6.59059 1.34223
H 1.9933 -8.2484 1.00805
H 0.82723 -5.56729 0.07741
H 0.39757 -7.07096 -0.80079
$end

$opt
CONSTRAINT
tors           1           2           3           4    +176.106
tors           3           4           5           6    +134.799
tors           4           5           6           7    +172.965
tors           5           6           7           8    +171.284
tors           6           7           8           9    +157.288
tors           7           8           9          10     -80.857
tors           8           9          10          11    -172.496
tors           9          10          11          12    +140.037
tors          11          12          13          14     +44.832
ENDCONSTRAINT
$end

$rem
JOBTYPE                   OPT
METHOD                    B3LYP
DFT_D                     d3_op
BASIS                     STO-3G
GEOM_OPT_MAX_CYCLES       100
GEOM_OPT_TOL_GRADIENT     300
GEOM_OPT_TOL_DISPLACEMENT 1200
GEOM_OPT_TOL_ENERGY       100
SYMMETRY                  False
THRESH                    12
SCF_CONVERGENCE           8
MAX_SUB_FILE_NUM          128
MEM_STATIC                400
MEM_TOTAL                 4000
$end
