$molecule
0  1
O -3.94934 -3.66094 2.70899
C -3.26408 -4.56952 2.26188
C -3.36658 -6.02376 2.66595
C -3.24744 -7.07346 1.54891
C -2.86185 -6.56004 0.17931
O -3.7237 -5.57295 -0.20577
C -3.23345 -4.79324 -1.30165
C -4.38758 -4.07605 -1.9943
O -3.89017 -3.29555 -3.09261
C -4.04155 -1.95346 -2.96997
C -3.79525 -1.213 -4.26291
C -4.70865 -0.0013 -4.49906
C -5.46689 0.50083 -3.28678
O -4.96211 0.84884 -2.22912
O -2.29211 -4.25299 1.38561
O -6.79914 0.56034 -3.45221
O -4.35755 -1.43672 -1.91114
C -7.64216 1.03651 -2.46157
C -2.41307 -0.54926 -4.43408
C -2.13345 -0.38821 -5.93813
C -3.08964 0.7355 -6.2863
C -3.66593 1.05163 -4.90132
O -2.59679 0.78348 -4.01692
H -3.92256 -1.97056 -5.07094
H -5.4452 -0.20251 -5.30969
H -1.58585 -1.0953 -3.93009
H -1.09023 -0.02969 -6.08069
H -2.27551 -1.31261 -6.54235
H -2.50955 1.60313 -6.66994
H -3.87147 0.46155 -7.03094
H -4.06351 2.08966 -4.84754
O -1.89599 -6.94508 -0.47197
C -2.1557 -2.97929 0.86475
C -2.19838 -6.46768 3.57046
C -2.62322 -7.70733 4.37047
C -2.58023 -8.76947 3.29342
C -2.10147 -7.93976 2.10307
O -1.23738 -6.98568 2.6795
H -4.3213 -6.11684 3.23123
H -4.1979 -7.6397 1.43191
H -1.84493 -2.3378 1.67343
H -1.83072 -5.66155 4.24323
H -1.84749 -7.93737 5.13368
H -3.60868 -7.61136 4.87788
H -1.80703 -9.52506 3.55551
H -3.54847 -9.28432 3.10782
H -1.62673 -8.58508 1.32999
H -3.1294 -2.66178 0.40291
H -1.35376 -2.98981 0.09942
H -8.68524 0.91262 -2.79265
H -7.4117 2.10402 -2.29196
H -7.4569 0.43733 -1.55331
H -5.15063 -4.79897 -2.3522
H -4.90729 -3.47667 -1.21826
H -2.76594 -5.44547 -2.07408
H -2.45337 -4.11476 -1.12372
$end

$opt
CONSTRAINT
tors           1           2           3           4    +139.546
tors           3           4           5           6     -54.494
tors           4           5           6           7    +164.115
tors           5           6           7           8    +159.773
tors           6           7           8           9    -180.000
tors           7           8           9          10    -115.263
tors           8           9          10          11    -166.973
tors           9          10          11          12    +143.243
tors          11          12          13          14     +56.302
ENDCONSTRAINT
$end

$rem
JOBTYPE                   OPT
METHOD                    B3LYP
DFT_D                     d3_op
BASIS                     STO-3G
GEOM_OPT_MAX_CYCLES       100
GEOM_OPT_TOL_GRADIENT     300
GEOM_OPT_TOL_DISPLACEMENT 1200
GEOM_OPT_TOL_ENERGY       100
SYMMETRY                  False
THRESH                    12
SCF_CONVERGENCE           8
MAX_SUB_FILE_NUM          128
MEM_STATIC                400
MEM_TOTAL                 4000
$end
