$molecule
0  1
O -3.94934 -3.66094 2.70899
C -3.26408 -4.56952 2.26188
C -3.36658 -6.02376 2.66595
C -4.48089 -6.40111 3.65578
C -5.47881 -5.31573 3.99369
O -6.7108 -5.86694 4.203
C -7.66562 -4.93277 4.71767
C -9.07929 -5.3663 4.3439
O -10.03456 -4.69255 5.17842
C -9.70783 -4.61359 6.49225
C -10.86585 -4.18521 7.3618
C -11.58754 -5.32941 8.08861
C -10.85128 -6.65333 8.13163
O -9.74817 -6.83515 8.62625
O -2.30606 -4.27351 1.34425
O -11.50867 -7.71536 7.59649
O -8.79932 -5.21814 7.03789
C -11.00168 -8.99685 7.54462
C -10.46378 -3.3019 8.56011
C -11.66442 -2.4689 9.00761
C -12.54632 -3.5445 9.61329
C -11.61036 -4.75576 9.51572
O -10.32122 -4.20037 9.63392
H -11.56901 -3.6064 6.71883
H -12.60131 -5.51165 7.66667
H -9.59117 -2.64627 8.34774
H -11.3056 -1.80228 9.82457
H -12.14486 -1.85078 8.21899
H -12.74481 -3.278 10.67506
H -13.50365 -3.73025 9.07971
H -11.88199 -5.5259 10.2714
O -5.12662 -4.33144 4.63789
C -2.05923 -3.00633 0.85917
C -3.71564 -6.91789 1.46115
C -3.23235 -8.34171 1.71801
C -4.21585 -8.77972 2.77817
C -5.13238 -7.55026 2.83318
O -5.11213 -7.05038 1.52083
H -2.36221 -6.30011 3.05901
H -4.08655 -6.78652 4.62234
H -1.76613 -2.32878 1.68946
H -3.30337 -6.54756 0.49695
H -3.42592 -8.9263 0.78992
H -2.16033 -8.4366 1.99499
H -4.77046 -9.66483 2.39368
H -3.77468 -9.01138 3.7717
H -6.12398 -7.87995 3.20849
H -2.96346 -2.6086 0.35067
H -1.22832 -3.05305 0.12575
H -11.74359 -9.66222 7.05747
H -10.80385 -9.37235 8.57138
H -10.06257 -9.01244 6.95092
H -9.3068 -5.25273 3.26261
H -9.15829 -6.44845 4.59184
H -7.57789 -3.94815 4.19996
H -7.28308 -4.68082 5.71439
$end

$opt
CONSTRAINT
tors           1           2           3           4      +3.954
tors           3           4           5           6    +146.251
tors           4           5           6           7    +171.392
tors           5           6           7           8    +154.299
tors           6           7           8           9    +162.390
tors           7           8           9          10     -42.701
tors           8           9          10          11    -166.973
tors           9          10          11          12     +99.490
tors          11          12          13          14     +59.283
ENDCONSTRAINT
$end

$rem
JOBTYPE                   OPT
METHOD                    B3LYP
DFT_D                     d3_op
BASIS                     STO-3G
GEOM_OPT_MAX_CYCLES       100
GEOM_OPT_TOL_GRADIENT     300
GEOM_OPT_TOL_DISPLACEMENT 1200
GEOM_OPT_TOL_ENERGY       100
SYMMETRY                  False
THRESH                    12
SCF_CONVERGENCE           8
MAX_SUB_FILE_NUM          128
MEM_STATIC                400
MEM_TOTAL                 4000
$end
