$molecule
0  1
O -3.94934 -3.66094 2.70899
C -3.26408 -4.56952 2.26188
C -3.36658 -6.02376 2.66595
C -4.34211 -6.90687 1.87077
C -4.97406 -6.28116 0.64717
O -5.03497 -7.19766 -0.36365
C -5.73809 -8.39057 -0.00056
C -6.32504 -9.05338 -1.24246
O -7.02912 -10.24931 -0.87246
C -6.62829 -10.82678 0.28729
C -7.17171 -12.22426 0.46726
C -6.72995 -12.92934 1.758
C -6.12521 -12.03801 2.82409
O -6.65742 -11.04877 3.3065
O -2.43238 -4.29315 1.22031
O -4.93392 -12.45326 3.33003
O -5.41987 -10.92369 0.48337
C -4.376 -11.98233 4.50089
C -8.70372 -12.28649 0.61406
C -9.19837 -13.67727 0.21903
C -8.68322 -14.50266 1.38224
C -8.10485 -13.39512 2.27131
O -8.92425 -12.28137 2.00302
H -6.86096 -12.81102 -0.42949
H -6.03227 -13.77566 1.56769
H -9.23655 -11.50501 0.02982
H -10.31077 -13.65131 0.26761
H -8.88538 -14.02902 -0.78753
H -9.55174 -14.99214 1.87621
H -7.91316 -15.26131 1.12325
H -8.06463 -13.72624 3.33291
O -5.08201 -5.08753 0.41989
C -2.25363 -3.03868 0.67596
C -2.01228 -6.70345 2.65005
C -2.04965 -7.99249 3.47202
C -2.81578 -8.8813 2.52739
C -3.1328 -7.88862 1.41469
O -1.95837 -7.12324 1.3332
H -3.73336 -5.97029 3.71604
H -5.09421 -7.45646 2.47977
H -1.8607 -2.34048 1.44553
H -1.19101 -6.03468 2.99082
H -1.02044 -8.39891 3.59084
H -2.5172 -7.84669 4.46993
H -2.1117 -9.64388 2.12195
H -3.7147 -9.37744 2.9375
H -3.23663 -8.47937 0.48465
H -3.21592 -2.65428 0.27539
H -1.52186 -3.10406 -0.15504
H -3.39489 -12.47448 4.66072
H -5.04006 -12.22379 5.35801
H -4.22681 -10.88749 4.45983
H -7.01683 -8.35288 -1.75763
H -5.50831 -9.3262 -1.94429
H -6.65649 -8.09978 0.56628
H -5.18158 -8.90386 0.74686
$end

$opt
CONSTRAINT
tors           1           2           3           4     +89.675
tors           3           4           5           6    +140.013
tors           4           5           6           7     +56.416
tors           5           6           7           8    +154.020
tors           6           7           8           9    -180.000
tors           7           8           9          10     -24.635
tors           8           9          10          11    -166.973
tors           9          10          11          12    +179.188
tors          11          12          13          14     +55.256
ENDCONSTRAINT
$end

$rem
JOBTYPE                   OPT
METHOD                    B3LYP
DFT_D                     d3_op
BASIS                     STO-3G
GEOM_OPT_MAX_CYCLES       100
GEOM_OPT_TOL_GRADIENT     300
GEOM_OPT_TOL_DISPLACEMENT 1200
GEOM_OPT_TOL_ENERGY       100
SYMMETRY                  False
THRESH                    12
SCF_CONVERGENCE           8
MAX_SUB_FILE_NUM          128
MEM_STATIC                400
MEM_TOTAL                 4000
$end
