$molecule
0  1
O -3.94934 -3.66094 2.70899
C -3.26408 -4.56952 2.26188
C -3.36658 -6.02376 2.66595
C -3.67062 -7.04199 1.55482
C -3.66228 -6.51543 0.13681
O -2.58181 -7.01097 -0.53583
C -2.79701 -7.11661 -1.94713
C -1.47395 -7.3671 -2.66329
O -0.98349 -8.67799 -2.34094
C 0.06312 -8.7134 -1.47925
C 0.73101 -10.06657 -1.4201
C 2.23357 -10.03359 -1.10465
C 2.76422 -8.72595 -0.55221
O 3.56503 -8.61699 0.36507
O -2.30799 -4.26933 1.34221
O 2.61366 -7.64694 -1.36925
O 0.16009 -7.89663 -0.57019
C 3.13508 -6.3942 -1.1198
C 0.22509 -10.939 -0.2506
C 0.44665 -12.41238 -0.58493
C 1.95856 -12.49194 -0.51229
C 2.28092 -11.08819 0.01796
O 1.15503 -10.73911 0.78556
H 0.50689 -10.60235 -2.37166
H 2.84887 -10.28386 -1.99644
H -0.8414 -10.75698 0.00711
H 0.01755 -12.996 0.26136
H -0.00086 -12.77196 -1.53636
H 2.23238 -13.27996 0.2237
H 2.47147 -12.67551 -1.48137
H 3.25411 -11.0977 0.55586
O -4.5202 -5.78214 -0.33813
C -2.06788 -3.00354 0.85132
C -2.04111 -6.57321 3.22554
C -2.32246 -7.74419 4.16291
C -2.75951 -8.79775 3.16888
C -2.52442 -8.05036 1.84983
O -1.43421 -7.20664 2.12707
H -4.14461 -6.06355 3.46221
H -4.65427 -7.54393 1.68812
H -1.77785 -2.32075 1.67828
H -1.43117 -5.80167 3.74502
H -1.34597 -8.05205 4.60135
H -3.04308 -7.53703 4.98307
H -2.07019 -9.6672 3.25569
H -3.81342 -9.13676 3.2667
H -2.37944 -8.79467 1.0363
H -2.97436 -2.61357 0.34094
H -1.23718 -3.0503 0.11765
H 2.8507 -5.71141 -1.94645
H 4.24341 -6.44372 -1.06214
H 2.72562 -5.99366 -0.16784
H -1.63234 -7.32615 -3.76181
H -0.75765 -6.55048 -2.40985
H -3.167 -6.14563 -2.34975
H -3.53834 -7.91301 -2.1788
$end

$opt
CONSTRAINT
tors           1           2           3           4    +121.694
tors           3           4           5           6    +110.026
tors           4           5           6           7    +152.079
tors           5           6           7           8    +167.178
tors           6           7           8           9     +68.554
tors           7           8           9          10    -105.645
tors           8           9          10          11    -166.973
tors           9          10          11          12    +149.668
tors          11          12          13          14    +137.913
ENDCONSTRAINT
$end

$rem
JOBTYPE                   OPT
METHOD                    B3LYP
DFT_D                     d3_op
BASIS                     STO-3G
GEOM_OPT_MAX_CYCLES       100
GEOM_OPT_TOL_GRADIENT     300
GEOM_OPT_TOL_DISPLACEMENT 1200
GEOM_OPT_TOL_ENERGY       100
SYMMETRY                  False
THRESH                    12
SCF_CONVERGENCE           8
MAX_SUB_FILE_NUM          128
MEM_STATIC                400
MEM_TOTAL                 4000
$end
