$molecule
0  1
O -3.94934 -3.66094 2.70899
C -3.26408 -4.56952 2.26188
C -3.36658 -6.02376 2.66595
C -2.67433 -7.0552 1.75999
C -1.80758 -6.50362 0.64977
O -0.48896 -6.67109 0.96382
C 0.36485 -6.69524 -0.18495
C 1.82342 -6.56505 0.24138
O 2.23652 -7.74963 0.94066
C 2.50728 -7.58389 2.25913
C 3.13062 -8.80625 2.88996
C 3.45975 -8.66738 4.3835
C 2.80944 -7.49956 5.09764
O 2.90357 -7.2579 6.29233
O -2.13431 -4.16985 1.61788
O 1.76585 -6.81971 4.54012
O 3.0047 -6.50306 2.56955
C 1.11548 -5.7436 5.12052
C 2.19705 -10.03179 2.91938
C 3.03383 -11.30623 3.01305
C 3.55571 -11.19932 4.43286
C 2.80068 -9.95308 4.91074
O 1.592 -9.98613 4.18882
H 4.04472 -9.04331 2.29834
H 4.55394 -8.59736 4.5688
H 1.50626 -10.08461 2.04969
H 2.323 -12.16205 2.95968
H 3.81232 -11.4297 2.22976
H 3.22987 -12.1026 4.99478
H 4.6553 -11.06543 4.52648
H 2.7056 -9.95584 6.01917
O -2.23693 -6.02572 -0.39375
C -1.8301 -2.86876 1.2719
C -2.69531 -6.31313 4.01892
C -3.33594 -7.54081 4.66105
C -2.80775 -8.63536 3.75844
C -1.87765 -7.82162 2.84931
O -1.41832 -6.78752 3.67819
H -4.45787 -6.23076 2.74434
H -3.3855 -7.75781 1.27214
H -1.76084 -2.23487 2.18136
H -2.72683 -5.44938 4.71881
H -2.87665 -7.65901 5.66882
H -4.4417 -7.50229 4.76448
H -2.22085 -9.34789 4.3801
H -3.5778 -9.18492 3.17521
H -1.10113 -8.49496 2.42348
H -2.60723 -2.46475 0.5885
H -0.85167 -2.85229 0.74951
H 0.38239 -5.32233 4.4072
H 1.8468 -4.94144 5.35727
H 0.59046 -6.06167 6.04642
H 2.46313 -6.46574 -0.66119
H 1.90739 -5.61036 0.80787
H 0.16582 -5.80636 -0.82758
H 0.2014 -7.61969 -0.78185
$end

$opt
CONSTRAINT
tors           1           2           3           4    +165.364
tors           3           4           5           6    +105.854
tors           4           5           6           7    +156.166
tors           5           6           7           8    +167.178
tors           6           7           8           9     +68.554
tors           7           8           9          10    -112.631
tors           8           9          10          11    -171.395
tors           9          10          11          12    +179.855
tors          11          12          13          14    +176.683
ENDCONSTRAINT
$end

$rem
JOBTYPE                   OPT
METHOD                    B3LYP
DFT_D                     d3_op
BASIS                     STO-3G
GEOM_OPT_MAX_CYCLES       100
GEOM_OPT_TOL_GRADIENT     300
GEOM_OPT_TOL_DISPLACEMENT 1200
GEOM_OPT_TOL_ENERGY       100
SYMMETRY                  False
THRESH                    12
SCF_CONVERGENCE           8
MAX_SUB_FILE_NUM          128
MEM_STATIC                400
MEM_TOTAL                 4000
$end
