$molecule
0  1
O -3.94934 -3.66094 2.70899
C -3.26408 -4.56952 2.26188
C -3.36658 -6.02376 2.66595
C -4.2755 -6.92677 1.81607
C -4.84076 -6.31686 0.55251
O -4.26077 -6.89407 -0.54104
C -5.10492 -6.88448 -1.69714
C -4.36928 -7.48593 -2.89013
O -4.16908 -8.89301 -2.68297
C -3.09761 -9.42929 -3.31818
C -3.11257 -10.93938 -3.32466
C -2.32657 -11.58961 -4.47256
C -1.36805 -10.68051 -5.21519
O -0.56639 -11.03895 -6.06572
O -2.47255 -4.30935 1.18678
O -1.8666 -9.45231 -5.53891
O -2.03004 -8.82717 -3.24879
C -1.27775 -8.52265 -6.37708
C -2.40664 -11.56578 -2.10636
C -2.94009 -12.97867 -1.87737
C -2.3444 -13.70209 -3.06924
C -1.47678 -12.5856 -3.66346
O -1.09491 -11.81678 -2.54762
H -4.17916 -11.26274 -3.3323
H -2.98824 -12.06471 -5.22983
H -2.50619 -10.95736 -1.18051
H -2.45347 -13.35941 -0.95066
H -4.04284 -13.06651 -1.7722
H -1.71511 -14.5386 -2.69225
H -3.07972 -14.08018 -3.81228
H -0.64547 -13.01828 -4.26293
O -5.71029 -5.45556 0.5207
C -2.31982 -3.0645 0.61367
C -2.025 -6.77554 2.58375
C -2.03449 -7.96028 3.5461
C -3.00197 -8.88495 2.8406
C -3.26995 -8.08474 1.55947
O -2.06061 -7.40493 1.32687
H -3.71253 -6.00833 3.72452
H -5.15094 -7.31324 2.38327
H -1.90369 -2.3503 1.35597
H -1.14525 -6.12504 2.78348
H -1.01918 -8.41694 3.5146
H -2.2937 -7.71456 4.59839
H -2.46879 -9.83254 2.60297
H -3.93946 -9.10645 3.39493
H -3.60496 -8.78504 0.76288
H -3.2979 -2.69262 0.24029
H -1.61748 -3.14187 -0.24141
H -1.91808 -7.61794 -6.42093
H -1.17565 -8.93458 -7.40363
H -0.2793 -8.23576 -5.98365
H -4.99731 -7.35809 -3.79825
H -3.42421 -6.91543 -3.03588
H -5.35677 -5.83268 -1.96401
H -6.04575 -7.44962 -1.50999
$end

$opt
CONSTRAINT
tors           1           2           3           4     +93.382
tors           3           4           5           6    +110.026
tors           4           5           6           7    +152.079
tors           5           6           7           8    +177.444
tors           6           7           8           9     +68.554
tors           7           8           9          10    -153.089
tors           8           9          10          11    -166.973
tors           9          10          11          12    +155.131
tors          11          12          13          14    +172.536
ENDCONSTRAINT
$end

$rem
JOBTYPE                   OPT
METHOD                    B3LYP
DFT_D                     d3_op
BASIS                     STO-3G
GEOM_OPT_MAX_CYCLES       100
GEOM_OPT_TOL_GRADIENT     300
GEOM_OPT_TOL_DISPLACEMENT 1200
GEOM_OPT_TOL_ENERGY       100
SYMMETRY                  False
THRESH                    12
SCF_CONVERGENCE           8
MAX_SUB_FILE_NUM          128
MEM_STATIC                400
MEM_TOTAL                 4000
$end
