$molecule
0  1
O -3.94934 -3.66094 2.70899
C -3.26408 -4.56952 2.26188
C -3.36658 -6.02376 2.66595
C -3.67062 -7.04199 1.55482
C -3.66228 -6.51543 0.13681
O -3.37991 -7.52975 -0.73316
C -4.10879 -7.43718 -1.96174
C -3.67372 -8.54474 -2.91576
O -4.10321 -9.81997 -2.41355
C -3.11464 -10.63358 -1.96643
C -3.62633 -11.96836 -1.4794
C -2.64727 -13.13887 -1.65153
C -1.20852 -12.75997 -1.93986
O -0.25482 -13.52428 -1.91084
O -2.29769 -4.26417 1.35397
O -1.0505 -11.81303 -2.91003
O -2.09245 -10.14913 -1.48782
C 0.13842 -11.36704 -3.46445
C -3.84698 -12.00731 0.04673
C -4.86076 -13.09714 0.38873
C -4.04767 -14.34126 0.09098
C -2.68511 -13.70999 -0.22186
O -2.65596 -12.54437 0.56619
H -4.5999 -12.16667 -1.98455
H -2.96775 -13.85947 -2.43559
H -4.16945 -11.03007 0.46959
H -5.03373 -13.0394 1.48756
H -5.8374 -13.03211 -0.13732
H -4.00123 -14.95849 1.01548
H -4.41146 -14.95433 -0.76199
H -1.86863 -14.44221 -0.03529
O -4.3342 -5.53905 -0.17966
C -2.05043 -2.99462 0.87584
C -2.03215 -6.55887 3.21218
C -2.28531 -7.76012 4.11981
C -2.67825 -8.80337 3.09757
C -2.48131 -8.01099 1.79988
O -1.41542 -7.14226 2.09274
H -4.13969 -6.0679 3.46651
H -4.64785 -7.55418 1.69941
H -1.76754 -2.31918 1.71128
H -1.44038 -5.7866 3.75149
H -1.30694 -8.05063 4.5655
H -3.02355 -7.58881 4.93256
H -1.94608 -9.63989 3.15355
H -3.7125 -9.19954 3.19155
H -2.30219 -8.73146 0.97443
H -2.95108 -2.5986 0.35978
H -1.21247 -3.0365 0.15025
H 0.21623 -10.27029 -3.31578
H 0.13539 -11.57916 -4.55325
H 1.03277 -11.84024 -3.00617
H -4.16277 -8.39091 -3.90097
H -2.57579 -8.46766 -3.09263
H -3.8747 -6.47013 -2.46342
H -5.20574 -7.50437 -1.78254
$end

$opt
CONSTRAINT
tors           1           2           3           4    +121.694
tors           3           4           5           6    +154.493
tors           4           5           6           7    +143.003
tors           5           6           7           8    +176.189
tors           6           7           8           9     +68.554
tors           7           8           9          10    -110.040
tors           8           9          10          11    -178.779
tors           9          10          11          12    +149.668
tors          11          12          13          14    +168.463
ENDCONSTRAINT
$end

$rem
JOBTYPE                   OPT
METHOD                    B3LYP
DFT_D                     d3_op
BASIS                     STO-3G
GEOM_OPT_MAX_CYCLES       100
GEOM_OPT_TOL_GRADIENT     300
GEOM_OPT_TOL_DISPLACEMENT 1200
GEOM_OPT_TOL_ENERGY       100
SYMMETRY                  False
THRESH                    12
SCF_CONVERGENCE           8
MAX_SUB_FILE_NUM          128
MEM_STATIC                400
MEM_TOTAL                 4000
$end
