$molecule
0  1
O -3.94934 -3.66094 2.70899
C -3.26408 -4.56952 2.26188
C -3.36658 -6.02376 2.66595
C -3.0744 -7.07599 1.58369
C -2.5396 -6.55844 0.26679
O -1.35553 -5.90875 0.47001
C -0.7765 -5.40256 -0.73736
C 0.4968 -4.62391 -0.42347
O 0.73757 -4.6298 0.99246
C 0.92811 -3.41137 1.55662
C 1.88344 -3.4472 2.72569
C 2.69327 -2.16007 2.93956
C 2.19005 -0.93318 2.20593
O 2.27103 0.21756 2.61064
O -2.43779 -4.09509 1.3024
O 2.10756 -1.0744 0.85301
O 0.11118 -2.51733 1.40559
C 1.83589 -0.05276 -0.03428
C 1.15663 -3.55057 4.08283
C 2.0964 -4.16552 5.11709
C 3.09406 -3.03851 5.29309
C 2.42708 -1.94798 4.44379
O 1.05168 -2.22557 4.5401
H 2.53322 -4.34574 2.61198
H 3.76908 -2.28217 2.6863
H 0.20714 -4.12762 4.03134
H 1.50791 -4.27153 6.05692
H 2.53664 -5.15067 4.85161
H 3.11785 -2.75763 6.36932
H 4.12225 -3.25275 4.92877
H 2.74545 -0.94285 4.79745
O -3.06951 -6.75039 -0.82097
C -2.59226 -2.863 0.67433
C -2.27032 -6.39868 3.69008
C -2.71215 -7.61678 4.50124
C -2.59423 -8.70906 3.45723
C -1.99385 -7.91288 2.29328
O -1.21514 -6.92639 2.92516
H -4.35108 -6.15539 3.16915
H -3.98284 -7.67378 1.3479
H -2.50401 -2.03414 1.40937
H -2.00611 -5.56119 4.37283
H -1.93417 -7.78715 5.27991
H -3.70561 -7.53266 4.99189
H -1.87271 -9.47153 3.82603
H -3.55074 -9.19686 3.16963
H -1.45655 -8.58615 1.58938
H -3.58496 -2.81439 0.17771
H -1.82233 -2.72878 -0.1086
H 1.82099 -0.46208 -1.06513
H 2.62133 0.73037 0.02777
H 0.84216 0.39097 0.18902
H 1.3487 -5.15735 -0.89734
H 0.47166 -3.60788 -0.88282
H -1.49084 -4.7173 -1.24501
H -0.5468 -6.23208 -1.44459
$end

$opt
CONSTRAINT
tors           1           2           3           4    +146.947
tors           3           4           5           6     +60.308
tors           4           5           6           7    +179.275
tors           5           6           7           8    +176.769
tors           6           7           8           9      +0.010
tors           7           8           9          10    -127.361
tors           8           9          10          11    -147.565
tors           9          10          11          12    +149.668
tors          11          12          13          14    +147.323
ENDCONSTRAINT
$end

$rem
JOBTYPE                   OPT
METHOD                    B3LYP
DFT_D                     d3_op
BASIS                     STO-3G
GEOM_OPT_MAX_CYCLES       100
GEOM_OPT_TOL_GRADIENT     300
GEOM_OPT_TOL_DISPLACEMENT 1200
GEOM_OPT_TOL_ENERGY       100
SYMMETRY                  False
THRESH                    12
SCF_CONVERGENCE           8
MAX_SUB_FILE_NUM          128
MEM_STATIC                400
MEM_TOTAL                 4000
$end
