$molecule
0  1
O -3.94934 -3.66094 2.70899
C -3.26408 -4.56952 2.26188
C -3.36658 -6.02376 2.66595
C -3.24808 -7.07344 1.54882
C -2.86304 -6.56002 0.17906
O -1.64085 -5.9532 0.23766
C -1.19713 -5.45706 -1.0297
C -0.33995 -4.21062 -0.83535
O 0.96202 -4.58191 -0.35588
C 1.4373 -3.83979 0.67491
C 2.75127 -3.16614 0.35814
C 2.98292 -1.82891 1.07678
C 2.06533 -1.5405 2.24791
O 2.16884 -0.59239 3.01273
O -2.86302 -4.17786 1.02432
O 0.76773 -1.94568 2.16543
O 1.21172 -4.25546 1.80532
C -0.24111 -1.65242 3.06513
C 3.97987 -3.96549 0.83272
C 5.20527 -3.55429 0.0184
C 5.4436 -2.1568 0.5541
C 4.38254 -2.10161 1.65981
O 4.27612 -3.43426 2.10002
H 2.80663 -3.0403 -0.74799
H 2.94891 -0.94943 0.39708
H 3.83217 -5.06661 0.78323
H 6.04511 -4.20854 0.34565
H 5.09491 -3.62667 -1.08499
H 6.46835 -2.1175 0.98578
H 5.30614 -1.33496 -0.18168
H 4.67166 -1.35691 2.43422
O -3.52288 -6.75385 -0.83522
C -3.25228 -3.00528 0.37179
C -2.19221 -6.45199 3.56802
C -2.5942 -7.66953 4.4005
C -2.60947 -8.74837 3.33557
C -2.11783 -7.94906 2.12401
O -1.24399 -6.99777 2.68409
H -4.31732 -6.12831 3.23638
H -4.1945 -7.64583 1.42447
H -2.87544 -2.11347 0.91584
H -1.831 -5.63424 4.22993
H -1.75608 -7.8791 5.10327
H -3.53683 -7.55778 4.97825
H -1.86422 -9.52662 3.61327
H -3.59902 -9.21909 3.14936
H -1.68054 -8.62596 1.35722
H -4.36037 -2.96016 0.30064
H -2.87604 -2.98835 -0.66868
H -1.17549 -2.1497 2.73667
H -0.41605 -0.55641 3.10836
H 0.02723 -2.03324 4.07366
H -0.18439 -3.77289 -1.84515
H -0.80201 -3.42561 -0.21191
H -2.0547 -5.10452 -1.64913
H -0.64944 -6.24076 -1.59667
$end

$opt
CONSTRAINT
tors           1           2           3           4    +139.519
tors           3           4           5           6     +60.308
tors           4           5           6           7    +179.114
tors           5           6           7           8    +148.506
tors           6           7           8           9     +75.458
tors           7           8           9          10    -134.461
tors           8           9          10          11    -121.613
tors           9          10          11          12    +149.668
tors          11          12          13          14    +173.179
ENDCONSTRAINT
$end

$rem
JOBTYPE                   OPT
METHOD                    B3LYP
DFT_D                     d3_op
BASIS                     STO-3G
GEOM_OPT_MAX_CYCLES       100
GEOM_OPT_TOL_GRADIENT     300
GEOM_OPT_TOL_DISPLACEMENT 1200
GEOM_OPT_TOL_ENERGY       100
SYMMETRY                  False
THRESH                    12
SCF_CONVERGENCE           8
MAX_SUB_FILE_NUM          128
MEM_STATIC                400
MEM_TOTAL                 4000
$end
