$molecule
0  1
O -3.94934 -3.66094 2.70899
C -3.26408 -4.56952 2.26188
C -3.36658 -6.02376 2.66595
C -3.01031 -7.07531 1.60239
C -2.42104 -6.55475 0.31016
O -1.48692 -5.59542 0.57944
C -0.87354 -5.0604 -0.59817
C 0.04646 -3.90067 -0.23105
O 0.99894 -4.32529 0.75655
C 0.89828 -3.71565 1.96376
C 2.04927 -4.04186 2.88542
C 2.66573 -2.83285 3.60414
C 1.84183 -1.56106 3.58332
O 1.8169 -0.7181 4.4684
O -3.14454 -4.21267 0.94692
O 1.46149 -1.1334 2.34748
O -0.13412 -3.18969 2.36704
C 0.78764 0.04374 2.09284
C 1.6392 -4.90525 4.0959
C 2.85604 -5.66525 4.61895
C 3.66159 -4.52853 5.21382
C 2.66643 -3.3726 5.0482
O 1.40393 -3.9863 5.13321
H 2.81237 -4.6067 2.30087
H 3.67672 -2.57604 3.21887
H 0.81508 -5.61141 3.87357
H 2.49261 -6.31589 5.4469
H 3.39601 -6.29086 3.87609
H 3.8451 -4.75426 6.28767
H 4.62117 -4.3056 4.69873
H 2.87403 -2.58139 5.80155
O -2.82085 -6.8644 -0.80571
C -3.36751 -2.97112 0.35428
C -2.30483 -6.3571 3.73495
C -2.72999 -7.593 4.52732
C -2.50658 -8.67806 3.49496
C -1.91092 -7.85079 2.35124
O -1.20184 -6.8321 3.00688
H -4.37347 -6.17186 3.11701
H -3.86116 -7.74351 1.34243
H -2.70624 -2.2045 0.8111
H -2.10258 -5.51042 4.42798
H -1.99029 -7.72944 5.34867
H -3.75316 -7.54889 4.95857
H -1.74803 -9.38933 3.8913
H -3.41791 -9.23085 3.17986
H -1.31515 -8.49934 1.67105
H -4.42927 -2.6684 0.47664
H -3.15574 -3.03264 -0.73127
H 0.60171 0.12657 1.00242
H 1.39334 0.91535 2.42087
H -0.18977 0.04336 2.62199
H 0.59037 -3.55868 -1.13675
H -0.57721 -3.04156 0.09407
H -1.62538 -4.69079 -1.32992
H -0.26709 -5.85795 -1.08319
$end

$opt
CONSTRAINT
tors           1           2           3           4    +149.745
tors           3           4           5           6     +43.589
tors           4           5           6           7    +179.494
tors           5           6           7           8    +174.138
tors           6           7           8           9     +54.745
tors           7           8           9          10    -115.454
tors           8           9          10          11    -171.070
tors           9          10          11          12    +133.653
tors          11          12          13          14    +147.835
ENDCONSTRAINT
$end

$rem
JOBTYPE                   OPT
METHOD                    B3LYP
DFT_D                     d3_op
BASIS                     STO-3G
GEOM_OPT_MAX_CYCLES       100
GEOM_OPT_TOL_GRADIENT     300
GEOM_OPT_TOL_DISPLACEMENT 1200
GEOM_OPT_TOL_ENERGY       100
SYMMETRY                  False
THRESH                    12
SCF_CONVERGENCE           8
MAX_SUB_FILE_NUM          128
MEM_STATIC                400
MEM_TOTAL                 4000
$end
