$molecule
0  1
O -3.94934 -3.66094 2.70899
C -3.26408 -4.56952 2.26188
C -3.36658 -6.02376 2.66595
C -2.91183 -7.07245 1.63769
C -2.23974 -6.54557 0.38918
O -1.16544 -5.77445 0.73074
C -0.36787 -5.38995 -0.39412
C 0.79704 -4.51716 0.06125
O 1.31836 -5.00747 1.30652
C 0.69405 -4.55054 2.42034
C 1.46419 -4.8394 3.68688
C 0.99016 -4.06288 4.92405
C -0.37005 -3.40449 4.80985
O -1.35551 -3.69389 5.47293
O -2.76279 -4.17628 1.06208
O -0.38182 -2.21663 4.14153
O -0.32163 -3.88242 2.33783
C -1.45366 -1.34926 4.10326
C 1.4228 -6.2861 4.20032
C 2.66006 -6.56101 5.05335
C 2.349 -5.72528 6.28073
C 0.93878 -5.23188 5.9314
O 0.40056 -6.28086 5.16763
H 2.51774 -4.55472 3.46112
H 1.70482 -3.2768 5.25534
H 1.33643 -7.0378 3.38599
H 2.62623 -7.63713 5.33828
H 3.63444 -6.34289 4.56556
H 2.3204 -6.40031 7.16483
H 3.04511 -4.8796 6.46964
H 0.38467 -4.96785 6.85868
O -2.59712 -6.8034 -0.75394
C -2.77682 -2.89928 0.52275
C -2.48371 -6.41429 3.85252
C -3.0246 -7.67295 4.53366
C -2.64467 -8.73107 3.51933
C -1.91401 -7.87377 2.48373
O -1.30013 -6.87601 3.25484
H -4.43436 -6.17934 2.94074
H -3.75498 -7.71475 1.29727
H -2.22383 -2.19804 1.18185
H -2.39182 -5.60782 4.59574
H -2.42656 -7.84135 5.45793
H -4.1036 -7.62965 4.7959
H -1.92516 -9.43377 3.99603
H -3.4943 -9.29845 3.08181
H -1.23751 -8.50078 1.86189
H -3.82195 -2.5479 0.38886
H -2.28248 -2.91576 -0.46925
H -1.1891 -0.47144 3.47902
H -1.6985 -0.9993 5.12867
H -2.33784 -1.84934 3.66058
H 1.5869 -4.51223 -0.71934
H 0.46819 -3.45693 0.15916
H -0.94547 -4.86676 -1.18844
H 0.06881 -6.32136 -0.82125
$end

$opt
CONSTRAINT
tors           1           2           3           4    +154.131
tors           3           4           5           6     +55.967
tors           4           5           6           7    +171.882
tors           5           6           7           8    +179.175
tors           6           7           8           9     +38.762
tors           7           8           9          10     -85.940
tors           8           9          10          11    -166.945
tors           9          10          11          12    +165.875
tors          11          12          13          14    +115.294
ENDCONSTRAINT
$end

$rem
JOBTYPE                   OPT
METHOD                    B3LYP
DFT_D                     d3_op
BASIS                     STO-3G
GEOM_OPT_MAX_CYCLES       100
GEOM_OPT_TOL_GRADIENT     300
GEOM_OPT_TOL_DISPLACEMENT 1200
GEOM_OPT_TOL_ENERGY       100
SYMMETRY                  False
THRESH                    12
SCF_CONVERGENCE           8
MAX_SUB_FILE_NUM          128
MEM_STATIC                400
MEM_TOTAL                 4000
$end
