$molecule
0  1
O -3.94934 -3.66094 2.70899
C -3.26408 -4.56952 2.26188
C -3.36658 -6.02376 2.66595
C -2.58617 -7.04435 1.82143
C -1.64934 -6.4795 0.77674
O -1.01997 -5.37151 1.26835
C -0.06612 -4.81501 0.35745
C 0.57879 -3.57365 0.96512
O 0.80772 -3.77812 2.36821
C -0.28068 -3.63217 3.16397
C 0.04656 -3.74111 4.63424
C -1.01704 -3.16238 5.57874
C -2.37461 -2.89498 4.9605
O -3.44015 -3.32688 5.37601
O -3.07888 -4.35709 0.92095
O -2.4233 -1.71003 4.2778
O -1.25536 -3.07996 2.71189
C -3.55332 -1.01116 3.89111
C 0.30206 -5.10878 5.28684
C 1.21332 -4.9358 6.50422
C 0.26669 -4.24576 7.47337
C -1.03248 -4.26283 6.65611
O -0.91621 -5.44053 5.90787
H 0.98381 -3.14632 4.73926
H -0.69657 -2.1919 6.02133
H 0.73467 -5.85221 4.58363
H 1.43524 -5.95583 6.89247
H 2.17083 -4.40412 6.31608
H 0.16629 -4.88515 8.37848
H 0.55713 -3.21445 7.76893
H -1.91766 -4.18838 7.32417
O -1.61223 -6.85294 -0.3895
C -3.2697 -3.17257 0.22862
C -2.84037 -6.37439 4.04979
C -3.45142 -7.68413 4.55541
C -2.69201 -8.69173 3.71994
C -1.78777 -7.75925 2.9125
O -1.50176 -6.728 3.80912
H -4.45622 -6.24823 2.62453
H -3.24142 -7.77866 1.30057
H -2.61933 -2.37283 0.63913
H -3.04066 -5.58242 4.78379
H -3.15572 -7.81828 5.6206
H -4.55841 -7.72993 4.46974
H -2.06106 -9.30914 4.39805
H -3.31988 -9.35355 3.08524
H -0.91342 -8.31643 2.50903
H -4.33267 -2.85686 0.28954
H -3.00663 -3.32991 -0.83716
H -3.55147 -0.89891 2.78723
H -3.5286 -0.00151 4.34971
H -4.49583 -1.51166 4.19773
H 1.53914 -3.38195 0.44123
H -0.0409 -2.66642 0.78646
H -0.49916 -4.56327 -0.63673
H 0.73886 -5.57304 0.22205
$end

$opt
CONSTRAINT
tors           1           2           3           4    +169.890
tors           3           4           5           6     +39.051
tors           4           5           6           7    +177.197
tors           5           6           7           8    +179.175
tors           6           7           8           9     +38.762
tors           7           8           9          10     -78.826
tors           8           9          10          11    -175.025
tors           9          10          11          12    +161.735
tors          11          12          13          14    +125.594
ENDCONSTRAINT
$end

$rem
JOBTYPE                   OPT
METHOD                    B3LYP
DFT_D                     d3_op
BASIS                     STO-3G
GEOM_OPT_MAX_CYCLES       100
GEOM_OPT_TOL_GRADIENT     300
GEOM_OPT_TOL_DISPLACEMENT 1200
GEOM_OPT_TOL_ENERGY       100
SYMMETRY                  False
THRESH                    12
SCF_CONVERGENCE           8
MAX_SUB_FILE_NUM          128
MEM_STATIC                400
MEM_TOTAL                 4000
$end
