$molecule
0  1
O -3.94934 -3.66094 2.70899
C -3.26408 -4.56952 2.26188
C -3.36658 -6.02376 2.66595
C -2.91183 -7.07245 1.63769
C -2.23974 -6.54557 0.38918
O -1.16377 -5.77674 0.73066
C -0.42841 -5.30231 -0.40222
C 0.74178 -4.43773 0.05525
O 1.21961 -4.8956 1.32997
C 0.87046 -4.1294 2.39307
C 1.87546 -4.19167 3.51857
C 1.57895 -3.2608 4.70341
C 0.17719 -2.68746 4.75859
O -0.64515 -2.90886 5.63569
O -2.74882 -4.167 1.07108
O -0.05313 -1.62522 3.93635
O -0.16368 -3.4845 2.36923
C -1.21668 -0.8833 3.92755
C 1.94382 -5.56055 4.21664
C 3.31173 -5.72575 4.87435
C 3.20186 -4.72522 6.0073
C 1.74001 -4.28729 5.84772
O 1.09557 -5.4268 5.32956
H 2.86325 -3.94453 3.06679
H 2.29496 -2.41452 4.79617
H 1.73217 -6.41571 3.5382
H 3.34015 -6.75189 5.30661
H 4.18695 -5.58727 4.20362
H 3.35224 -5.26693 6.9674
H 3.89374 -3.85745 5.94499
H 1.35147 -3.90612 6.81784
O -2.60153 -6.7986 -0.75363
C -2.78484 -2.88714 0.53584
C -2.42569 -6.35508 3.83966
C -2.92945 -7.59662 4.57496
C -2.59223 -8.67832 3.5679
C -1.88722 -7.84651 2.49171
O -1.25186 -6.8261 3.22504
H -4.42382 -6.18881 2.97369
H -3.74998 -7.72612 1.30777
H -2.26523 -2.17397 1.20928
H -2.30025 -5.5083 4.55021
H -2.28486 -7.73616 5.47231
H -3.99434 -7.55484 4.8899
H -1.87102 -9.3832 4.03838
H -3.46167 -9.23947 3.1623
H -1.22401 -8.48944 1.87171
H -3.83627 -2.56265 0.38382
H -2.27429 -2.88089 -0.44712
H -1.13792 -0.0923 3.15399
H -1.37293 -0.4032 4.91704
H -2.08343 -1.53512 3.6868
H 1.5549 -4.40293 -0.70021
H 0.35946 -3.39256 0.11371
H -1.04569 -4.76538 -1.15596
H 0.01468 -6.19947 -0.89116
$end

$opt
CONSTRAINT
tors           1           2           3           4    +154.131
tors           3           4           5           6     +56.094
tors           4           5           6           7    +176.664
tors           5           6           7           8    +179.175
tors           6           7           8           9     +31.244
tors           7           8           9          10    -104.419
tors           8           9          10          11    -151.174
tors           9          10          11          12    +175.668
tors          11          12          13          14    +115.949
ENDCONSTRAINT
$end

$rem
JOBTYPE                   OPT
METHOD                    B3LYP
DFT_D                     d3_op
BASIS                     STO-3G
GEOM_OPT_MAX_CYCLES       100
GEOM_OPT_TOL_GRADIENT     300
GEOM_OPT_TOL_DISPLACEMENT 1200
GEOM_OPT_TOL_ENERGY       100
SYMMETRY                  False
THRESH                    12
SCF_CONVERGENCE           8
MAX_SUB_FILE_NUM          128
MEM_STATIC                400
MEM_TOTAL                 4000
$end
