$molecule
0  1
O -3.94934 -3.66094 2.70899
C -3.26408 -4.56952 2.26188
C -3.36658 -6.02376 2.66595
C -2.94965 -7.07382 1.62317
C -2.30923 -6.54961 0.357
O -1.00239 -6.23198 0.59517
C -0.29435 -5.83863 -0.58518
C 1.14717 -5.48076 -0.23868
O 1.82564 -6.63383 0.28382
C 1.9999 -6.64823 1.62865
C 2.90827 -7.76201 2.09234
C 3.41108 -7.62812 3.53717
C 2.67164 -6.62907 4.40424
O 1.91177 -6.9107 5.31958
O -2.12414 -4.18782 1.6285
O 2.93786 -5.3177 4.15829
O 1.17804 -6.10836 2.35607
C 2.37347 -4.26689 4.85099
C 2.2023 -9.13029 2.15169
C 3.24151 -10.24221 2.03076
C 3.94699 -10.11257 3.36548
C 3.06763 -9.04945 4.03723
O 1.78957 -9.26114 3.48822
H 3.75126 -7.81934 1.36604
H 4.49844 -7.40942 3.61785
H 1.41026 -9.25281 1.38052
H 2.68021 -11.20419 2.01582
H 3.90263 -10.19243 1.13897
H 3.87435 -11.08809 3.89548
H 5.00701 -9.78201 3.31322
H 3.14285 -9.13695 5.14376
O -2.81263 -6.65665 -0.75501
C -1.79991 -2.88923 1.29178
C -2.40172 -6.39635 3.81347
C -2.94041 -7.61065 4.56977
C -2.70916 -8.70691 3.54763
C -1.96943 -7.91926 2.46043
O -1.26896 -6.93452 3.17956
H -4.40589 -6.17102 3.03818
H -3.83708 -7.6612 1.29703
H -1.7322 -2.26069 2.20516
H -2.21486 -5.55564 4.51715
H -2.25719 -7.78267 5.43253
H -3.98287 -7.52144 4.94393
H -2.0427 -9.47438 4.00031
H -3.62907 -9.18719 3.14951
H -1.35596 -8.59835 1.82809
H -2.56447 -2.47238 0.60202
H -0.81576 -2.88109 0.7806
H 2.76347 -3.3117 4.44372
H 2.63809 -4.33194 5.928
H 1.26854 -4.28113 4.73365
H 1.68097 -5.14436 -1.1524
H 1.14666 -4.61592 0.46494
H -0.7765 -4.94341 -1.03947
H -0.284 -6.66862 -1.32762
$end

$opt
CONSTRAINT
tors           1           2           3           4    +152.432
tors           3           4           5           6     +78.413
tors           4           5           6           7    +174.822
tors           5           6           7           8    +179.175
tors           6           7           8           9     +62.732
tors           7           8           9          10    -103.471
tors           8           9          10          11    -170.628
tors           9          10          11          12    +165.875
tors          11          12          13          14    +108.120
ENDCONSTRAINT
$end

$rem
JOBTYPE                   OPT
METHOD                    B3LYP
DFT_D                     d3_op
BASIS                     STO-3G
GEOM_OPT_MAX_CYCLES       100
GEOM_OPT_TOL_GRADIENT     300
GEOM_OPT_TOL_DISPLACEMENT 1200
GEOM_OPT_TOL_ENERGY       100
SYMMETRY                  False
THRESH                    12
SCF_CONVERGENCE           8
MAX_SUB_FILE_NUM          128
MEM_STATIC                400
MEM_TOTAL                 4000
$end
