$molecule
0  1
O -3.94934 -3.66094 2.70899
C -3.26408 -4.56952 2.26188
C -3.36658 -6.02376 2.66595
C -2.94965 -7.07382 1.62317
C -2.30923 -6.54961 0.357
O -0.96495 -6.39826 0.54526
C -0.21052 -6.51049 -0.66614
C 1.24286 -6.1201 -0.41831
O 1.824 -6.99408 0.56216
C 2.11578 -6.41961 1.75547
C 2.78206 -7.37198 2.71969
C 3.24024 -6.7393 4.04184
C 2.66305 -5.37367 4.35587
O 1.82665 -5.13836 5.21588
O -2.12567 -4.20264 1.61402
O 3.29117 -4.31868 3.76583
O 1.83797 -5.25195 1.97969
C 2.97419 -2.99569 3.99546
C 1.85982 -8.49712 3.21616
C 2.70496 -9.68592 3.66647
C 3.3287 -9.12535 4.92832
C 2.61353 -7.77059 5.01059
O 1.3526 -8.0149 4.4343
H 3.65345 -7.80305 2.176
H 4.34409 -6.68466 4.16806
H 1.10825 -8.81832 2.46302
H 1.99714 -10.49812 3.94905
H 3.42485 -10.07305 2.91362
H 3.03787 -9.77804 5.78125
H 4.43303 -9.0024 4.89993
H 2.60595 -7.41097 6.06332
O -2.84428 -6.65566 -0.74068
C -1.78991 -2.9094 1.27144
C -2.38403 -6.37719 3.80645
C -2.90629 -7.58402 4.58402
C -2.68825 -8.68826 3.57005
C -1.96178 -7.90955 2.46753
O -1.25398 -6.91376 3.16485
H -4.40114 -6.17426 3.04971
H -3.82678 -7.68034 1.30416
H -1.70379 -2.28064 2.18315
H -2.19381 -5.52836 4.49963
H -2.20768 -7.74382 5.43685
H -3.9428 -7.49506 4.97441
H -2.01796 -9.45279 4.02218
H -3.61318 -9.16972 3.18528
H -1.35586 -8.59916 1.8396
H -2.55745 -2.484 0.59027
H -0.81139 -2.9161 0.74865
H 3.63792 -2.35126 3.38345
H 3.12286 -2.74646 5.06783
H 1.91927 -2.79971 3.70668
H 1.81806 -6.22285 -1.36271
H 1.26321 -5.03625 -0.17054
H -0.60167 -5.81474 -1.44411
H -0.26057 -7.55542 -1.04619
$end

$opt
CONSTRAINT
tors           1           2           3           4    +152.432
tors           3           4           5           6     +86.340
tors           4           5           6           7    +153.030
tors           5           6           7           8    +171.291
tors           6           7           8           9     +60.532
tors           7           8           9          10    -111.415
tors           8           9          10          11    -177.320
tors           9          10          11          12    +175.063
tors          11          12          13          14    +108.120
ENDCONSTRAINT
$end

$rem
JOBTYPE                   OPT
METHOD                    B3LYP
DFT_D                     d3_op
BASIS                     STO-3G
GEOM_OPT_MAX_CYCLES       100
GEOM_OPT_TOL_GRADIENT     300
GEOM_OPT_TOL_DISPLACEMENT 1200
GEOM_OPT_TOL_ENERGY       100
SYMMETRY                  False
THRESH                    12
SCF_CONVERGENCE           8
MAX_SUB_FILE_NUM          128
MEM_STATIC                400
MEM_TOTAL                 4000
$end
