$molecule
0  1
O -3.94934 -3.66094 2.70899
C -3.26408 -4.56952 2.26188
C -3.36658 -6.02376 2.66595
C -2.97708 -7.0746 1.61339
C -2.35973 -6.55214 0.33511
O -1.06092 -6.19422 0.55958
C -0.40538 -5.69106 -0.60933
C 1.02948 -5.29445 -0.27765
O 1.77102 -6.44931 0.14577
C 1.88744 -6.60779 1.48759
C 3.00587 -7.54596 1.8744
C 3.43186 -7.47256 3.34798
C 2.47088 -6.76086 4.27895
O 1.88538 -7.27464 5.22118
O -2.12297 -4.18156 1.63533
O 2.46944 -5.40093 4.19546
O 1.10073 -6.06997 2.24931
C 1.73049 -4.57049 5.01298
C 2.64625 -9.03322 1.73348
C 3.92429 -9.84834 1.55208
C 4.53279 -9.73012 2.93549
C 3.40979 -8.98407 3.66846
O 2.23469 -9.41496 3.02279
H 3.87095 -7.29387 1.21864
H 4.43814 -7.02209 3.49608
H 1.93013 -9.23769 0.90768
H 3.61178 -10.90489 1.38918
H 4.58328 -9.52931 0.7161
H 4.66523 -10.75513 3.3475
H 5.49136 -9.16973 2.98737
H 3.46954 -9.18766 4.76029
O -2.87891 -6.65645 -0.76972
C -1.79951 -2.8769 1.31852
C -2.38338 -6.40688 3.79407
C -2.91644 -7.62014 4.55618
C -2.71145 -8.7148 3.52626
C -1.98671 -7.92866 2.42771
O -1.26685 -6.95139 3.13752
H -4.39966 -6.1654 3.05729
H -3.87592 -7.65325 1.3033
H -1.73392 -2.26237 2.24162
H -2.17727 -5.5697 4.49659
H -2.21872 -7.79969 5.4057
H -3.95122 -7.52508 4.94972
H -2.04202 -9.48815 3.96422
H -3.64184 -9.18789 3.14414
H -1.38967 -8.60864 1.78086
H -2.56346 -2.45021 0.63417
H -0.81505 -2.85643 0.80984
H 1.91359 -3.51617 4.72105
H 2.03347 -4.70653 6.07305
H 0.64679 -4.7897 4.90028
H 1.51461 -4.8863 -1.18928
H 1.03632 -4.47151 0.47324
H -0.93887 -4.79171 -0.99185
H -0.38063 -6.46944 -1.40543
$end

$opt
CONSTRAINT
tors           1           2           3           4    +151.212
tors           3           4           5           6     +76.104
tors           4           5           6           7    +179.851
tors           5           6           7           8    +179.175
tors           6           7           8           9     +62.732
tors           7           8           9          10     -98.062
tors           8           9          10          11    -161.792
tors           9          10          11          12    +164.154
tors          11          12          13          14    +117.082
ENDCONSTRAINT
$end

$rem
JOBTYPE                   OPT
METHOD                    B3LYP
DFT_D                     d3_op
BASIS                     STO-3G
GEOM_OPT_MAX_CYCLES       100
GEOM_OPT_TOL_GRADIENT     300
GEOM_OPT_TOL_DISPLACEMENT 1200
GEOM_OPT_TOL_ENERGY       100
SYMMETRY                  False
THRESH                    12
SCF_CONVERGENCE           8
MAX_SUB_FILE_NUM          128
MEM_STATIC                400
MEM_TOTAL                 4000
$end
