$molecule
0  1
O -3.94934 -3.66094 2.70899
C -3.26408 -4.56952 2.26188
C -3.36658 -6.02376 2.66595
C -2.96254 -7.07421 1.61849
C -2.33296 -6.55084 0.34656
O -1.08764 -6.05781 0.61403
C -0.41501 -5.56546 -0.54977
C 0.95582 -5.01457 -0.17096
O 1.76215 -6.05776 0.39866
C 1.67088 -6.19618 1.74464
C 2.674 -7.17636 2.30467
C 2.84956 -7.12291 3.82933
C 1.77267 -6.3785 4.59278
O 0.92044 -6.89481 5.3011
O -2.13533 -4.14556 1.6396
O 1.90326 -5.02321 4.62813
O 0.91191 -5.49261 2.39254
C 1.06577 -4.17826 5.32676
C 2.28774 -8.64547 2.08191
C 3.54416 -9.51186 2.11865
C 3.89758 -9.4324 3.59016
C 2.69797 -8.63563 4.11949
O 1.63794 -9.01255 3.2724
H 3.64506 -6.94905 1.80777
H 3.83866 -6.74218 4.1672
H 1.72138 -8.81481 1.13996
H 3.2273 -10.55338 1.88369
H 4.35352 -9.2087 1.4201
H 3.89934 -10.46489 4.00493
H 4.85894 -8.92524 3.82262
H 2.55364 -8.84566 5.2024
O -2.80941 -6.70131 -0.77208
C -1.86414 -2.8269 1.31964
C -2.38451 -6.3993 3.79836
C -2.90806 -7.61832 4.55764
C -2.68303 -8.711 3.52993
C -1.96465 -7.91612 2.43412
O -1.25876 -6.93166 3.14641
H -4.40062 -6.17052 3.05248
H -3.85185 -7.66379 1.30183
H -1.81902 -2.20843 2.24141
H -2.19112 -5.56125 4.50304
H -2.21413 -7.78952 5.412
H -3.94663 -7.5344 4.94359
H -2.00326 -9.47357 3.97099
H -3.60478 -9.1984 3.14493
H -1.35676 -8.58786 1.78874
H -2.64782 -2.43177 0.6384
H -0.88853 -2.75819 0.80452
H 1.40001 -3.13105 5.17879
H 1.09948 -4.41534 6.41155
H 0.02453 -4.277 4.95228
H 1.44908 -4.674 -1.10583
H 0.89574 -4.11572 0.47882
H -1.00433 -4.7491 -1.02531
H -0.27116 -6.39129 -1.28324
$end

$opt
CONSTRAINT
tors           1           2           3           4    +151.857
tors           3           4           5           6     +69.712
tors           4           5           6           7    +178.869
tors           5           6           7           8    +179.175
tors           6           7           8           9     +61.148
tors           7           8           9          10     -90.178
tors           8           9          10          11    -172.235
tors           9          10          11          12    +165.875
tors          11          12          13          14    +108.120
ENDCONSTRAINT
$end

$rem
JOBTYPE                   OPT
METHOD                    B3LYP
DFT_D                     d3_op
BASIS                     STO-3G
GEOM_OPT_MAX_CYCLES       100
GEOM_OPT_TOL_GRADIENT     300
GEOM_OPT_TOL_DISPLACEMENT 1200
GEOM_OPT_TOL_ENERGY       100
SYMMETRY                  False
THRESH                    12
SCF_CONVERGENCE           8
MAX_SUB_FILE_NUM          128
MEM_STATIC                400
MEM_TOTAL                 4000
$end
