$molecule
0  1
O -3.94934 -3.66094 2.70899
C -3.26408 -4.56952 2.26188
C -3.36658 -6.02376 2.66595
C -2.94965 -7.07382 1.62317
C -2.30923 -6.54961 0.357
O -1.00239 -6.23198 0.59517
C -0.27666 -5.90446 -0.59449
C 1.16508 -5.54652 -0.24892
O 1.74696 -6.58312 0.55714
C 1.71198 -6.36965 1.89592
C 2.55278 -7.35592 2.67115
C 2.8364 -6.96046 4.12767
C 1.96811 -5.85458 4.69318
O 1.17107 -5.97879 5.6118
O -2.12074 -4.18957 1.63354
O 2.26022 -4.59566 4.26342
O 0.91914 -5.57765 2.38427
C 1.6296 -3.45366 4.71247
C 1.88026 -8.72675 2.85681
C 2.95201 -9.79039 3.08118
C 3.44009 -9.41054 4.46499
C 2.44801 -8.29168 4.80933
O 1.27293 -8.65173 4.12256
H 3.50661 -7.47486 2.10747
H 3.89739 -6.68265 4.31282
H 1.21857 -9.01217 2.01009
H 2.42417 -10.76909 3.14539
H 3.74105 -9.85182 2.30112
H 3.30328 -10.28706 5.13647
H 4.48972 -9.04829 4.51646
H 2.35667 -8.19214 5.91339
O -2.81059 -6.66424 -0.75526
C -1.78478 -2.89085 1.31037
C -2.40066 -6.39832 3.81302
C -2.94126 -7.61068 4.57061
C -2.71541 -8.70781 3.54793
C -1.97346 -7.92298 2.46018
O -1.26998 -6.94132 3.17921
H -4.40572 -6.17117 3.03858
H -3.838 -7.65939 1.29623
H -1.71117 -2.27301 2.23062
H -2.20992 -5.55774 4.51586
H -2.25594 -7.78417 5.4315
H -3.98246 -7.51871 4.94756
H -2.05191 -9.4782 4.00006
H -3.63769 -9.18379 3.15015
H -1.36353 -8.60392 1.82701
H -2.54517 -2.45964 0.62492
H -0.80021 -2.88726 0.79977
H 2.05969 -2.57285 4.19329
H 1.78359 -3.33529 5.80628
H 0.54218 -3.50489 4.48887
H 1.75963 -5.41971 -1.17807
H 1.18224 -4.55664 0.26298
H -0.74323 -5.05007 -1.13524
H -0.25368 -6.79585 -1.2618
$end

$opt
CONSTRAINT
tors           1           2           3           4    +152.432
tors           3           4           5           6     +78.413
tors           4           5           6           7    +171.827
tors           5           6           7           8    +179.346
tors           6           7           8           9     +51.983
tors           7           8           9          10     -96.068
tors           8           9          10          11    -169.465
tors           9          10          11          12    +165.309
tors          11          12          13          14    +115.296
ENDCONSTRAINT
$end

$rem
JOBTYPE                   OPT
METHOD                    B3LYP
DFT_D                     d3_op
BASIS                     STO-3G
GEOM_OPT_MAX_CYCLES       100
GEOM_OPT_TOL_GRADIENT     300
GEOM_OPT_TOL_DISPLACEMENT 1200
GEOM_OPT_TOL_ENERGY       100
SYMMETRY                  False
THRESH                    12
SCF_CONVERGENCE           8
MAX_SUB_FILE_NUM          128
MEM_STATIC                400
MEM_TOTAL                 4000
$end
