$molecule
0  1
O -3.94934 -3.66094 2.70899
C -3.26408 -4.56952 2.26188
C -3.36658 -6.02376 2.66595
C -2.85763 -7.06987 1.66072
C -2.14046 -6.5386 0.43945
O -0.87869 -6.14079 0.77874
C -0.12149 -5.6582 -0.33615
C 1.26557 -5.21884 0.12118
O 1.77532 -6.1431 1.09523
C 1.7878 -5.6939 2.37476
C 2.42131 -6.67181 3.33549
C 2.90476 -6.05901 4.658
C 2.37785 -4.67416 4.9762
O 1.63012 -4.39582 5.90248
O -2.12183 -4.16481 1.64892
O 2.85708 -3.66387 4.20148
O 0.94132 -4.89247 2.75542
C 2.51126 -2.33719 4.3514
C 1.51311 -7.79673 3.84975
C 2.36066 -8.98738 4.29746
C 2.98807 -8.43141 5.55746
C 2.28065 -7.07478 5.64002
O 1.01409 -7.31316 5.07181
H 3.26841 -7.14076 2.78362
H 4.01296 -6.01331 4.74166
H 0.78243 -8.13841 3.09408
H 1.65413 -9.80049 4.58113
H 3.07812 -9.37543 3.54273
H 2.69431 -9.08133 6.41156
H 4.09314 -8.31524 5.52781
H 2.28491 -6.71033 6.69089
O -2.55126 -6.67023 -0.70733
C -1.81054 -2.85569 1.33578
C -2.48052 -6.36321 3.87927
C -3.03734 -7.58653 4.60645
C -2.71223 -8.68206 3.61018
C -1.92265 -7.88276 2.56773
O -1.29806 -6.87149 3.32188
H -4.42777 -6.19039 2.96003
H -3.70788 -7.67787 1.27821
H -1.75973 -2.24091 2.25967
H -2.36182 -5.51355 4.58705
H -2.40885 -7.73632 5.51385
H -4.10449 -7.52077 4.90895
H -2.05691 -9.42895 4.11108
H -3.59168 -9.18829 3.15664
H -1.25808 -8.55174 1.97854
H -2.5734 -2.43745 0.64489
H -0.82273 -2.82248 0.83541
H 3.04502 -1.73403 3.58872
H 2.80241 -1.97699 5.36121
H 1.41702 -2.20905 4.20696
H 1.96303 -5.12009 -0.73718
H 1.16241 -4.19191 0.53942
H -0.62728 -4.827 -0.87764
H 0.02558 -6.51073 -1.03751
$end

$opt
CONSTRAINT
tors           1           2           3           4    +156.600
tors           3           4           5           6     +75.818
tors           4           5           6           7    +178.374
tors           5           6           7           8    +179.346
tors           6           7           8           9     +40.127
tors           7           8           9          10    -106.438
tors           8           9          10          11    -176.029
tors           9          10          11          12    +159.719
tors          11          12          13          14    +113.981
ENDCONSTRAINT
$end

$rem
JOBTYPE                   OPT
METHOD                    B3LYP
DFT_D                     d3_op
BASIS                     STO-3G
GEOM_OPT_MAX_CYCLES       100
GEOM_OPT_TOL_GRADIENT     300
GEOM_OPT_TOL_DISPLACEMENT 1200
GEOM_OPT_TOL_ENERGY       100
SYMMETRY                  False
THRESH                    12
SCF_CONVERGENCE           8
MAX_SUB_FILE_NUM          128
MEM_STATIC                400
MEM_TOTAL                 4000
$end
