$molecule
0  1
O -3.94934 -3.66094 2.70899
C -3.26408 -4.56952 2.26188
C -3.36658 -6.02376 2.66595
C -2.9251 -7.07297 1.63245
C -2.26411 -6.54706 0.37762
O -0.91192 -6.48092 0.55828
C -0.18515 -6.35865 -0.66895
C 1.3042 -6.19534 -0.3838
O 1.73167 -7.1833 0.56702
C 1.82375 -6.75574 1.85071
C 2.51245 -7.75068 2.75428
C 2.78918 -7.24805 4.17872
C 2.03969 -5.99865 4.59584
O 1.25815 -5.92049 5.53267
O -2.11586 -4.20292 1.6304
O 2.53644 -4.83046 4.09876
O 1.31377 -5.69937 2.18943
C 2.08356 -3.57554 4.45172
C 1.69503 -9.02222 3.03139
C 2.63939 -10.1605 3.40965
C 3.10157 -9.70096 4.77798
C 2.22518 -8.45522 4.96187
O 1.04759 -8.75853 4.25148
H 3.47151 -8.01162 2.25101
H 3.86892 -7.07595 4.38411
H 1.04452 -9.32366 2.18233
H 2.01224 -11.07261 3.53321
H 3.45185 -10.37139 2.68142
H 2.83448 -10.48687 5.51894
H 4.18206 -9.45217 4.85673
H 2.09925 -8.23868 6.04547
O -2.86863 -6.08002 -0.57941
C -1.77376 -2.9097 1.29459
C -2.41559 -6.35351 3.8362
C -2.93797 -7.56568 4.60419
C -2.66482 -8.66846 3.60433
C -1.93344 -7.87559 2.51516
O -1.26109 -6.86559 3.22474
H -4.41226 -6.17873 3.01556
H -3.7468 -7.7448 1.30027
H -1.69911 -2.28254 2.2084
H -2.26092 -5.49797 4.53016
H -2.26691 -7.70846 5.48176
H -3.98956 -7.4923 4.9556
H -1.98036 -9.40811 4.07648
H -3.56519 -9.18268 3.20429
H -1.29795 -8.5601 1.91193
H -2.53143 -2.48236 0.60364
H -0.7883 -2.91709 0.78504
H 2.65919 -2.81054 3.89158
H 2.22905 -3.40679 5.54006
H 1.00716 -3.47242 4.1954
H 1.89202 -6.2916 -1.32087
H 1.48256 -5.15344 -0.03232
H -0.52453 -5.49028 -1.27805
H -0.32861 -7.29513 -1.25349
$end

$opt
CONSTRAINT
tors           1           2           3           4    +153.532
tors           3           4           5           6     +90.738
tors           4           5           6           7    +163.499
tors           5           6           7           8    +176.166
tors           6           7           8           9     +47.819
tors           7           8           9          10     -98.846
tors           8           9          10          11    -169.465
tors           9          10          11          12    +173.157
tors          11          12          13          14    +119.740
ENDCONSTRAINT
$end

$rem
JOBTYPE                   OPT
METHOD                    B3LYP
DFT_D                     d3_op
BASIS                     STO-3G
GEOM_OPT_MAX_CYCLES       100
GEOM_OPT_TOL_GRADIENT     300
GEOM_OPT_TOL_DISPLACEMENT 1200
GEOM_OPT_TOL_ENERGY       100
SYMMETRY                  False
THRESH                    12
SCF_CONVERGENCE           8
MAX_SUB_FILE_NUM          128
MEM_STATIC                400
MEM_TOTAL                 4000
$end
