$molecule
0  1
O -3.94934 -3.66094 2.70899
C -3.26408 -4.56952 2.26188
C -3.36658 -6.02376 2.66595
C -2.94965 -7.07382 1.62317
C -2.30923 -6.54961 0.357
O -1.09216 -6.00097 0.6454
C -0.39729 -5.53086 -0.51451
C 0.93111 -4.8992 -0.11139
O 1.61638 -5.75234 0.81889
C 1.46183 -5.43133 2.1274
C 2.48215 -6.09585 3.02072
C 2.58432 -5.50791 4.4357
C 1.44003 -4.61067 4.86265
O 0.62197 -4.87095 5.73305
O -2.16254 -4.11864 1.61203
O 1.45488 -3.34843 4.35136
O 0.51968 -4.74863 2.49997
C 0.53803 -2.3686 4.67195
C 2.17411 -7.57115 3.32022
C 3.4679 -8.29528 3.6835
C 3.76181 -7.68354 5.03887
C 2.50244 -6.82905 5.235
O 1.49743 -7.54048 4.55198
H 3.46374 -6.00279 2.50162
H 3.53395 -4.96225 4.63005
H 1.65383 -8.09155 2.48637
H 3.20778 -9.36887 3.82564
H 4.28869 -8.21332 2.93886
H 3.80635 -8.50344 5.78972
H 4.68386 -7.06507 5.09222
H 2.32644 -6.65732 6.31984
O -2.76017 -6.72332 -0.7688
C -1.94234 -2.78948 1.28484
C -2.37798 -6.38308 3.79995
C -2.88863 -7.60273 4.56638
C -2.6552 -8.69785 3.5437
C -1.9436 -7.90148 2.44436
O -1.24567 -6.90644 3.15093
H -4.39873 -6.17561 3.05529
H -3.82965 -7.67474 1.3022
H -1.88787 -2.16971 2.2053
H -2.19158 -5.53927 4.50035
H -2.19111 -7.76261 5.42004
H -3.92717 -7.52703 4.95412
H -1.97026 -9.4536 3.98838
H -3.57327 -9.19345 3.1603
H -1.32963 -8.57111 1.80265
H -2.75931 -2.41844 0.62965
H -0.99121 -2.68034 0.73851
H 0.78013 -1.44509 4.10729
H 0.57976 -2.14555 5.75942
H -0.48625 -2.69905 4.39555
H 1.56345 -4.72972 -1.00822
H 0.76385 -3.8898 0.31419
H -0.99508 -4.79119 -1.09366
H -0.16901 -6.40705 -1.16288
$end

$opt
CONSTRAINT
tors           1           2           3           4    +152.432
tors           3           4           5           6     +67.115
tors           4           5           6           7    +177.558
tors           5           6           7           8    +178.446
tors           6           7           8           9     +46.661
tors           7           8           9          10     -97.262
tors           8           9          10          11    -164.014
tors           9          10          11          12    +165.309
tors          11          12          13          14    +112.212
ENDCONSTRAINT
$end

$rem
JOBTYPE                   OPT
METHOD                    B3LYP
DFT_D                     d3_op
BASIS                     STO-3G
GEOM_OPT_MAX_CYCLES       100
GEOM_OPT_TOL_GRADIENT     300
GEOM_OPT_TOL_DISPLACEMENT 1200
GEOM_OPT_TOL_ENERGY       100
SYMMETRY                  False
THRESH                    12
SCF_CONVERGENCE           8
MAX_SUB_FILE_NUM          128
MEM_STATIC                400
MEM_TOTAL                 4000
$end
