$molecule
0  1
O -3.94934 -3.66094 2.70899
C -3.26408 -4.56952 2.26188
C -3.36658 -6.02376 2.66595
C -2.83571 -7.06861 1.6708
C -2.10041 -6.53537 0.46123
O -0.82715 -6.18477 0.80954
C 0.01209 -5.91773 -0.31901
C 1.40835 -5.5185 0.14705
O 1.83844 -6.38878 1.2056
C 1.78475 -5.86006 2.45328
C 2.47873 -6.71646 3.48557
C 2.76224 -6.01646 4.8227
C 2.01391 -4.7205 5.06181
O 1.17991 -4.53453 5.93613
O -2.11646 -4.17584 1.65041
O 2.40732 -3.65955 4.3058
O 0.86952 -5.09985 2.74532
C 1.86931 -2.39311 4.40206
C 1.64735 -7.92229 3.96285
C 2.58172 -9.00874 4.49033
C 3.07875 -8.35791 5.76517
C 2.21161 -7.0925 5.78276
O 1.02084 -7.48157 5.14194
H 3.41493 -7.09376 3.01354
H 3.84267 -5.80856 4.98481
H 0.98444 -8.33891 3.17532
H 1.93977 -9.87799 4.76077
H 3.37594 -9.34702 3.79061
H 2.83145 -9.02704 6.61894
H 4.16064 -8.10295 5.77827
H 2.10576 -6.7177 6.82463
O -2.49687 -6.67885 -0.68942
C -1.7842 -2.8737 1.33587
C -2.49298 -6.35986 3.89377
C -3.05903 -7.58256 4.61467
C -2.71471 -8.67931 3.62603
C -1.9093 -7.87989 2.5958
O -1.29752 -6.86939 3.35939
H -4.4312 -6.19575 2.94384
H -3.67514 -7.68353 1.27559
H -1.72522 -2.25853 2.25894
H -2.38768 -5.50902 4.60224
H -2.44487 -7.72887 5.53241
H -4.13102 -7.51895 4.90004
H -2.0669 -9.42419 4.13952
H -3.58525 -9.18792 3.1582
H -1.23003 -8.54765 2.02187
H -2.53862 -2.44465 0.64248
H -0.79334 -2.86284 0.83747
H 2.37171 -1.72818 3.67008
H 2.02749 -1.98596 5.42353
H 0.78249 -2.42136 4.17206
H 2.1357 -5.5284 -0.69181
H 1.34775 -4.45872 0.48951
H -0.40295 -5.12223 -0.97874
H 0.11678 -6.86057 -0.90242
$end

$opt
CONSTRAINT
tors           1           2           3           4    +157.613
tors           3           4           5           6     +78.413
tors           4           5           6           7    +168.556
tors           5           6           7           8    +179.346
tors           6           7           8           9     +43.900
tors           7           8           9          10    -103.659
tors           8           9          10          11    -169.465
tors           9          10          11          12    +165.145
tors          11          12          13          14    +115.296
ENDCONSTRAINT
$end

$rem
JOBTYPE                   OPT
METHOD                    B3LYP
DFT_D                     d3_op
BASIS                     STO-3G
GEOM_OPT_MAX_CYCLES       100
GEOM_OPT_TOL_GRADIENT     300
GEOM_OPT_TOL_DISPLACEMENT 1200
GEOM_OPT_TOL_ENERGY       100
SYMMETRY                  False
THRESH                    12
SCF_CONVERGENCE           8
MAX_SUB_FILE_NUM          128
MEM_STATIC                400
MEM_TOTAL                 4000
$end
