$molecule
0  1
O -3.94934 -3.66094 2.70899
C -3.26408 -4.56952 2.26188
C -3.36658 -6.02376 2.66595
C -3.11494 -7.07596 1.57352
C -2.61482 -6.55989 0.24249
O -1.29009 -6.24103 0.33656
C -0.69681 -5.92117 -0.92636
C 0.77357 -5.56135 -0.7403
O 1.43936 -6.59296 0.00495
C 1.43134 -6.43681 1.35205
C 2.3267 -7.42279 2.06398
C 2.63349 -7.07808 3.52868
C 1.74101 -6.02949 4.16163
O 0.96157 -6.22465 5.08301
O -2.14532 -4.2016 1.5846
O 2.03034 -4.73769 3.83864
O 0.79491 -5.53306 1.87106
C 1.39022 -3.63875 4.37413
C 1.72511 -8.8298 2.19421
C 2.84995 -9.84953 2.35302
C 3.33936 -9.51427 3.74802
C 2.30798 -8.45383 4.15556
O 1.13802 -8.8366 3.47163
H 3.27684 -7.45823 1.48287
H 3.68941 -6.77768 3.70847
H 1.06178 -9.10608 1.3457
H 2.37329 -10.85589 2.37467
H 3.62876 -9.83048 1.56056
H 3.24225 -10.42473 4.38019
H 4.37575 -9.11678 3.80632
H 2.2313 -8.40728 5.26423
O -3.23995 -6.66199 -0.80646
C -1.81961 -2.90656 1.2381
C -2.2781 -6.44115 3.68116
C -2.75812 -7.64414 4.49235
C -2.69702 -8.7368 3.44218
C -2.071 -7.964 2.27585
O -1.25312 -7.0121 2.90791
H -4.35483 -6.1429 3.1656
H -4.05577 -7.62843 1.35327
H -1.7088 -2.28186 2.14997
H -1.97448 -5.61445 4.36041
H -1.97591 -7.84748 5.25903
H -3.74034 -7.52436 4.99781
H -2.00825 -9.53269 3.80311
H -3.67668 -9.17883 3.1589
H -1.56599 -8.65604 1.56678
H -2.60535 -2.47889 0.57954
H -0.85595 -2.909 0.68943
H 1.81911 -2.71663 3.93136
H 1.53542 -3.60856 5.47509
H 0.30467 -3.67722 4.13863
H 1.24738 -5.4692 -1.74038
H 0.88037 -4.56081 -0.26291
H -1.21882 -5.07107 -1.42109
H -0.74581 -6.81871 -1.58421
$end

$opt
CONSTRAINT
tors           1           2           3           4    +145.196
tors           3           4           5           6     +76.157
tors           4           5           6           7    +171.827
tors           5           6           7           8    +179.346
tors           6           7           8           9     +51.983
tors           7           8           9          10     -89.739
tors           8           9          10          11    -170.822
tors           9          10          11          12    +165.309
tors          11          12          13          14    +114.394
ENDCONSTRAINT
$end

$rem
JOBTYPE                   OPT
METHOD                    B3LYP
DFT_D                     d3_op
BASIS                     STO-3G
GEOM_OPT_MAX_CYCLES       100
GEOM_OPT_TOL_GRADIENT     300
GEOM_OPT_TOL_DISPLACEMENT 1200
GEOM_OPT_TOL_ENERGY       100
SYMMETRY                  False
THRESH                    12
SCF_CONVERGENCE           8
MAX_SUB_FILE_NUM          128
MEM_STATIC                400
MEM_TOTAL                 4000
$end
