$molecule
0  1
O -3.94934 -3.66094 2.70899
C -3.26408 -4.56952 2.26188
C -3.36658 -6.02376 2.66595
C -3.0307 -7.07563 1.59608
C -2.45871 -6.55611 0.29569
O -1.11704 -6.34011 0.43239
C -0.46187 -6.06278 -0.80982
C 1.02522 -5.81739 -0.57644
O 1.60056 -6.93027 0.12595
C 1.69414 -6.78547 1.4711
C 2.43766 -7.92013 2.1347
C 2.85525 -7.65751 3.58899
C 2.17773 -6.48513 4.26958
O 1.36243 -6.56676 5.17687
O -2.13674 -4.20596 1.59443
O 2.664 -5.25392 3.9496
O 1.14889 -5.85377 2.04474
C 2.22601 -4.07367 4.51403
C 1.61604 -9.20961 2.27165
C 2.55969 -10.40498 2.37843
C 3.14251 -10.1815 3.75935
C 2.32046 -8.96836 4.21311
O 1.07959 -9.13776 3.56869
H 3.34501 -8.10179 1.51404
H 3.9526 -7.5498 3.73614
H 0.89014 -9.35921 1.44341
H 1.92396 -11.3191 2.40346
H 3.30486 -10.49937 1.55944
H 2.90965 -11.0718 4.38483
H 4.23318 -9.96909 3.78749
H 2.29056 -8.92687 5.32433
O -3.04624 -6.63283 -0.77703
C -1.80663 -2.91408 1.24174
C -2.32849 -6.41034 3.74539
C -2.83233 -7.61356 4.54125
C -2.69728 -8.71333 3.50675
C -2.01667 -7.94074 2.3712
O -1.25001 -6.96844 3.03749
H -4.37899 -6.15811 3.11023
H -3.94399 -7.65025 1.323
H -1.70603 -2.28205 2.1497
H -2.07905 -5.57235 4.43287
H -2.08923 -7.79676 5.35072
H -3.84217 -7.50645 4.99222
H -2.02079 -9.49746 3.91373
H -3.65346 -9.1698 3.17101
H -1.46395 -8.6337 1.70063
H -2.58488 -2.4913 0.57122
H -0.83669 -2.92264 0.70333
H 2.78759 -3.22719 4.06856
H 2.40385 -4.08396 5.61058
H 1.14288 -3.93145 4.31015
H 1.53923 -5.70103 -1.55381
H 1.16561 -4.8476 -0.04664
H -0.90088 -5.16737 -1.30553
H -0.56132 -6.94458 -1.48293
$end

$opt
CONSTRAINT
tors           1           2           3           4    +148.850
tors           3           4           5           6     +82.168
tors           4           5           6           7    +170.152
tors           5           6           7           8    +179.346
tors           6           7           8           9     +54.813
tors           7           8           9          10     -96.068
tors           8           9          10          11    -173.881
tors           9          10          11          12    +166.508
tors          11          12          13          14    +110.539
ENDCONSTRAINT
$end

$rem
JOBTYPE                   OPT
METHOD                    B3LYP
DFT_D                     d3_op
BASIS                     STO-3G
GEOM_OPT_MAX_CYCLES       100
GEOM_OPT_TOL_GRADIENT     300
GEOM_OPT_TOL_DISPLACEMENT 1200
GEOM_OPT_TOL_ENERGY       100
SYMMETRY                  False
THRESH                    12
SCF_CONVERGENCE           8
MAX_SUB_FILE_NUM          128
MEM_STATIC                400
MEM_TOTAL                 4000
$end
