$molecule
0  1
O -3.94934 -3.66094 2.70899
C -3.26408 -4.56952 2.26188
C -3.36658 -6.02376 2.66595
C -3.13009 -7.07586 1.57004
C -2.64299 -6.56026 0.23401
O -1.29085 -6.37176 0.2744
C -0.73643 -5.99739 -0.99119
C 0.76979 -5.79333 -0.86553
O 1.37859 -6.97035 -0.31156
C 1.54985 -6.96016 1.0337
C 2.2241 -8.20876 1.55045
C 2.84962 -8.07607 2.94666
C 2.41316 -6.87034 3.75439
O 1.67101 -6.89862 4.72546
O -2.15404 -4.2155 1.56133
O 2.94589 -5.67726 3.37553
O 0.92584 -6.18566 1.74582
C 2.67711 -4.47456 3.99501
C 1.26786 -9.39309 1.76323
C 2.05184 -10.70269 1.70276
C 2.8375 -10.62039 2.99458
C 2.24215 -9.34133 3.5953
O 0.91673 -9.32305 3.12154
H 2.98506 -8.50049 0.79047
H 3.96143 -8.1021 2.95036
H 0.43606 -9.41817 1.02941
H 1.30857 -11.52772 1.78962
H 2.66185 -10.85676 0.78676
H 2.58298 -11.50754 3.61603
H 3.93977 -10.53819 2.87714
H 2.36421 -9.35012 4.70107
O -3.31085 -6.60178 -0.79256
C -1.83398 -2.92731 1.18702
C -2.28002 -6.45395 3.6771
C -2.77785 -7.64484 4.49544
C -2.75192 -8.73955 3.44598
C -2.11117 -7.98401 2.27531
O -1.27077 -7.04859 2.90173
H -4.35337 -6.13669 3.17028
H -4.08007 -7.61457 1.35439
H -1.71124 -2.28572 2.08548
H -1.95755 -5.63002 4.35078
H -1.99158 -7.8633 5.25375
H -3.75157 -7.50492 5.01209
H -2.0856 -9.55504 3.80514
H -3.74518 -9.153 3.16688
H -1.63815 -8.68987 1.56394
H -2.62929 -2.51204 0.53196
H -0.87809 -2.94071 0.62421
H 3.24031 -3.66787 3.48277
H 2.99373 -4.5127 5.05921
H 1.59113 -4.2472 3.9337
H 1.20238 -5.59697 -1.86917
H 0.97708 -4.8839 -0.25522
H -1.19773 -5.05699 -1.3692
H -0.90918 -6.81585 -1.72657
$end

$opt
CONSTRAINT
tors           1           2           3           4    +144.545
tors           3           4           5           6     +82.168
tors           4           5           6           7    +174.759
tors           5           6           7           8    +179.508
tors           6           7           8           9     +54.813
tors           7           8           9          10     -94.117
tors           8           9          10          11    -178.597
tors           9          10          11          12    +161.017
tors          11          12          13          14    +107.470
ENDCONSTRAINT
$end

$rem
JOBTYPE                   OPT
METHOD                    B3LYP
DFT_D                     d3_op
BASIS                     STO-3G
GEOM_OPT_MAX_CYCLES       100
GEOM_OPT_TOL_GRADIENT     300
GEOM_OPT_TOL_DISPLACEMENT 1200
GEOM_OPT_TOL_ENERGY       100
SYMMETRY                  False
THRESH                    12
SCF_CONVERGENCE           8
MAX_SUB_FILE_NUM          128
MEM_STATIC                400
MEM_TOTAL                 4000
$end
