$molecule
0  1
O -3.94934 -3.66094 2.70899
C -3.26408 -4.56952 2.26188
C -3.36658 -6.02376 2.66595
C -3.13386 -7.07583 1.5692
C -2.64999 -6.56034 0.23196
O -1.29761 -6.37286 0.26871
C -0.74071 -6.03755 -1.00671
C 0.76623 -5.83606 -0.8857
O 1.36815 -6.99375 -0.28544
C 1.59154 -6.90888 1.04949
C 2.48982 -8.00715 1.56672
C 2.9454 -7.83855 3.02353
C 2.17381 -6.82456 3.84401
O 1.40875 -7.08874 4.76023
O -2.15686 -4.21584 1.55651
O 2.54193 -5.52409 3.67376
O 1.12173 -5.99075 1.70333
C 2.01408 -4.46642 4.38551
C 1.81537 -9.38697 1.60745
C 2.88409 -10.47582 1.55538
C 3.51141 -10.31991 2.92598
C 2.58793 -9.2553 3.5325
O 1.34098 -9.49902 2.92539
H 3.3755 -8.02876 0.89127
H 4.0303 -7.62342 3.14231
H 1.06468 -9.53646 0.8008
H 2.35005 -11.45241 1.51668
H 3.59126 -10.41109 0.7006
H 3.41031 -11.28629 3.46815
H 4.57237 -9.9885 2.9294
H 2.61058 -9.32409 4.64259
O -3.31902 -6.61034 -0.79347
C -1.83647 -2.92766 1.18272
C -2.25872 -6.43734 3.66293
C -2.72506 -7.63617 4.48778
C -2.68621 -8.73188 3.44094
C -2.07867 -7.96432 2.26151
O -1.24667 -7.01027 2.87359
H -4.34564 -6.14094 3.1838
H -4.07598 -7.63149 1.36319
H -1.7081 -2.28792 2.08172
H -1.94296 -5.60879 4.33445
H -1.92857 -7.83788 5.24003
H -3.69718 -7.51323 5.01171
H -1.99428 -9.52923 3.79257
H -3.67226 -9.17076 3.17551
H -1.58656 -8.66297 1.54931
H -2.63427 -2.50985 0.53234
H -0.88335 -2.94195 0.6152
H 2.48751 -3.52419 4.04143
H 2.21766 -4.59426 5.47011
H 0.918 -4.39989 4.21402
H 1.20376 -5.6807 -1.89438
H 0.97011 -4.89557 -0.32481
H -1.19905 -5.10873 -1.41578
H -0.91458 -6.87888 -1.71558
$end

$opt
CONSTRAINT
tors           1           2           3           4    +144.383
tors           3           4           5           6     +82.168
tors           4           5           6           7    +173.009
tors           5           6           7           8    +179.666
tors           6           7           8           9     +54.256
tors           7           8           9          10     -96.943
tors           8           9          10          11    -167.279
tors           9          10          11          12    +171.193
tors          11          12          13          14    +109.834
ENDCONSTRAINT
$end

$rem
JOBTYPE                   OPT
METHOD                    B3LYP
DFT_D                     d3_op
BASIS                     STO-3G
GEOM_OPT_MAX_CYCLES       100
GEOM_OPT_TOL_GRADIENT     300
GEOM_OPT_TOL_DISPLACEMENT 1200
GEOM_OPT_TOL_ENERGY       100
SYMMETRY                  False
THRESH                    12
SCF_CONVERGENCE           8
MAX_SUB_FILE_NUM          128
MEM_STATIC                400
MEM_TOTAL                 4000
$end
