$molecule
0  1
O -3.94934 -3.66094 2.70899
C -3.26408 -4.56952 2.26188
C -3.36658 -6.02376 2.66595
C -3.12935 -7.07586 1.57021
C -2.64159 -6.56025 0.23442
O -1.30683 -6.2794 0.30477
C -0.74436 -5.8984 -0.95528
C 0.74197 -5.59513 -0.79726
O 1.4098 -6.71792 -0.20042
C 1.58269 -6.64698 1.14279
C 2.3881 -7.79943 1.69402
C 2.9287 -7.58973 3.11601
C 2.30551 -6.4514 3.89866
O 1.54242 -6.57655 4.84555
O -2.15172 -4.20651 1.57089
O 2.71197 -5.19976 3.55198
O 0.90527 -5.89067 1.82488
C 2.27741 -4.0436 4.1662
C 1.56792 -9.08897 1.87135
C 2.50424 -10.29464 1.84355
C 3.22827 -10.1183 3.16272
C 2.45821 -8.92367 3.74028
O 1.15999 -9.06535 3.21558
H 3.21738 -7.98622 0.97366
H 4.03362 -7.47467 3.1689
H 0.76346 -9.20665 1.11353
H 1.86161 -11.20211 1.90791
H 3.16041 -10.37488 0.9503
H 3.0655 -11.03246 3.77568
H 4.31494 -9.8981 3.08362
H 2.53733 -8.92184 4.84996
O -3.28793 -6.63857 -0.80364
C -1.83614 -2.91469 1.20381
C -2.27309 -6.44961 3.67247
C -2.75702 -7.64906 4.48696
C -2.71459 -8.7414 3.4354
C -2.08976 -7.97362 2.26493
O -1.25883 -7.02957 2.89175
H -4.35126 -6.13912 3.17361
H -4.07637 -7.6207 1.35744
H -1.72339 -2.27584 2.1055
H -1.95755 -5.62564 4.34949
H -1.97025 -7.85996 5.24686
H -3.73375 -7.52143 5.00111
H -2.03133 -9.54464 3.79052
H -3.70076 -9.1732 3.15899
H -1.5996 -8.67015 1.55107
H -2.62907 -2.5015 0.54455
H -0.87645 -2.91934 0.64802
H 2.76455 -3.17101 3.68492
H 2.54906 -4.05668 5.24335
H 1.17601 -3.94356 4.05734
H 1.19094 -5.38962 -1.7918
H 0.86877 -4.66063 -0.20355
H -1.25485 -4.99854 -1.36721
H -0.84509 -6.74252 -1.67484
$end

$opt
CONSTRAINT
tors           1           2           3           4    +144.577
tors           3           4           5           6     +77.787
tors           4           5           6           7    +174.759
tors           5           6           7           8    +179.741
tors           6           7           8           9     +54.813
tors           7           8           9          10     -96.137
tors           8           9          10          11    -175.291
tors           9          10          11          12    +164.538
tors          11          12          13          14    +108.338
ENDCONSTRAINT
$end

$rem
JOBTYPE                   OPT
METHOD                    B3LYP
DFT_D                     d3_op
BASIS                     STO-3G
GEOM_OPT_MAX_CYCLES       100
GEOM_OPT_TOL_GRADIENT     300
GEOM_OPT_TOL_DISPLACEMENT 1200
GEOM_OPT_TOL_ENERGY       100
SYMMETRY                  False
THRESH                    12
SCF_CONVERGENCE           8
MAX_SUB_FILE_NUM          128
MEM_STATIC                400
MEM_TOTAL                 4000
$end
