$molecule
0  1
O -3.94934 -3.66094 2.70899
C -3.26408 -4.56952 2.26188
C -3.36658 -6.02376 2.66595
C -3.12372 -7.07591 1.57148
C -2.63114 -6.56012 0.23754
O -1.27928 -6.37101 0.28369
C -0.70934 -6.06644 -0.99367
C 0.79703 -5.86668 -0.86298
O 1.38302 -6.99076 -0.18775
C 1.61903 -6.81737 1.1364
C 2.36711 -7.97317 1.757
C 2.92512 -7.70338 3.16203
C 2.3652 -6.4879 3.87322
O 1.60997 -6.51434 4.8342
O -2.1529 -4.2153 1.56294
O 2.87367 -5.2867 3.48271
O 1.129 -5.87805 1.74744
C 2.53307 -4.07638 4.05041
C 1.50514 -9.22075 1.99594
C 2.4006 -10.45631 2.04757
C 3.11158 -10.23412 3.36704
C 2.38839 -8.97501 3.86153
O 1.089 -9.0989 3.33258
H 3.20394 -8.21018 1.06063
H 4.03497 -7.64708 3.21137
H 0.70455 -9.35382 1.23717
H 1.72987 -11.3397 2.14839
H 3.06608 -10.60003 1.16927
H 2.89363 -11.09982 4.03125
H 4.20913 -10.07364 3.29582
H 2.4588 -8.90996 4.96983
O -3.29232 -6.61481 -0.79279
C -1.82404 -2.92575 1.20147
C -2.26366 -6.43521 3.66974
C -2.73446 -7.63243 4.49429
C -2.69318 -8.72924 3.44886
C -2.07701 -7.96435 2.27204
O -1.24715 -7.01015 2.88706
H -4.34859 -6.14283 3.17778
H -4.06453 -7.63111 1.35822
H -1.69424 -2.29514 2.10676
H -1.95151 -5.60552 4.34149
H -1.9406 -7.83391 5.24939
H -3.70824 -7.50832 5.01485
H -2.00642 -9.52889 3.80528
H -3.6793 -9.16459 3.17792
H -1.58738 -8.66466 1.56188
H -2.61747 -2.49713 0.55288
H -0.8692 -2.94063 0.63683
H 3.09085 -3.26523 3.53928
H 2.8001 -4.0703 5.12877
H 1.44376 -3.8915 3.93183
H 1.25634 -5.75841 -1.8681
H 0.98641 -4.90012 -0.34264
H -1.16284 -5.14999 -1.4348
H -0.87575 -6.92796 -1.67971
$end

$opt
CONSTRAINT
tors           1           2           3           4    +144.818
tors           3           4           5           6     +82.222
tors           4           5           6           7    +171.616
tors           5           6           7           8    +179.892
tors           6           7           8           9     +52.193
tors           7           8           9          10     -98.522
tors           8           9          10          11    -173.881
tors           9          10          11          12    +167.326
tors          11          12          13          14    +108.951
ENDCONSTRAINT
$end

$rem
JOBTYPE                   OPT
METHOD                    B3LYP
DFT_D                     d3_op
BASIS                     STO-3G
GEOM_OPT_MAX_CYCLES       100
GEOM_OPT_TOL_GRADIENT     300
GEOM_OPT_TOL_DISPLACEMENT 1200
GEOM_OPT_TOL_ENERGY       100
SYMMETRY                  False
THRESH                    12
SCF_CONVERGENCE           8
MAX_SUB_FILE_NUM          128
MEM_STATIC                400
MEM_TOTAL                 4000
$end
