$molecule
0  1
O -3.94934 -3.66094 2.70899
C -3.26408 -4.56952 2.26188
C -3.36658 -6.02376 2.66595
C -2.09215 -6.69516 3.20345
C -0.90361 -5.79095 3.44399
O 0.17112 -6.23721 2.729
C 0.91828 -7.25123 3.40928
C 2.20914 -6.66495 3.97149
O 3.2322 -6.67773 2.96348
C 4.05477 -5.59957 2.95381
C 5.34863 -5.85324 2.21745
C 6.45511 -6.50587 3.0589
C 6.01081 -7.12508 4.36882
O 6.64151 -7.09769 5.41573
O -2.38164 -4.29426 1.26577
O 5.00219 -8.035 4.2961
O 3.70663 -4.47962 3.30479
C 4.65055 -8.89528 5.31855
C 5.25712 -6.83362 1.03171
C 6.40929 -6.57809 0.06031
C 7.58119 -7.10292 0.86637
C 6.84823 -7.64757 2.09751
O 5.60746 -8.07666 1.58629
H 5.68801 -4.86178 1.83902
H 7.31135 -5.82923 3.27572
H 4.28232 -6.78644 0.49894
H 6.25416 -7.24668 -0.81672
H 6.5079 -5.5289 -0.29232
H 8.05341 -7.93417 0.29697
H 8.34737 -6.34619 1.14169
H 7.46161 -8.42634 2.60279
O -0.8977 -4.76358 4.10534
C -2.16194 -3.03542 0.74759
C -4.32296 -6.24403 3.85459
C -4.79881 -7.69737 3.88693
C -3.54869 -8.39208 4.38181
C -2.61653 -7.19233 4.56553
O -3.48248 -6.16241 4.97809
H -3.75037 -6.55598 1.76683
H -1.78228 -7.55324 2.56276
H -1.79615 -2.3529 1.54428
H -5.20105 -5.56216 3.84598
H -5.58513 -7.78721 4.67014
H -5.19738 -8.06697 2.91762
H -3.76737 -8.84171 5.37631
H -3.13159 -9.16669 3.70267
H -1.7998 -7.4506 5.27421
H -3.09969 -2.63287 0.30835
H -1.39274 -3.0994 -0.04909
H 3.80096 -9.52715 4.98749
H 4.34347 -8.31925 6.21767
H 5.50605 -9.55706 5.57206
H 2.03871 -5.69892 4.49767
H 2.53823 -7.38192 4.7462
H 1.1008 -8.13034 2.75536
H 0.35314 -7.63625 4.29177
$end

$opt
CONSTRAINT
tors           1           2           3           4    -123.158
tors           3           4           5           6    -123.158
tors           4           5           6           7     -85.263
tors           5           6           7           8    -104.211
tors           6           7           8           9     -85.263
tors           7           8           9          10    +142.105
tors           8           9          10          11    +161.053
tors           9          10          11          12     -85.263
tors          11          12          13          14    -142.105
ENDCONSTRAINT
$end

$rem
JOBTYPE                   OPT
METHOD                    B3LYP
DFT_D                     d3_op
BASIS                     STO-3G
GEOM_OPT_MAX_CYCLES       100
GEOM_OPT_TOL_GRADIENT     300
GEOM_OPT_TOL_DISPLACEMENT 1200
GEOM_OPT_TOL_ENERGY       100
SYMMETRY                  False
THRESH                    12
SCF_CONVERGENCE           8
MAX_SUB_FILE_NUM          128
MEM_STATIC                400
MEM_TOTAL                 4000
$end
