$molecule
0  1
O -3.94934 -3.66094 2.70899
C -3.26408 -4.56952 2.26188
C -3.36658 -6.02376 2.66595
C -2.27333 -6.57303 3.59705
C -1.29943 -5.56331 4.16282
O -0.04638 -6.10448 4.21223
C 0.67221 -5.97423 2.98101
C 0.00438 -6.80736 1.89197
O -0.28001 -8.12465 2.38871
C -1.20854 -8.82354 1.68976
C -2.36966 -9.27582 2.54293
C -2.18208 -9.06999 4.05314
C -1.05568 -8.1407 4.45849
O -1.13602 -6.92365 4.54159
O -2.29564 -4.27177 1.35842
O 0.04439 -8.72535 5.07147
O -1.24866 -8.82972 0.4645
C 1.04141 -8.12412 5.81398
C -3.68297 -10.11631 2.45927
C -3.46516 -11.62807 2.63781
C -3.00186 -11.64843 4.0985
C -3.23415 -10.15402 4.52426
O -4.32055 -9.84863 3.68864
H -1.73786 -10.17387 2.34166
H -1.49234 -9.88348 4.31134
H -4.28681 -9.8595 1.56358
H -4.46753 -12.10855 2.5654
H -2.77772 -12.11692 1.91404
H -3.68268 -12.32864 4.65675
H -1.95511 -11.98832 4.25431
H -3.39638 -10.14066 5.62361
O -1.53742 -4.40365 4.49565
C -2.02542 -3.00133 0.89637
C -4.71163 -5.92795 3.45894
C -5.35354 -7.22765 3.86752
C -4.56234 -7.4404 5.11425
C -3.43988 -6.4512 4.88506
O -4.24258 -5.35244 4.61765
H -3.73208 -6.58589 1.72979
H -2.13173 -6.94093 2.63588
H -1.72887 -2.34291 1.74068
H -5.5137 -5.36146 2.92413
H -6.42631 -7.13761 4.15114
H -5.26187 -7.90274 3.00085
H -5.15103 -6.98809 5.95387
H -4.47597 -8.41956 5.5425
H -2.96038 -6.32444 5.88732
H -2.91875 -2.58126 0.38668
H -1.18836 -3.04964 0.17014
H 1.69848 -8.91405 6.23143
H 0.59821 -7.5512 6.65576
H 1.67772 -7.47195 5.18909
H -0.81141 -6.27728 1.36247
H 0.73989 -6.90031 1.06349
H 1.6835 -6.39805 3.15168
H 0.79844 -4.91331 2.67072
$end

$opt
CONSTRAINT
tors           1           2           3           4    -104.211
tors           3           4           5           6    -142.105
tors           4           5           6           7     +85.263
tors           5           6           7           8     -66.316
tors           6           7           8           9     -47.368
tors           7           8           9          10    +161.053
tors           8           9          10          11    -123.158
tors           9          10          11          12      -9.474
tors          11          12          13          14     +85.263
ENDCONSTRAINT
$end

$rem
JOBTYPE                   OPT
METHOD                    B3LYP
DFT_D                     d3_op
BASIS                     STO-3G
GEOM_OPT_MAX_CYCLES       100
GEOM_OPT_TOL_GRADIENT     300
GEOM_OPT_TOL_DISPLACEMENT 1200
GEOM_OPT_TOL_ENERGY       100
SYMMETRY                  False
THRESH                    12
SCF_CONVERGENCE           8
MAX_SUB_FILE_NUM          128
MEM_STATIC                400
MEM_TOTAL                 4000
$end
