$molecule
0  1
O -3.94934 -3.66094 2.70899
C -3.26408 -4.56952 2.26188
C -3.36658 -6.02376 2.66595
C -2.57813 -6.46456 3.91009
C -1.91791 -5.36653 4.71416
O -2.35444 -5.41196 6.00753
C -2.94325 -4.18324 6.44662
C -4.46222 -4.3139 6.48894
O -4.8649 -5.54591 5.87016
C -5.60355 -6.37519 6.64851
C -6.96166 -5.80881 6.98825
C -7.44797 -6.10449 8.41455
C -6.39164 -6.59415 9.38465
O -5.25229 -6.92164 9.08601
O -2.39957 -4.27808 1.25024
O -6.79108 -6.73417 10.67636
O -5.42759 -7.58505 6.64161
C -5.98022 -7.18572 11.69644
C -7.35566 -4.31674 6.87771
C -8.87991 -4.16022 6.76229
C -9.30711 -4.42847 8.1857
C -7.95272 -4.70615 8.82918
O -7.08899 -3.81473 8.16271
H -7.62016 -6.34026 6.26405
H -8.26332 -6.86148 8.44959
H -6.93443 -3.79271 6.00358
H -9.11837 -3.09921 6.52207
H -9.34015 -4.82042 5.99581
H -9.71548 -3.48646 8.6165
H -10.04377 -5.25023 8.3171
H -8.02682 -4.57777 9.93124
O -1.13247 -4.5358 4.27784
C -2.20124 -3.0147 0.73359
C -4.64327 -6.85653 2.71228
C -4.34895 -8.30392 2.29515
C -3.52944 -8.7871 3.49013
C -3.57288 -7.54324 4.39735
O -4.85307 -7.02924 4.07374
H -2.79682 -6.46948 1.81587
H -1.66329 -7.01959 3.59795
H -1.83001 -2.33145 1.52718
H -5.47715 -6.41264 2.12799
H -5.31676 -8.8545 2.28178
H -3.85582 -8.41897 1.30585
H -4.08601 -9.62021 3.97465
H -2.49654 -9.12303 3.25571
H -3.36188 -7.8352 5.44556
H -3.15008 -2.62029 0.31114
H -1.44451 -3.06732 -0.07575
H -6.55946 -7.19994 12.64236
H -5.1087 -6.50788 11.82051
H -5.62701 -8.21609 11.47748
H -4.74436 -4.27843 7.56527
H -4.8815 -3.43022 5.96742
H -2.70868 -3.33943 5.75273
H -2.52223 -3.87211 7.42671
$end

$opt
CONSTRAINT
tors           1           2           3           4     -85.263
tors           3           4           5           6    +123.158
tors           4           5           6           7    -123.158
tors           5           6           7           8    +104.211
tors           6           7           8           9      -9.474
tors           7           8           9          10    +123.158
tors           8           9          10          11     +66.316
tors           9          10          11          12    -142.105
tors          11          12          13          14      -9.474
ENDCONSTRAINT
$end

$rem
JOBTYPE                   OPT
METHOD                    B3LYP
DFT_D                     d3_op
BASIS                     STO-3G
GEOM_OPT_MAX_CYCLES       100
GEOM_OPT_TOL_GRADIENT     300
GEOM_OPT_TOL_DISPLACEMENT 1200
GEOM_OPT_TOL_ENERGY       100
SYMMETRY                  False
THRESH                    12
SCF_CONVERGENCE           8
MAX_SUB_FILE_NUM          128
MEM_STATIC                400
MEM_TOTAL                 4000
$end
