$molecule
0  1
O -3.94934 -3.66094 2.70899
C -3.26408 -4.56952 2.26188
C -3.36658 -6.02376 2.66595
C -3.41669 -6.33291 4.1712
C -3.53792 -5.14515 5.09996
O -2.29942 -4.63188 5.36093
C -1.25727 -5.61051 5.28705
C -1.80677 -6.99063 5.63267
O -1.06985 -7.54971 6.73143
C -0.53218 -6.64926 7.59123
C -1.5118 -5.57952 8.01152
C -2.30249 -4.93808 6.86189
C -2.26982 -5.68175 5.54182
O -1.61246 -5.35942 4.56277
O -2.2656 -4.26283 1.39214
O -3.76841 -6.98392 6.16704
O 0.37747 -6.99093 8.33148
C -3.87556 -8.29753 6.66436
C -2.49212 -5.91355 9.13821
C -2.7664 -4.65346 9.95343
C -3.56975 -3.86064 8.94697
C -3.65784 -4.88023 7.79024
O -3.69733 -6.10253 8.47943
H -0.77799 -4.85951 8.46043
H -1.85747 -3.83578 7.09531
H -2.14871 -6.7472 9.78823
H -3.42664 -4.93829 10.804
H -1.86292 -4.14003 10.34751
H -4.57983 -3.69233 9.38546
H -3.14223 -2.88202 8.64225
H -4.61315 -4.64246 7.29867
O -4.52574 -4.39682 5.09089
C -2.00612 -2.99193 0.92402
C -4.70149 -6.47101 2.05233
C -4.87378 -7.99314 2.07877
C -5.31742 -8.16571 3.50413
C -5.0321 -6.7445 4.03443
O -5.58343 -5.98129 2.99898
H -2.52557 -6.55543 2.15872
H -3.21511 -7.41364 4.01953
H -1.75803 -2.31519 1.7694
H -4.84337 -6.09227 1.01402
H -5.68816 -8.34933 1.40997
H -3.91448 -8.49015 1.81637
H -6.42619 -8.28503 3.51804
H -4.87045 -9.0299 4.03543
H -5.641 -6.63913 4.96255
H -2.88896 -2.59988 0.37488
H -1.14185 -3.02938 0.22971
H -4.94231 -8.51093 6.87882
H -3.30096 -8.41497 7.60477
H -3.5236 -9.04449 5.92603
H -1.76753 -7.98577 5.07617
H -1.11878 -7.50005 4.83301
H -0.04255 -5.33401 5.71804
H -0.03916 -5.34113 5.7125
$end

$opt
CONSTRAINT
tors           1           2           3           4     -47.368
tors           3           4           5           6     -85.263
tors           4           5           6           7     -28.421
tors           5           6           7           8     -28.421
tors           6           7           8           9    -123.158
tors           7           8           9          10     +28.421
tors           8           9          10          11     +47.368
tors           9          10          11          12     -47.368
tors          11          12          13          14    -104.211
ENDCONSTRAINT
$end

$rem
JOBTYPE                   OPT
METHOD                    B3LYP
DFT_D                     d3_op
BASIS                     STO-3G
GEOM_OPT_MAX_CYCLES       100
GEOM_OPT_TOL_GRADIENT     300
GEOM_OPT_TOL_DISPLACEMENT 1200
GEOM_OPT_TOL_ENERGY       100
SYMMETRY                  False
THRESH                    12
SCF_CONVERGENCE           8
MAX_SUB_FILE_NUM          128
MEM_STATIC                400
MEM_TOTAL                 4000
$end
