$molecule
0  1
O -3.94934 -3.66094 2.70899
C -3.26408 -4.56952 2.26188
C -3.36658 -6.02376 2.66595
C -4.55778 -6.42467 3.55148
C -5.60993 -5.36381 3.78738
O -5.37997 -4.29275 2.97168
C -4.37078 -4.54107 1.98724
C -3.99766 -6.01987 1.97842
O -4.91618 -6.76125 2.79668
C -6.00231 -6.07176 3.2257
C -6.13989 -4.72048 2.56556
C -5.18309 -4.47394 1.38997
C -4.49914 -5.70297 0.8257
O -4.76863 -6.85979 1.11505
O -1.93768 -4.24194 1.819
O -3.91713 -5.49097 -0.45699
O -7.06113 -6.92111 3.26627
C -3.65851 -6.44557 -1.42675
C -7.55092 -4.95925 1.66637
C -8.24838 -3.70198 1.04663
C -7.43661 -3.54544 -0.17482
C -6.34191 -4.6145 0.13356
O -7.14247 -5.66571 0.55154
H -7.23568 -4.03895 3.06313
H -5.60015 -3.27932 0.97509
H -8.39352 -5.47835 2.19688
H -9.29436 -3.92467 0.73518
H -8.25567 -2.80812 1.70815
H -8.02365 -3.91147 -1.05114
H -7.09794 -2.50842 -0.39371
H -5.94391 -4.75029 -0.8976
O -5.86806 -4.92546 5.07229
C -1.3282 -3.00935 1.96487
C -2.23811 -7.16647 3.37158
C -1.68288 -6.96644 4.82923
C -2.88732 -7.34509 5.67206
C -3.88514 -7.71307 4.55114
O -3.02783 -8.31647 3.60266
H -2.55505 -5.47115 3.41932
H -4.10049 -5.84602 4.49032
H -1.25804 -2.75207 3.04232
H -1.36715 -7.33815 2.69926
H -0.89815 -7.73878 4.99669
H -1.23522 -5.97394 5.05492
H -2.6405 -8.25709 6.26012
H -3.26119 -6.55662 6.36073
H -4.69531 -8.37669 4.92308
H -1.88338 -2.21026 1.4341
H -0.30367 -3.06135 1.5439
H -2.57004 -6.46377 -1.64002
H -4.20053 -6.17382 -2.35547
H -3.98411 -7.46091 -1.11719
H -2.80595 -6.84229 1.00565
H -2.80595 -6.84229 1.00565
H -3.70826 -3.3829 0.74012
H -3.70826 -3.3829 0.74012
$end

$opt
CONSTRAINT
tors           1           2           3           4      +9.474
tors           3           4           5           6      +9.474
tors           4           5           6           7      +9.474
tors           5           6           7           8      +9.474
tors           6           7           8           9      +9.474
tors           7           8           9          10      +9.474
tors           8           9          10          11      +9.474
tors           9          10          11          12      +9.474
tors          11          12          13          14      +9.474
ENDCONSTRAINT
$end

$rem
JOBTYPE                   OPT
METHOD                    B3LYP
DFT_D                     d3_op
BASIS                     STO-3G
GEOM_OPT_MAX_CYCLES       100
GEOM_OPT_TOL_GRADIENT     300
GEOM_OPT_TOL_DISPLACEMENT 1200
GEOM_OPT_TOL_ENERGY       100
SYMMETRY                  False
THRESH                    12
SCF_CONVERGENCE           8
MAX_SUB_FILE_NUM          128
MEM_STATIC                400
MEM_TOTAL                 4000
$end
