$molecule
0  1
O -3.94934 -3.66094 2.70899
C -3.26408 -4.56952 2.26188
C -3.36658 -6.02376 2.66595
C -4.77372 -6.64113 2.71769
C -5.90468 -5.78727 2.1886
O -5.75655 -5.60256 0.84348
C -5.06874 -6.68025 0.19946
C -5.68255 -6.95178 -1.17008
O -5.85208 -5.71704 -1.88392
C -6.75761 -4.85723 -1.35487
C -6.1691 -3.50215 -1.04166
C -6.98159 -2.65718 -0.04961
C -8.03802 -3.4015 0.74201
O -8.31767 -3.20024 1.91498
O -2.24324 -4.27147 1.41824
O -9.02463 -4.0144 0.04086
O -7.89159 -4.95947 -1.79239
C -10.13426 -4.62816 0.58887
C -4.75157 -3.2133 -0.61142
C -4.33707 -1.81448 -1.1015
C -5.14985 -0.92915 -0.16498
C -5.8521 -1.98413 0.70088
O -4.90807 -3.0032 0.74945
H -6.24939 -3.04143 -2.05414
H -7.5786 -1.89104 -0.59459
H -4.0257 -3.99129 -0.92855
H -3.25798 -1.65543 -0.89851
H -4.50739 -1.63534 -2.1851
H -4.43996 -0.35635 0.47268
H -5.8551 -0.22896 -0.66218
H -6.17968 -1.55666 1.6728
O -6.74722 -5.21846 2.86408
C -1.67366 -3.01967 1.31021
C -2.47159 -7.20781 2.22542
C -2.13357 -8.06269 3.44871
C -3.50714 -8.65069 3.7657
C -4.3289 -8.14632 2.55728
O -3.33381 -8.09346 1.55415
H -3.07893 -5.84562 3.72998
H -5.09292 -6.62407 3.78574
H -1.18847 -2.7462 2.27115
H -1.56094 -6.89591 1.67163
H -1.46568 -8.88041 3.09357
H -1.6374 -7.53832 4.29372
H -3.41623 -9.75941 3.75171
H -3.94903 -8.32803 4.73265
H -5.19384 -8.82584 2.39339
H -2.4333 -2.25333 1.07354
H -0.90298 -3.03549 0.51277
H -10.75647 -5.04881 -0.22724
H -10.74181 -3.89138 1.15652
H -9.81843 -5.45484 1.26079
H -5.03044 -7.64401 -1.74647
H -6.68943 -7.42989 -1.08057
H -5.34983 -7.67746 0.55598
H -4.01141 -6.39375 0.01223
$end

$opt
CONSTRAINT
tors           1           2           3           4     +47.368
tors           3           4           5           6     +66.316
tors           4           5           6           7     +28.421
tors           5           6           7           8    +142.105
tors           6           7           8           9     +47.368
tors           7           8           9          10     -66.316
tors           8           9          10          11    +123.158
tors           9          10          11          12    -161.053
tors          11          12          13          14    +142.105
ENDCONSTRAINT
$end

$rem
JOBTYPE                   OPT
METHOD                    B3LYP
DFT_D                     d3_op
BASIS                     STO-3G
GEOM_OPT_MAX_CYCLES       100
GEOM_OPT_TOL_GRADIENT     300
GEOM_OPT_TOL_DISPLACEMENT 1200
GEOM_OPT_TOL_ENERGY       100
SYMMETRY                  False
THRESH                    12
SCF_CONVERGENCE           8
MAX_SUB_FILE_NUM          128
MEM_STATIC                400
MEM_TOTAL                 4000
$end
