$molecule
0  1
O -3.94934 -3.66094 2.70899
C -3.26408 -4.56952 2.26188
C -3.36658 -6.02376 2.66595
C -4.66266 -6.76517 2.29943
C -5.63801 -6.02118 1.41441
O -5.57726 -6.51242 0.14145
C -5.61539 -7.94241 0.08727
C -6.73846 -8.4722 0.97282
O -7.36505 -9.60194 0.34517
C -6.99494 -9.83541 -0.93844
C -6.57503 -8.58108 -1.66712
C -5.2914 -7.9244 -1.13859
C -4.43801 -8.78192 -0.22584
O -3.26241 -9.06166 -0.41094
O -2.28933 -4.26997 1.36456
O -4.88199 -10.08836 0.26619
O -7.13842 -10.9416 -1.44191
C -4.13863 -11.20046 0.64691
C -6.31334 -9.01807 -3.12315
C -6.26959 -7.82519 -4.07649
C -4.87031 -7.37787 -3.83568
C -4.52339 -8.24803 -2.58253
O -5.00861 -9.48409 -3.02036
H -7.44822 -7.88213 -1.66707
H -4.87264 -6.90861 -1.67082
H -7.06626 -9.73903 -3.51343
H -6.36681 -8.11736 -5.14572
H -7.05559 -7.0859 -3.80939
H -4.22566 -7.75834 -4.66294
H -4.73334 -6.27604 -3.77418
H -3.40558 -8.21259 -2.53738
O -6.11532 -4.92638 1.6679
C -2.05979 -3.00804 0.85819
C -2.18971 -6.99717 2.5297
C -1.98145 -7.70078 3.86159
C -3.31962 -8.41282 3.96684
C -3.88638 -8.17733 2.53194
O -2.71665 -8.03434 1.77337
H -3.42401 -5.80808 3.76214
H -5.32475 -6.78334 3.19498
H -1.80502 -2.30483 1.67946
H -1.25678 -6.54688 2.12913
H -1.16726 -8.44435 3.70062
H -1.72592 -7.0607 4.73359
H -3.10759 -9.48355 4.18753
H -4.01952 -8.0034 4.72689
H -4.45073 -9.11339 2.40829
H -2.96031 -2.64497 0.31766
H -1.2103 -3.05096 0.14616
H -4.82973 -11.99437 0.9962
H -3.43799 -10.94547 1.46835
H -3.56538 -11.58923 -0.22115
H -7.30269 -8.4144 2.06241
H -7.54505 -7.68991 0.71929
H -4.28449 -6.91134 0.23956
H -5.75163 -8.27363 1.21021
$end

$opt
CONSTRAINT
tors           1           2           3           4     +66.316
tors           3           4           5           6    +104.211
tors           4           5           6           7     +47.368
tors           5           6           7           8     +47.368
tors           6           7           8           9    +142.105
tors           7           8           9          10      -9.474
tors           8           9          10          11     -28.421
tors           9          10          11          12     +66.316
tors          11          12          13          14    +123.158
ENDCONSTRAINT
$end

$rem
JOBTYPE                   OPT
METHOD                    B3LYP
DFT_D                     d3_op
BASIS                     STO-3G
GEOM_OPT_MAX_CYCLES       100
GEOM_OPT_TOL_GRADIENT     300
GEOM_OPT_TOL_DISPLACEMENT 1200
GEOM_OPT_TOL_ENERGY       100
SYMMETRY                  False
THRESH                    12
SCF_CONVERGENCE           8
MAX_SUB_FILE_NUM          128
MEM_STATIC                400
MEM_TOTAL                 4000
$end
