$molecule
0  1
O -3.94934 -3.66094 2.70899
C -3.26408 -4.56952 2.26188
C -3.36658 -6.02376 2.66595
C -4.06137 -6.97914 1.68189
C -4.41791 -6.40938 0.32677
O -5.7593 -6.15936 0.26688
C -6.07744 -4.96167 -0.44977
C -5.9939 -3.75519 0.47951
O -5.04195 -4.00765 1.52494
C -5.57229 -4.2976 2.73894
C -6.6674 -3.34081 3.14631
C -7.59881 -3.85638 4.25309
C -7.10315 -5.06259 5.02516
O -5.93004 -5.3508 5.21307
O -2.34125 -4.27283 1.3034
O -8.0578 -5.95396 5.40011
O -5.92365 -5.46272 2.83422
C -7.79836 -7.14057 6.05342
C -6.08267 -2.09159 3.88431
C -7.05997 -0.91191 3.82981
C -8.16084 -1.42225 4.73046
C -7.49642 -2.69671 5.26303
O -6.12092 -2.41404 5.24828
H -7.28306 -2.84247 2.38928
H -8.64771 -4.03727 3.9279
H -5.10461 -1.73803 3.49798
H -6.55207 -0.05937 4.33694
H -7.38786 -0.58129 2.82076
H -8.32924 -0.6743 5.53657
H -9.11938 -1.66193 4.2209
H -7.9233 -2.96599 6.2557
O -3.58674 -5.9752 -0.46337
C -2.10104 -3.00576 0.81401
C -1.97585 -6.68729 2.75732
C -2.03424 -7.92874 3.6489
C -2.7835 -8.88704 2.74782
C -2.94298 -8.02238 1.49304
O -1.77496 -7.23807 1.47923
H -3.79838 -6.06328 3.69048
H -4.9565 -7.48202 2.11243
H -1.77224 -2.33476 1.63596
H -1.18709 -5.99255 3.12167
H -0.99266 -8.30251 3.77303
H -2.48694 -7.76402 4.65033
H -2.12006 -9.75302 2.52761
H -3.75752 -9.24892 3.14234
H -3.1107 -8.66549 0.60056
H -3.01746 -2.59634 0.3385
H -1.29791 -3.05776 0.05085
H -8.75503 -7.67027 6.23951
H -7.3045 -6.94005 7.02828
H -7.14653 -7.78751 5.42792
H -5.83525 -2.78671 -0.03933
H -7.04935 -3.817 0.7714
H -7.06237 -5.04902 -0.96373
H -5.37349 -4.79569 -1.29544
$end

$opt
CONSTRAINT
tors           1           2           3           4    +104.211
tors           3           4           5           6    -104.211
tors           4           5           6           7    +142.105
tors           5           6           7           8     -85.263
tors           6           7           8           9     +28.421
tors           7           8           9          10    -104.211
tors           8           9          10          11     -47.368
tors           9          10          11          12    +161.053
tors          11          12          13          14     +28.421
ENDCONSTRAINT
$end

$rem
JOBTYPE                   OPT
METHOD                    B3LYP
DFT_D                     d3_op
BASIS                     STO-3G
GEOM_OPT_MAX_CYCLES       100
GEOM_OPT_TOL_GRADIENT     300
GEOM_OPT_TOL_DISPLACEMENT 1200
GEOM_OPT_TOL_ENERGY       100
SYMMETRY                  False
THRESH                    12
SCF_CONVERGENCE           8
MAX_SUB_FILE_NUM          128
MEM_STATIC                400
MEM_TOTAL                 4000
$end
