$molecule
0  1
O -3.94934 -3.66094 2.70899
C -3.26408 -4.56952 2.26188
C -3.36658 -6.02376 2.66595
C -2.40867 -7.01244 1.98128
C -1.33566 -6.41165 1.10049
O -0.56628 -7.40434 0.5638
C 0.71469 -7.52553 1.19124
C 0.55108 -7.98977 2.6348
O -0.11002 -6.97284 3.40399
C -1.22044 -6.44107 2.83538
C -1.60635 -5.10848 3.43198
C -2.06171 -5.16291 4.89757
C -1.73205 -6.4394 5.64497
O -1.61115 -7.54581 5.1392
O -3.05675 -4.24997 0.93496
O -1.81952 -6.39084 7.00417
O -1.62059 -8.64992 1.89587
C -1.62981 -7.47115 7.84079
C -0.227 -4.29484 3.81738
C -0.43776 -2.75403 3.90107
C -1.34738 -2.70181 5.09158
C -1.15935 -4.1335 5.60878
O 0.08166 -4.54737 5.15292
H -1.23797 -4.40423 2.62716
H -3.0998 -4.8326 5.08591
H 0.67401 -4.50442 3.16601
H 0.5526 -2.31979 4.17285
H -0.82177 -2.22692 3.00047
H -0.96531 -1.92171 5.78616
H -2.42044 -2.52495 4.8612
H -1.27508 -4.1223 6.7149
O -1.14587 -5.32439 0.56273
C -3.03329 -2.9935 0.34194
C -4.46223 -6.68053 3.57255
C -5.76941 -6.97958 2.82628
C -5.20474 -7.93411 1.78778
C -3.76326 -8.13073 2.3632
O -3.95045 -7.95104 3.7309
H -4.08235 -5.87186 1.83241
H -2.85033 -7.14382 0.93071
H -3.1447 -2.1663 1.07468
H -4.65921 -6.16303 4.52968
H -6.43131 -7.52562 3.53719
H -6.30544 -6.10162 2.406
H -5.8181 -8.8631 1.83253
H -5.16152 -7.56113 0.7424
H -3.63047 -9.2215 2.15067
H -3.84903 -2.92882 -0.4071
H -2.06278 -2.85577 -0.17707
H -1.75477 -7.14265 8.89285
H -0.60357 -7.87709 7.71205
H -2.37785 -8.26265 7.62145
H 0.24095 -9.0289 2.87744
H 1.58611 -8.03763 3.03462
H 1.26298 -6.55657 1.14449
H 1.31237 -8.2838 0.64316
$end

$opt
CONSTRAINT
tors           1           2           3           4    -180.000
tors           3           4           5           6    -180.000
tors           4           5           6           7    -104.211
tors           5           6           7           8     +66.316
tors           6           7           8           9     -66.316
tors           7           8           9          10     +47.368
tors           8           9          10          11    -161.053
tors           9          10          11          12     -66.316
tors          11          12          13          14     -28.421
ENDCONSTRAINT
$end

$rem
JOBTYPE                   OPT
METHOD                    B3LYP
DFT_D                     d3_op
BASIS                     STO-3G
GEOM_OPT_MAX_CYCLES       100
GEOM_OPT_TOL_GRADIENT     300
GEOM_OPT_TOL_DISPLACEMENT 1200
GEOM_OPT_TOL_ENERGY       100
SYMMETRY                  False
THRESH                    12
SCF_CONVERGENCE           8
MAX_SUB_FILE_NUM          128
MEM_STATIC                400
MEM_TOTAL                 4000
$end
