$molecule
0  1
O -3.94934 -3.66094 2.70899
C -3.26408 -4.56952 2.26188
C -3.36658 -6.02376 2.66595
C -2.05485 -6.81962 2.76498
C -0.77355 -6.02841 2.62234
O 0.1939 -6.80982 2.05766
C 1.47521 -6.65532 2.67703
C 1.52688 -5.3466 3.45852
O 2.86788 -4.83224 3.46362
C 3.04697 -3.67773 4.15222
C 4.49016 -3.2348 4.19301
C 5.11536 -2.93857 2.82201
C 4.14125 -2.77966 1.67199
O 4.10442 -3.48207 0.67208
O -2.72435 -4.36763 1.02502
O 3.19337 -1.81225 1.80866
O 2.139 -3.05228 4.68762
C 2.19188 -1.56562 0.89325
C 4.75812 -1.89339 4.91133
C 6.20805 -1.85337 5.39451
C 6.94457 -1.71622 4.07566
C 5.76025 -1.57285 3.11278
O 4.77108 -0.93195 3.88423
H 5.04053 -4.03916 4.7319
H 5.84711 -3.72221 2.52448
H 4.06805 -1.69769 5.76041
H 6.33062 -0.90665 5.96838
H 6.52793 -2.7071 6.02983
H 7.547 -0.78134 4.10579
H 7.58978 -2.57835 3.79968
H 6.06908 -1.04984 2.18073
O -0.80967 -4.82483 2.45819
C -2.657 -3.14533 0.38761
C -3.88863 -6.18241 4.10935
C -4.46641 -7.5842 4.3104
C -3.19758 -8.40715 4.36016
C -2.14547 -7.30444 4.22187
O -2.72058 -6.20905 4.89096
H -4.08141 -6.49374 1.95382
H -2.03175 -7.67537 2.05146
H -2.05995 -2.43201 0.99547
H -4.64906 -5.42215 4.39161
H -4.94674 -7.61706 5.31444
H -5.20363 -7.89084 3.53742
H -3.11803 -8.87019 5.36918
H -3.10593 -9.1908 3.57732
H -1.16585 -7.65731 4.61523
H -3.67763 -2.73852 0.22436
H -2.16237 -3.27556 -0.59663
H 1.56552 -0.72576 1.25744
H 1.5503 -2.46556 0.77743
H 2.63067 -1.28627 -0.08838
H 1.16486 -4.50395 2.86445
H 1.06767 -5.42666 4.47093
H 2.19935 -6.56307 1.83879
H 1.76295 -7.53932 3.28388
$end

$opt
CONSTRAINT
tors           1           2           3           4    -142.409
tors           3           4           5           6    -149.101
tors           4           5           6           7    -137.763
tors           5           6           7           8     -19.341
tors           6           7           8           9    -149.247
tors           7           8           9          10    -178.832
tors           8           9          10          11    +176.403
tors           9          10          11          12     +61.418
tors          11          12          13          14    -118.896
ENDCONSTRAINT
$end

$rem
JOBTYPE                   OPT
METHOD                    B3LYP
DFT_D                     d3_op
BASIS                     STO-3G
GEOM_OPT_MAX_CYCLES       100
GEOM_OPT_TOL_GRADIENT     300
GEOM_OPT_TOL_DISPLACEMENT 1200
GEOM_OPT_TOL_ENERGY       100
SYMMETRY                  False
THRESH                    12
SCF_CONVERGENCE           8
MAX_SUB_FILE_NUM          128
MEM_STATIC                400
MEM_TOTAL                 4000
$end
