$molecule
0  1
O -3.94934 -3.66094 2.70899
C -3.26408 -4.56952 2.26188
C -3.36658 -6.02376 2.66595
C -3.7761 -7.0285 1.57662
C -3.86457 -6.49347 0.16453
O -4.30353 -7.4755 -0.6771
C -3.59559 -7.5092 -1.92086
C -2.53529 -6.41334 -1.952
O -2.33449 -5.96484 -3.3016
C -1.31822 -6.5643 -3.97017
C -1.30724 -6.23344 -5.44362
C -0.10574 -6.78817 -6.22269
C 0.69754 -7.86421 -5.52016
O 1.90622 -8.02167 -5.61433
O -2.31201 -4.26782 1.33653
O -0.01712 -8.91711 -5.0248
O -0.40606 -7.1011 -3.35568
C 0.53608 -10.05547 -4.47556
C -2.47891 -6.85425 -6.22741
C -2.72416 -6.04599 -7.50079
C -1.49942 -6.42011 -8.31286
C -0.86356 -7.46286 -7.38546
O -1.96442 -8.05687 -6.73933
H -1.36187 -5.12345 -5.51871
H 0.60037 -6.00672 -6.58074
H -3.41438 -6.93501 -5.63173
H -3.62343 -6.48088 -7.99334
H -2.88033 -4.95575 -7.35289
H -1.8391 -6.89171 -9.26163
H -0.79866 -5.58508 -8.53016
H -0.2102 -8.15316 -7.96412
O -4.36434 -5.38567 0.00521
C -2.0734 -3.00134 0.84634
C -2.00506 -6.60249 3.08828
C -2.20881 -7.82888 3.9773
C -2.68418 -8.84196 2.95639
C -2.59333 -8.01083 1.67321
O -1.49377 -7.1623 1.90274
H -4.07836 -6.06104 3.52174
H -4.75691 -7.50162 1.81068
H -1.77775 -2.32035 1.67275
H -1.35704 -5.8571 3.59982
H -1.20795 -8.14513 4.34903
H -2.88931 -7.66808 4.84101
H -1.94694 -9.67486 2.91941
H -3.70502 -9.24735 3.12654
H -2.51492 -8.68077 0.78899
H -2.98234 -2.60941 0.34192
H -1.24741 -3.04797 0.10739
H -0.27864 -10.73518 -4.15213
H 1.15421 -9.79085 -3.59123
H 1.16133 -10.58007 -5.22918
H -2.78566 -5.4172 -1.55604
H -1.61905 -6.69954 -1.38673
H -4.35152 -7.29766 -2.70749
H -3.14768 -8.5053 -2.12042
$end

$opt
CONSTRAINT
tors           1           2           3           4    +117.144
tors           3           4           5           6    -176.867
tors           4           5           6           7    -137.763
tors           5           6           7           8      -0.186
tors           6           7           8           9    -149.541
tors           7           8           9          10     -94.522
tors           8           9          10          11    +169.936
tors           9          10          11          12    +174.903
tors          11          12          13          14    -145.785
ENDCONSTRAINT
$end

$rem
JOBTYPE                   OPT
METHOD                    B3LYP
DFT_D                     d3_op
BASIS                     STO-3G
GEOM_OPT_MAX_CYCLES       100
GEOM_OPT_TOL_GRADIENT     300
GEOM_OPT_TOL_DISPLACEMENT 1200
GEOM_OPT_TOL_ENERGY       100
SYMMETRY                  False
THRESH                    12
SCF_CONVERGENCE           8
MAX_SUB_FILE_NUM          128
MEM_STATIC                400
MEM_TOTAL                 4000
$end
