$molecule
0  1
O -3.94934 -3.66094 2.70899
C -3.26408 -4.56952 2.26188
C -3.36658 -6.02376 2.66595
C -2.06171 -6.83597 2.70443
C -0.77828 -6.06003 2.50736
O -0.55698 -5.24828 3.58323
C -1.76079 -4.70669 4.1371
C -2.18789 -5.51509 5.35783
O -3.47112 -5.064 5.81906
C -3.45252 -4.29989 6.9393
C -4.80661 -3.72619 7.28273
C -5.98649 -4.35459 6.5269
C -5.69944 -5.66878 5.82889
O -6.19142 -6.03122 4.77004
O -2.43152 -4.26358 1.21916
O -5.20906 -6.6437 6.6575
O -2.43822 -3.95957 7.53579
C -5.26995 -8.01167 6.47273
C -5.24354 -3.97683 8.74219
C -6.26488 -2.91698 9.15427
C -7.46288 -3.34299 8.32747
C -6.92421 -4.64267 7.71698
O -6.03754 -5.13445 8.69285
H -4.72957 -2.62666 7.12554
H -6.44389 -3.66828 5.78054
H -4.39508 -3.99548 9.46037
H -6.49491 -3.09331 10.22976
H -5.94726 -1.86068 9.01935
H -8.31063 -3.54769 9.01826
H -7.77588 -2.62528 7.53843
H -7.75966 -5.32058 7.43339
O 0.13538 -6.39947 1.76659
C -2.25633 -2.99708 0.70203
C -4.33685 -7.2076 2.9358
C -4.29628 -8.40313 1.92632
C -3.04924 -9.15632 2.39132
C -2.50452 -8.15152 3.40477
O -3.71847 -7.79321 4.04952
H -3.7111 -6.08537 1.60861
H -1.97571 -7.20988 1.65412
H -1.86306 -2.31584 1.48651
H -5.38127 -6.89496 2.9765
H -5.16856 -9.08019 2.06327
H -4.26874 -8.06211 0.86895
H -3.35849 -10.05538 2.97178
H -2.35546 -9.46799 1.58102
H -1.72467 -8.57664 4.07175
H -3.22017 -2.60594 0.31204
H -1.5255 -3.04276 -0.1311
H -5.82079 -8.4628 7.32327
H -4.2418 -8.42751 6.46704
H -5.79382 -8.29514 5.53568
H -2.20593 -6.59139 5.25197
H -1.39416 -5.46731 6.14642
H -1.93455 -3.62584 3.93476
H -1.31722 -3.92486 4.79344
$end

$opt
CONSTRAINT
tors           1           2           3           4    -145.052
tors           3           4           5           6     +68.525
tors           4           5           6           7     -35.555
tors           5           6           7           8     +98.967
tors           6           7           8           9    -173.543
tors           7           8           9          10    -104.474
tors           8           9          10          11    +173.357
tors           9          10          11          12     +13.559
tors          11          12          13          14    -145.461
ENDCONSTRAINT
$end

$rem
JOBTYPE                   OPT
METHOD                    B3LYP
DFT_D                     d3_op
BASIS                     STO-3G
GEOM_OPT_MAX_CYCLES       100
GEOM_OPT_TOL_GRADIENT     300
GEOM_OPT_TOL_DISPLACEMENT 1200
GEOM_OPT_TOL_ENERGY       100
SYMMETRY                  False
THRESH                    12
SCF_CONVERGENCE           8
MAX_SUB_FILE_NUM          128
MEM_STATIC                400
MEM_TOTAL                 4000
$end
