$molecule
0  1
O -3.94934 -3.66094 2.70899
C -3.26408 -4.56952 2.26188
C -3.36658 -6.02376 2.66595
C -2.05485 -6.81962 2.76498
C -0.77355 -6.02841 2.62234
O 0.24825 -6.8607 2.26367
C 1.15688 -7.13149 3.3362
C 1.01865 -6.07022 4.42281
O 2.15711 -6.11405 5.29737
C 2.10118 -7.04586 6.28111
C 1.51782 -8.35871 5.81549
C 0.0193 -8.53812 6.09929
C -0.73905 -7.27855 6.46686
O -1.72556 -7.22992 7.18727
O -2.65268 -4.35157 1.06432
O -0.05589 -6.14363 6.81849
O 2.8088 -6.90503 7.27638
C -0.54752 -4.91941 7.26315
C 1.78934 -9.7139 5.03406
C 1.82764 -10.96753 5.9357
C 0.34594 -11.08309 6.31445
C -0.27682 -9.9375 5.47792
O 0.5632 -9.98642 4.3591
H 1.9713 -8.80362 6.72357
H -0.02334 -8.83555 7.1755
H 2.67935 -9.63825 4.37332
H 2.09144 -11.8317 5.28464
H 2.54067 -10.93873 6.78776
H -0.02624 -12.06471 5.94515
H 0.12752 -11.00947 7.40135
H -1.35596 -10.11591 5.30339
O -0.66381 -4.81363 2.53964
C -2.57865 -3.12657 0.43363
C -3.94754 -6.25339 4.06793
C -4.65677 -7.6026 4.10856
C -3.47708 -8.53839 3.95912
C -2.31484 -7.5322 4.04655
O -2.81359 -6.49475 4.85623
H -4.05057 -6.47573 1.91035
H -2.03139 -7.5409 1.91478
H -2.04228 -2.39774 1.07821
H -4.62867 -5.44953 4.42162
H -5.07533 -7.70945 5.13541
H -5.4697 -7.7483 3.36511
H -3.48336 -9.24044 4.8206
H -3.44408 -9.10624 3.00398
H -1.39564 -8.03871 4.26426
H -3.5984 -2.74893 0.20638
H -2.02021 -3.24097 -0.51792
H -0.17701 -4.11578 6.59409
H -0.17241 -4.72644 8.28904
H -1.65761 -4.87395 7.26359
H 1.24715 -5.12821 3.88053
H 0.03822 -5.80544 4.7757
H 2.19125 -7.07605 2.93289
H 0.95898 -8.1158 3.51729
$end

$opt
CONSTRAINT
tors           1           2           3           4    -142.409
tors           3           4           5           6    -158.883
tors           4           5           6           7    -105.730
tors           5           6           7           8     -19.310
tors           6           7           8           9    -163.836
tors           7           8           9          10     -82.957
tors           8           9          10          11     +40.220
tors           9          10          11          12     -96.211
tors          11          12          13          14    -150.611
ENDCONSTRAINT
$end

$rem
JOBTYPE                   OPT
METHOD                    B3LYP
DFT_D                     d3_op
BASIS                     STO-3G
GEOM_OPT_MAX_CYCLES       100
GEOM_OPT_TOL_GRADIENT     300
GEOM_OPT_TOL_DISPLACEMENT 1200
GEOM_OPT_TOL_ENERGY       100
SYMMETRY                  False
THRESH                    12
SCF_CONVERGENCE           8
MAX_SUB_FILE_NUM          128
MEM_STATIC                400
MEM_TOTAL                 4000
$end
