$molecule
0  1
O -3.94934 -3.66094 2.70899
C -3.26408 -4.56952 2.26188
C -3.36658 -6.02376 2.66595
C -2.37425 -7.00423 2.01957
C -1.27582 -6.3946 1.17702
O -0.92319 -7.25787 0.17909
C -1.94496 -7.423 -0.80983
C -1.95849 -8.86147 -1.31652
O -2.3665 -8.89158 -2.69329
C -3.4937 -9.59982 -2.95206
C -3.97838 -9.43589 -4.37294
C -4.51065 -10.71909 -5.02743
C -4.8126 -11.8659 -4.08384
O -4.23345 -12.94242 -4.06848
O -2.51447 -4.21531 1.18458
O -5.83569 -11.68917 -3.20138
O -4.20512 -10.0567 -2.06663
C -6.25523 -12.63475 -2.28878
C -5.22172 -8.52929 -4.52061
C -5.26059 -7.94835 -5.93412
C -5.58794 -9.1909 -6.74242
C -5.83415 -10.19671 -5.61025
O -6.32155 -9.40645 -4.55155
H -3.15434 -8.97176 -4.96365
H -3.79328 -11.10407 -5.78568
H -5.26417 -7.71527 -3.76432
H -6.13612 -7.26055 -5.9693
H -4.3542 -7.3955 -6.26216
H -6.51666 -8.99677 -7.32317
H -4.77886 -9.54417 -7.41802
H -6.49564 -11.02481 -5.94814
O -0.4504 -5.61827 1.6399
C -2.39997 -2.93989 0.6671
C -3.00693 -6.19885 4.154
C -3.60291 -7.50167 4.68754
C -2.68849 -8.51483 4.0345
C -1.72356 -7.58235 3.2955
O -1.62797 -6.46568 4.14451
H -4.42621 -6.31939 2.49767
H -2.89754 -7.83185 1.49419
H -1.9788 -2.25359 1.4324
H -3.33487 -5.34405 4.78574
H -3.43404 -7.53113 5.78775
H -4.68616 -7.63095 4.47563
H -2.13793 -9.05784 4.83506
H -3.18737 -9.24425 3.36055
H -0.76999 -8.11463 3.08079
H -3.3932 -2.5703 0.33389
H -1.71703 -2.96321 -0.2067
H -7.10114 -12.22251 -1.70153
H -5.42701 -12.88881 -1.59323
H -6.59804 -13.55022 -2.81655
H -0.91151 -9.23438 -1.31896
H -2.51311 -9.50845 -0.60191
H -1.5872 -6.81284 -1.66803
H -2.95913 -7.02441 -0.57663
$end

$opt
CONSTRAINT
tors           1           2           3           4    -177.815
tors           3           4           5           6    -149.505
tors           4           5           6           7     +68.732
tors           5           6           7           8    -144.315
tors           6           7           8           9    -148.184
tors           7           8           9          10    -119.410
tors           8           9          10          11    +171.926
tors           9          10          11          12    +140.192
tors          11          12          13          14    -115.309
ENDCONSTRAINT
$end

$rem
JOBTYPE                   OPT
METHOD                    B3LYP
DFT_D                     d3_op
BASIS                     STO-3G
GEOM_OPT_MAX_CYCLES       100
GEOM_OPT_TOL_GRADIENT     300
GEOM_OPT_TOL_DISPLACEMENT 1200
GEOM_OPT_TOL_ENERGY       100
SYMMETRY                  False
THRESH                    12
SCF_CONVERGENCE           8
MAX_SUB_FILE_NUM          128
MEM_STATIC                400
MEM_TOTAL                 4000
$end
