$molecule
0  1
O -3.94934 -3.66094 2.70899
C -3.26408 -4.56952 2.26188
C -3.36658 -6.02376 2.66595
C -2.14648 -6.64676 3.36385
C -1.02806 -5.70009 3.7394
O 0.1698 -6.35444 3.69046
C 1.03021 -6.03696 4.78961
C 0.64432 -6.86031 6.01408
O 1.16799 -6.24577 7.20193
C 1.27541 -4.89452 7.16056
C 1.01933 -4.2427 8.49854
C 1.11101 -5.18648 9.7065
C 1.78018 -6.52222 9.45214
O 1.29346 -7.45037 8.8227
O -2.32316 -4.28156 1.32487
O 3.00796 -6.72249 10.00768
O 2.18632 -4.38708 6.51503
C 3.74717 -7.87989 9.87839
C 2.01479 -3.13561 8.9336
C 1.32976 -2.18941 9.91797
C 1.21367 -3.08328 11.13281
C 1.98221 -4.31508 10.63977
O 2.94398 -3.79356 9.75653
H 0.01183 -3.77902 8.40639
H 0.123 -5.40899 10.16589
H 2.43676 -2.54341 8.09326
H 2.0578 -1.377 10.14367
H 0.37679 -1.73652 9.56927
H 1.74424 -2.59386 11.97962
H 0.17613 -3.34637 11.43265
H 2.37341 -4.88338 11.51206
O -1.23108 -4.66941 4.37312
C -2.07138 -3.01531 0.84038
C -4.46843 -6.26037 3.71879
C -4.94254 -7.70913 3.658
C -3.74584 -8.41371 4.24988
C -2.86381 -7.21144 4.61344
O -3.78605 -6.20506 4.94435
H -3.6315 -6.5715 1.73355
H -1.71106 -7.48391 2.77118
H -1.75191 -2.34613 1.66778
H -5.34158 -5.58006 3.61257
H -5.79923 -7.80924 4.36267
H -5.25144 -8.06066 2.65002
H -4.07583 -8.94298 5.17202
H -3.22807 -9.12671 3.57243
H -2.19017 -7.53548 5.41662
H -2.98117 -2.60365 0.35338
H -1.25678 -3.06862 0.08935
H 4.70263 -7.76452 10.42992
H 3.97261 -8.07137 8.80743
H 3.18906 -8.74044 10.30522
H -0.43841 -6.77883 6.14829
H 0.91278 -7.93447 5.93268
H 1.01941 -4.93396 4.7911
H 2.07603 -6.30933 4.53308
$end

$opt
CONSTRAINT
tors           1           2           3           4    -115.773
tors           3           4           5           6    -149.101
tors           4           5           6           7    -137.763
tors           5           6           7           8     +81.497
tors           6           7           8           9    -160.439
tors           7           8           9          10     +30.820
tors           8           9          10          11    +145.843
tors           9          10          11          12     +17.651
tors          11          12          13          14     -72.952
ENDCONSTRAINT
$end

$rem
JOBTYPE                   OPT
METHOD                    B3LYP
DFT_D                     d3_op
BASIS                     STO-3G
GEOM_OPT_MAX_CYCLES       100
GEOM_OPT_TOL_GRADIENT     300
GEOM_OPT_TOL_DISPLACEMENT 1200
GEOM_OPT_TOL_ENERGY       100
SYMMETRY                  False
THRESH                    12
SCF_CONVERGENCE           8
MAX_SUB_FILE_NUM          128
MEM_STATIC                400
MEM_TOTAL                 4000
$end
