$molecule
0  1
O -3.94934 -3.66094 2.70899
C -3.26408 -4.56952 2.26188
C -3.36658 -6.02376 2.66595
C -2.20245 -6.94675 2.27003
C -0.98522 -6.27788 1.67082
O -0.38042 -7.12306 0.78465
C 0.86861 -7.63686 1.2592
C 1.72351 -6.50513 1.81998
O 3.11561 -6.8025 1.6289
C 3.92811 -6.48185 2.66629
C 3.58811 -7.23037 3.93309
C 4.73471 -7.33789 4.94898
C 5.90622 -6.40307 4.72454
O 7.04538 -6.58436 5.12953
O -2.66319 -4.31618 1.06633
O 5.5678 -5.09524 4.51723
O 5.04942 -6.12371 2.3494
C 6.45865 -4.04151 4.48204
C 2.60599 -6.47851 4.95142
C 1.8725 -7.52813 5.78425
C 3.00774 -8.02582 6.65446
C 4.08931 -7.002 6.28385
O 3.39163 -5.85502 5.93501
H 3.13924 -8.21614 3.671
H 5.16587 -8.36347 4.94266
H 1.87117 -5.74991 4.58998
H 1.15677 -6.97136 6.43281
H 1.31271 -8.3086 5.22591
H 2.69903 -7.94409 7.71996
H 3.35643 -9.05799 6.43242
H 4.84228 -6.88605 7.0945
O -0.5226 -5.2216 2.08549
C -2.59057 -3.07691 0.46283
C -3.31436 -6.14999 4.20283
C -3.91974 -7.48283 4.64309
C -2.8247 -8.43664 4.2237
C -1.79406 -7.44745 3.67417
O -1.95066 -6.31321 4.48733
H -4.35577 -6.38567 2.30767
H -2.50909 -7.81026 1.63656
H -2.04899 -2.36409 1.12074
H -3.82447 -5.31472 4.73121
H -3.97948 -7.48091 5.75505
H -4.92486 -7.6941 4.21875
H -2.41863 -8.92797 5.13628
H -3.12035 -9.20739 3.47961
H -0.78572 -7.91241 3.69179
H -3.61071 -2.69247 0.24926
H -2.03732 -3.17102 -0.49396
H 5.90191 -3.102 4.28789
H 7.19839 -4.19495 3.6676
H 6.98411 -3.94971 5.45647
H 1.58527 -5.63864 1.13624
H 1.3922 -6.22152 2.78923
H 1.3725 -8.07783 0.37273
H 0.74211 -8.44421 2.01107
$end

$opt
CONSTRAINT
tors           1           2           3           4    -164.837
tors           3           4           5           6    -149.101
tors           4           5           6           7    -108.785
tors           5           6           7           8     -47.317
tors           6           7           8           9    -149.247
tors           7           8           9          10    -139.560
tors           8           9          10          11     +61.661
tors           9          10          11          12    +157.679
tors          11          12          13          14    -156.507
ENDCONSTRAINT
$end

$rem
JOBTYPE                   OPT
METHOD                    B3LYP
DFT_D                     d3_op
BASIS                     STO-3G
GEOM_OPT_MAX_CYCLES       100
GEOM_OPT_TOL_GRADIENT     300
GEOM_OPT_TOL_DISPLACEMENT 1200
GEOM_OPT_TOL_ENERGY       100
SYMMETRY                  False
THRESH                    12
SCF_CONVERGENCE           8
MAX_SUB_FILE_NUM          128
MEM_STATIC                400
MEM_TOTAL                 4000
$end
