$molecule
0  1
O -3.94934 -3.66094 2.70899
C -3.26408 -4.56952 2.26188
C -3.36658 -6.02376 2.66595
C -3.25463 -6.34603 4.1651
C -3.23088 -5.16427 5.10902
O -2.48476 -5.46662 6.21234
C -2.59045 -4.4858 7.24969
C -3.01452 -3.14351 6.66269
O -3.04621 -2.14582 7.6954
C -3.43521 -0.90857 7.29914
C -3.95202 -0.06154 8.4376
C -4.16806 -0.81452 9.75844
C -3.5158 -2.17901 9.85551
O -3.65847 -2.96885 10.77766
O -2.31499 -4.27397 1.335
O -2.1439 -1.99987 9.71957
O -3.31847 -0.4896 6.15491
C -1.11876 -2.87848 10.03672
C -3.04733 1.09461 8.90112
C -3.90797 2.17722 9.55223
C -4.32385 1.47894 10.83623
C -3.50349 0.18679 10.7278
O -2.35313 0.58302 10.01377
H -4.9208 0.35117 8.07395
H -5.25043 -0.97759 9.95696
H -2.42591 1.5215 8.08439
H -3.22469 3.01797 9.81064
H -4.74439 2.56678 8.93295
H -3.98309 2.09651 11.69654
H -5.41 1.26107 10.92799
H -3.32844 -0.25978 11.73103
O -4.31848 -4.60828 5.09826
C -2.08575 -3.00984 0.83337
C -4.75548 -6.62055 2.35721
C -4.64898 -8.13859 2.21297
C -4.41702 -8.54397 3.65465
C -4.54173 -7.18282 4.34849
O -5.47626 -6.4882 3.55752
H -2.60479 -6.57968 2.0722
H -2.3447 -6.95742 4.36599
H -1.7977 -2.31807 1.65358
H -5.22687 -6.18005 1.45123
H -5.65113 -8.50903 1.8986
H -3.88453 -8.49517 1.48957
H -5.24595 -9.21698 3.9678
H -3.4373 -9.02636 3.86147
H -4.80544 -7.31273 5.42129
H -2.99738 -2.63011 0.32405
H -1.25824 -3.05549 0.09605
H -0.46527 -3.00939 9.15123
H -1.49159 -3.87576 10.35324
H -0.5068 -2.44175 10.85198
H -2.31372 -2.82703 5.85471
H -4.07431 -3.05722 6.38872
H -1.57744 -4.36261 7.67698
H -3.27823 -4.83082 8.05078
$end

$opt
CONSTRAINT
tors           1           2           3           4     -54.189
tors           3           4           5           6    -149.101
tors           4           5           6           7    -170.433
tors           5           6           7           8     -23.212
tors           6           7           8           9    -176.781
tors           7           8           9          10    -178.832
tors           8           9          10          11    +158.133
tors           9          10          11          12      -9.978
tors          11          12          13          14    -173.974
ENDCONSTRAINT
$end

$rem
JOBTYPE                   OPT
METHOD                    B3LYP
DFT_D                     d3_op
BASIS                     STO-3G
GEOM_OPT_MAX_CYCLES       100
GEOM_OPT_TOL_GRADIENT     300
GEOM_OPT_TOL_DISPLACEMENT 1200
GEOM_OPT_TOL_ENERGY       100
SYMMETRY                  False
THRESH                    12
SCF_CONVERGENCE           8
MAX_SUB_FILE_NUM          128
MEM_STATIC                400
MEM_TOTAL                 4000
$end
