$molecule
0  1
O -3.94934 -3.66094 2.70899
C -3.26408 -4.56952 2.26188
C -3.36658 -6.02376 2.66595
C -2.3259 -6.99121 2.07868
C -1.1925 -6.36782 1.29455
O -1.21461 -6.82178 0.00659
C 0.08589 -7.13753 -0.5016
C 1.15873 -6.44777 0.33468
O 2.44719 -6.63417 -0.27196
C 3.49665 -6.12548 0.42016
C 4.82855 -6.42813 -0.22411
C 5.65812 -5.19364 -0.60639
C 5.2194 -3.88381 0.01696
O 4.06088 -3.53771 0.19759
O -2.63904 -4.26491 1.09177
O 6.1922 -2.9546 0.22347
O 3.39132 -5.61062 1.52892
C 5.97185 -1.69059 0.73001
C 5.79523 -7.18336 0.70275
C 6.81368 -7.95088 -0.13602
C 7.631 -6.80661 -0.69737
C 6.99696 -5.62354 0.04739
O 6.58379 -6.17221 1.27529
H 4.6333 -7.05256 -1.12715
H 5.75924 -5.03066 -1.70156
H 5.2807 -7.86755 1.41264
H 7.4475 -8.52759 0.57551
H 6.38939 -8.6455 -0.8926
H 8.69039 -6.9516 -0.38939
H 7.56792 -6.67144 -1.7989
H 7.73827 -4.79854 0.11381
O -0.57941 -5.41168 1.76445
C -2.56856 -3.00912 0.52139
C -3.0623 -6.19383 4.17019
C -3.67469 -7.4968 4.68424
C -2.74414 -8.51186 4.05547
C -1.73858 -7.57929 3.37332
O -1.68349 -6.4622 4.22499
H -4.41667 -6.33743 2.47254
H -2.80503 -7.78548 1.46106
H -2.05521 -2.30554 1.21094
H -3.41712 -5.33978 4.78821
H -3.52904 -7.5214 5.78805
H -4.75322 -7.63111 4.45276
H -2.24373 -9.08204 4.8697
H -3.22042 -9.21466 3.33812
H -0.77552 -8.10882 3.19798
H -3.58823 -2.63426 0.28934
H -1.9887 -3.07182 -0.4222
H 6.93919 -1.15186 0.79669
H 5.52954 -1.75884 1.74696
H 5.29096 -1.12231 0.06101
H 1.02061 -5.34259 0.2877
H 1.20675 -6.89219 1.35928
H 0.15371 -6.74045 -1.53691
H 0.23077 -8.23831 -0.5324
$end

$opt
CONSTRAINT
tors           1           2           3           4    -174.569
tors           3           4           5           6    -118.904
tors           4           5           6           7    -137.763
tors           5           6           7           8     -19.341
tors           6           7           8           9    -173.070
tors           7           8           9          10    -176.593
tors           8           9          10          11    +176.403
tors           9          10          11          12    +120.852
tors          11          12          13          14     -38.491
ENDCONSTRAINT
$end

$rem
JOBTYPE                   OPT
METHOD                    B3LYP
DFT_D                     d3_op
BASIS                     STO-3G
GEOM_OPT_MAX_CYCLES       100
GEOM_OPT_TOL_GRADIENT     300
GEOM_OPT_TOL_DISPLACEMENT 1200
GEOM_OPT_TOL_ENERGY       100
SYMMETRY                  False
THRESH                    12
SCF_CONVERGENCE           8
MAX_SUB_FILE_NUM          128
MEM_STATIC                400
MEM_TOTAL                 4000
$end
