$molecule
0  1
O -3.94934 -3.66094 2.70899
C -3.26408 -4.56952 2.26188
C -3.36658 -6.02376 2.66595
C -2.05485 -6.81962 2.76498
C -0.77355 -6.02841 2.62234
O 0.26252 -6.87086 2.33552
C 1.45831 -6.55924 3.05817
C 1.43835 -7.23662 4.42451
O 2.29388 -6.52777 5.33473
C 3.34237 -7.23686 5.82157
C 4.66651 -6.80496 5.23782
C 5.54002 -5.95584 6.17283
C 5.14323 -5.96316 7.63543
O 4.16494 -5.40203 8.10728
O -2.54159 -4.32591 1.13552
O 5.96527 -6.61698 8.50331
O 3.22401 -8.02251 6.75025
C 5.75247 -6.71471 9.8627
C 5.61638 -7.96149 4.88697
C 6.57964 -7.51274 3.7908
C 7.43143 -6.5189 4.5553
C 6.87647 -6.71273 5.97378
O 6.4692 -8.06062 6.00049
H 4.44146 -6.22708 4.31082
H 5.61996 -4.89101 5.862
H 5.08649 -8.89178 4.58672
H 7.20604 -8.39711 3.5337
H 6.10894 -7.11821 2.86463
H 8.49262 -6.84684 4.49049
H 7.33681 -5.46081 4.22809
H 7.64722 -6.41811 6.71938
O -0.62883 -4.95542 3.19996
C -2.40301 -3.08485 0.54995
C -3.93717 -6.2158 4.08596
C -4.59967 -7.58446 4.19033
C -3.38408 -8.48086 4.15581
C -2.25897 -7.43389 4.16446
O -2.79833 -6.36472 4.89986
H -4.04929 -6.48374 1.91588
H -2.02029 -7.62182 1.99257
H -1.92496 -2.37852 1.26195
H -4.65771 -5.42717 4.39342
H -5.06067 -7.64703 5.20239
H -5.37185 -7.80115 3.42108
H -3.37102 -9.08369 5.09147
H -3.31464 -9.15367 3.27369
H -1.36864 -7.93156 4.56895
H -3.39554 -2.69332 0.2404
H -1.75928 -3.17686 -0.3487
H 6.57615 -7.3016 10.31826
H 4.79045 -7.23336 10.06243
H 5.73727 -5.70314 10.32172
H 0.4547 -7.09042 4.87883
H 1.6367 -8.32996 4.33795
H 1.61447 -5.46039 3.15259
H 2.34735 -6.92216 2.50063
$end

$opt
CONSTRAINT
tors           1           2           3           4    -142.409
tors           3           4           5           6    -162.182
tors           4           5           6           7    -137.763
tors           5           6           7           8     +86.035
tors           6           7           8           9    -156.198
tors           7           8           9          10    -117.901
tors           8           9          10          11    +107.565
tors           9          10          11          12    +104.210
tors          11          12          13          14     -72.607
ENDCONSTRAINT
$end

$rem
JOBTYPE                   OPT
METHOD                    B3LYP
DFT_D                     d3_op
BASIS                     STO-3G
GEOM_OPT_MAX_CYCLES       100
GEOM_OPT_TOL_GRADIENT     300
GEOM_OPT_TOL_DISPLACEMENT 1200
GEOM_OPT_TOL_ENERGY       100
SYMMETRY                  False
THRESH                    12
SCF_CONVERGENCE           8
MAX_SUB_FILE_NUM          128
MEM_STATIC                400
MEM_TOTAL                 4000
$end
