$molecule
0  1
O -3.94934 -3.66094 2.70899
C -3.26408 -4.56952 2.26188
C -3.36658 -6.02376 2.66595
C -2.06172 -6.73936 3.05209
C -0.82554 -5.87464 3.16258
O 0.28277 -6.66317 3.28624
C 1.05799 -6.36605 4.45243
C 0.17197 -5.74835 5.52925
O 0.97316 -5.34828 6.65216
C 0.29134 -4.80461 7.69076
C 1.17588 -4.48478 8.87227
C 2.25786 -3.42861 8.60374
C 2.07848 -2.60415 7.34485
O 2.67569 -2.77828 6.29243
O -2.51927 -4.32265 1.14982
O 1.02964 -1.73613 7.33736
O -0.91759 -4.60386 7.68561
C 0.65028 -0.97728 6.25001
C 0.46936 -3.84605 10.08974
C 1.28005 -4.12834 11.35479
C 2.49134 -3.24566 11.12021
C 2.06283 -2.5272 9.83517
O 0.65919 -2.46071 9.93418
H 1.61394 -5.45639 9.19589
H 3.26511 -3.89646 8.53727
H -0.57984 -4.18693 10.22541
H 0.69787 -3.71137 12.20799
H 1.50485 -5.19748 11.5578
H 2.5747 -2.53147 11.96915
H 3.45244 -3.78592 10.97819
H 2.59332 -1.55532 9.72817
O -0.73978 -4.66729 2.98412
C -2.38222 -3.08185 0.56285
C -4.18753 -6.25983 3.95615
C -4.7987 -7.65581 3.92079
C -3.55852 -8.5051 4.08984
C -2.50339 -7.41811 4.35238
O -3.22456 -6.38768 4.98071
H -3.86659 -6.53272 1.81031
H -1.81556 -7.49293 2.26953
H -1.92787 -2.36724 1.28208
H -4.98647 -5.50638 4.12787
H -5.42475 -7.75261 4.83713
H -5.41841 -7.89341 3.02954
H -3.70058 -9.15618 4.98102
H -3.28669 -9.12508 3.20802
H -1.66793 -7.89403 4.8957
H -3.37247 -2.70303 0.23097
H -1.71856 -3.16942 -0.32162
H -0.22963 -0.36101 6.52622
H 0.37184 -1.63797 5.40107
H 1.47934 -0.30281 5.94665
H -0.33347 -4.81107 5.22338
H -0.56685 -6.47466 5.89428
H 1.86887 -5.65943 4.17294
H 1.51627 -7.2996 4.84162
$end

$opt
CONSTRAINT
tors           1           2           3           4    -129.890
tors           3           4           5           6    -169.845
tors           4           5           6           7    -124.284
tors           5           6           7           8     +25.822
tors           6           7           8           9    -175.132
tors           7           8           9          10    -178.832
tors           8           9          10          11    +176.403
tors           9          10          11          12     +63.193
tors          11          12          13          14    -101.322
ENDCONSTRAINT
$end

$rem
JOBTYPE                   OPT
METHOD                    B3LYP
DFT_D                     d3_op
BASIS                     STO-3G
GEOM_OPT_MAX_CYCLES       100
GEOM_OPT_TOL_GRADIENT     300
GEOM_OPT_TOL_DISPLACEMENT 1200
GEOM_OPT_TOL_ENERGY       100
SYMMETRY                  False
THRESH                    12
SCF_CONVERGENCE           8
MAX_SUB_FILE_NUM          128
MEM_STATIC                400
MEM_TOTAL                 4000
$end
