$molecule
0  1
O -3.94934 -3.66094 2.70899
C -3.26408 -4.56952 2.26188
C -3.36658 -6.02376 2.66595
C -2.05485 -6.81962 2.76498
C -0.77355 -6.02841 2.62234
O 0.19741 -6.81349 2.06888
C 1.47792 -6.17535 2.02049
C 1.45248 -4.88371 2.83113
O 2.71198 -4.20429 2.70888
C 2.82112 -3.04797 3.40899
C 4.25447 -2.6582 3.68148
C 5.16793 -2.64633 2.44708
C 4.46503 -2.66961 1.10466
O 4.2781 -3.66476 0.41961
O -2.52209 -4.3212 1.14946
O 3.82258 -1.52559 0.74112
O 1.86137 -2.36303 3.73995
C 3.05195 -1.38846 -0.39443
C 4.48286 -1.2339 4.22507
C 5.80405 -1.18691 4.99241
C 6.80002 -1.31173 3.85485
C 5.85063 -1.28006 2.65135
O 4.78359 -0.46699 3.08456
H 4.62137 -3.39917 4.42761
H 5.87717 -3.50371 2.45205
H 3.65348 -0.86276 4.86503
H 5.88967 -0.16528 5.42768
H 5.91418 -1.93852 5.80348
H 7.45618 -0.41324 3.86344
H 7.41748 -2.23603 3.86257
H 6.38524 -0.9407 1.7368
O -0.78133 -5.13498 3.46816
C -2.35895 -3.07515 0.58148
C -3.93781 -6.22988 4.08265
C -4.52496 -7.63642 4.21011
C -3.25981 -8.46753 4.26517
C -2.1989 -7.36522 4.20516
O -2.79699 -6.29691 4.90141
H -4.04279 -6.48362 1.91071
H -2.02664 -7.66141 2.03489
H -1.88173 -2.38437 1.30919
H -4.70179 -5.47343 4.36484
H -5.03569 -7.70643 5.19708
H -5.2397 -7.90986 3.40426
H -3.21393 -8.97189 5.25628
H -3.14692 -9.21929 3.45447
H -1.2322 -7.73529 4.61276
H -3.34157 -2.66673 0.26238
H -1.70277 -3.16468 -0.3084
H 2.65432 -0.35401 -0.44101
H 2.19807 -2.09887 -0.36534
H 3.66815 -1.57666 -1.2995
H 0.76458 -4.14617 2.34165
H 1.35149 -5.11316 3.92234
H 1.74311 -5.9717 0.96099
H 2.24033 -6.8549 2.45705
$end

$opt
CONSTRAINT
tors           1           2           3           4    -142.409
tors           3           4           5           6    -149.651
tors           4           5           6           7    -174.297
tors           5           6           7           8     +10.128
tors           6           7           8           9    -176.305
tors           7           8           9          10    -178.832
tors           8           9          10          11    +158.103
tors           9          10          11          12     +51.076
tors          11          12          13          14     -97.869
ENDCONSTRAINT
$end

$rem
JOBTYPE                   OPT
METHOD                    B3LYP
DFT_D                     d3_op
BASIS                     STO-3G
GEOM_OPT_MAX_CYCLES       100
GEOM_OPT_TOL_GRADIENT     300
GEOM_OPT_TOL_DISPLACEMENT 1200
GEOM_OPT_TOL_ENERGY       100
SYMMETRY                  False
THRESH                    12
SCF_CONVERGENCE           8
MAX_SUB_FILE_NUM          128
MEM_STATIC                400
MEM_TOTAL                 4000
$end
