$molecule
0  1
O -3.94934 -3.66094 2.70899
C -3.26408 -4.56952 2.26188
C -3.36658 -6.02376 2.66595
C -2.45934 -6.50014 3.81217
C -1.68015 -5.43038 4.54467
O -0.41678 -5.87628 4.81017
C 0.34333 -4.96847 5.61476
C -0.55894 -4.2974 6.64516
O 0.1896 -3.32535 7.39195
C -0.49791 -2.68636 8.37081
C 0.40025 -2.0989 9.43329
C 1.45789 -1.1137 8.91458
C 1.24225 -0.59289 7.50782
O 1.93085 -0.86948 6.53628
O -2.22766 -4.26269 1.43809
O 0.10878 0.13142 7.29954
O -1.71912 -2.59532 8.40269
C -0.29346 0.6167 6.07299
C -0.29089 -1.2258 10.50254
C 0.55873 -1.20792 11.77339
C 1.73765 -0.36824 11.31791
C 1.2639 0.03631 9.91701
O -0.13916 0.09431 10.03798
H 0.8787 -2.97072 9.93485
H 2.47381 -1.56734 8.9361
H -1.32746 -1.54904 10.73976
H -0.01317 -0.63096 12.53539
H 0.81947 -2.20365 12.19216
H 1.81312 0.52042 11.98305
H 2.71289 -0.90028 11.27841
H 1.76641 0.9707 9.58267
O -1.88556 -4.24645 4.31901
C -1.9257 -2.98638 1.01168
C -4.74699 -6.31833 3.30197
C -5.05993 -7.8129 3.2225
C -4.11281 -8.35304 4.27072
C -3.50735 -7.0473 4.7932
O -4.55399 -6.11746 4.67938
H -3.29418 -6.63213 1.7367
H -1.75798 -7.29765 3.47496
H -1.69514 -2.33621 1.88271
H -5.57493 -5.73945 2.83595
H -6.10363 -7.95492 3.58421
H -4.95782 -8.26108 2.21082
H -4.71362 -8.84187 5.06985
H -3.33765 -9.05583 3.89564
H -3.09488 -7.19594 5.81635
H -2.7791 -2.56182 0.4409
H -1.03636 -3.02489 0.34986
H -1.24755 1.16892 6.19587
H -0.45556 -0.22362 5.36425
H 0.47274 1.31059 5.66601
H -1.43954 -3.73447 6.31439
H -0.93021 -5.08967 7.33417
H 0.77126 -4.18084 4.95646
H 1.18087 -5.5087 6.10431
$end

$opt
CONSTRAINT
tors           1           2           3           4     -91.887
tors           3           4           5           6    -139.528
tors           4           5           6           7    -174.378
tors           5           6           7           8     +36.351
tors           6           7           8           9    -176.305
tors           7           8           9          10    -178.120
tors           8           9          10          11    +158.103
tors           9          10          11          12     +56.997
tors          11          12          13          14    -110.636
ENDCONSTRAINT
$end

$rem
JOBTYPE                   OPT
METHOD                    B3LYP
DFT_D                     d3_op
BASIS                     STO-3G
GEOM_OPT_MAX_CYCLES       100
GEOM_OPT_TOL_GRADIENT     300
GEOM_OPT_TOL_DISPLACEMENT 1200
GEOM_OPT_TOL_ENERGY       100
SYMMETRY                  False
THRESH                    12
SCF_CONVERGENCE           8
MAX_SUB_FILE_NUM          128
MEM_STATIC                400
MEM_TOTAL                 4000
$end
