$molecule
0  1
O -3.94934 -3.66094 2.70899
C -3.26408 -4.56952 2.26188
C -3.36658 -6.02376 2.66595
C -2.22837 -6.59569 3.5269
C -1.20495 -5.60513 4.0363
O -0.24748 -6.25766 4.75941
C 0.53719 -5.38113 5.57502
C -0.21006 -5.05253 6.86334
O 0.56386 -4.14116 7.65916
C 0.59695 -4.41055 8.98787
C 1.98963 -4.34113 9.56777
C 2.70442 -2.99558 9.37583
C 1.82362 -1.83171 8.96802
O 1.73937 -1.36775 7.8401
O -2.31199 -4.27921 1.33589
O 0.9285 -1.39926 9.89807
O -0.39799 -4.71188 9.63308
C -0.00795 -0.41029 9.68151
C 2.0974 -4.50012 11.09882
C 3.49447 -5.00387 11.46127
C 4.33003 -3.77462 11.15586
C 3.22574 -2.76999 10.80605
O 2.13131 -3.18261 11.59261
H 2.55632 -5.16629 9.07912
H 3.5053 -3.07358 8.60724
H 1.32357 -5.16965 11.53261
H 3.50069 -5.17159 12.56238
H 3.81815 -5.93596 10.95013
H 4.86202 -3.47252 12.08512
H 5.05414 -3.88791 10.32006
H 3.57596 -1.7258 10.96211
O -1.22092 -4.39166 3.86989
C -2.06392 -3.01364 0.84715
C -4.55685 -6.27574 3.62223
C -4.9721 -7.746 3.57031
C -3.82174 -8.39013 4.3125
C -3.0262 -7.14719 4.72084
O -4.00822 -6.16001 4.91193
H -3.54535 -6.60249 1.73206
H -1.66556 -7.37933 2.97189
H -1.76182 -2.3362 1.67432
H -5.43924 -5.63401 3.40682
H -5.89265 -7.85114 4.18837
H -5.16691 -8.14678 2.55236
H -4.22715 -8.90244 5.2134
H -3.20767 -9.09917 3.71602
H -2.38734 -7.37477 5.60229
H -2.97034 -2.61287 0.34506
H -1.23859 -3.06464 0.10779
H -0.59953 -0.26094 10.60785
H -0.69621 -0.70795 8.86171
H 0.49748 0.54421 9.42123
H -1.15655 -4.5388 6.59224
H -0.46923 -5.99421 7.40197
H 0.87274 -4.47056 5.02799
H 1.45988 -5.92455 5.86969
$end

$opt
CONSTRAINT
tors           1           2           3           4    -107.829
tors           3           4           5           6    -178.852
tors           4           5           6           7    -163.729
tors           5           6           7           8     +81.017
tors           6           7           8           9    -178.265
tors           7           8           9          10    -137.554
tors           8           9          10          11    +133.401
tors           9          10          11          12     +57.447
tors          11          12          13          14    -102.841
ENDCONSTRAINT
$end

$rem
JOBTYPE                   OPT
METHOD                    B3LYP
DFT_D                     d3_op
BASIS                     STO-3G
GEOM_OPT_MAX_CYCLES       100
GEOM_OPT_TOL_GRADIENT     300
GEOM_OPT_TOL_DISPLACEMENT 1200
GEOM_OPT_TOL_ENERGY       100
SYMMETRY                  False
THRESH                    12
SCF_CONVERGENCE           8
MAX_SUB_FILE_NUM          128
MEM_STATIC                400
MEM_TOTAL                 4000
$end
