$molecule
0  1
O -3.94934 -3.66094 2.70899
C -3.26408 -4.56952 2.26188
C -3.36658 -6.02376 2.66595
C -3.01429 -6.37532 4.12065
C -2.7707 -5.21152 5.05571
O -1.71447 -5.48865 5.87608
C -1.50113 -4.48773 6.87703
C -2.60242 -4.55431 7.93006
O -2.43224 -3.49408 8.88391
C -3.33256 -3.47185 9.89785
C -3.0558 -2.38265 10.90666
C -2.05513 -1.31273 10.44599
C -1.75946 -1.28067 8.95997
O -0.79814 -1.80573 8.41705
O -2.37232 -4.2874 1.27577
O -2.68065 -0.66338 8.16676
O -4.19681 -4.32341 10.06525
C -2.59489 -0.53922 6.7964
C -4.27706 -1.49488 11.23256
C -4.09821 -0.8816 12.62087
C -2.96943 0.09593 12.35432
C -2.84196 -0.04432 10.83191
O -4.14459 -0.36574 10.40678
H -2.7442 -2.89719 11.84368
H -1.07884 -1.40312 10.97117
H -5.24695 -2.03484 11.17113
H -5.02611 -0.30364 12.83499
H -3.91815 -1.59751 13.45145
H -3.31328 1.1147 12.63977
H -2.00724 -0.14041 12.85836
H -2.3952 0.87256 10.38759
O -3.51892 -4.24785 5.1703
C -2.15423 -3.0259 0.76268
C -4.81859 -6.52143 2.58464
C -4.84895 -8.04679 2.48185
C -4.4763 -8.43037 3.89815
C -4.34136 -7.04521 4.53668
O -5.32145 -6.28207 3.87475
H -2.72451 -6.60222 1.96307
H -2.17665 -7.10582 4.20426
H -1.80105 -2.34278 1.56463
H -5.38533 -6.06583 1.74281
H -5.90097 -8.36029 2.29589
H -4.19199 -8.46218 1.68754
H -5.3402 -8.96234 4.35604
H -3.55778 -9.04765 4.00009
H -4.4487 -7.12254 5.64185
H -3.08963 -2.62767 0.31455
H -1.37644 -3.08339 -0.02614
H -3.47163 0.03274 6.42982
H -2.60678 -1.53765 6.31725
H -1.66881 0.00727 6.51784
H -3.61231 -4.45334 7.48579
H -2.54462 -5.54581 8.43325
H -1.42571 -3.48379 6.40862
H -0.53223 -4.68617 7.38229
$end

$opt
CONSTRAINT
tors           1           2           3           4     -64.516
tors           3           4           5           6    -139.528
tors           4           5           6           7    -174.378
tors           5           6           7           8     +71.740
tors           6           7           8           9    -176.305
tors           7           8           9          10    -178.120
tors           8           9          10          11    +176.833
tors           9          10          11          12     +14.190
tors          11          12          13          14     -97.333
ENDCONSTRAINT
$end

$rem
JOBTYPE                   OPT
METHOD                    B3LYP
DFT_D                     d3_op
BASIS                     STO-3G
GEOM_OPT_MAX_CYCLES       100
GEOM_OPT_TOL_GRADIENT     300
GEOM_OPT_TOL_DISPLACEMENT 1200
GEOM_OPT_TOL_ENERGY       100
SYMMETRY                  False
THRESH                    12
SCF_CONVERGENCE           8
MAX_SUB_FILE_NUM          128
MEM_STATIC                400
MEM_TOTAL                 4000
$end
