$molecule
0  1
O -3.94934 -3.66094 2.70899
C -3.26408 -4.56952 2.26188
C -3.36658 -6.02376 2.66595
C -2.31191 -6.55555 3.65019
C -1.37955 -5.5312 4.25807
O -0.20843 -5.49544 3.55619
C 0.77627 -4.64068 4.14696
C 1.34 -5.28293 5.41023
O 2.26349 -4.38491 6.04554
C 2.86444 -4.86153 7.16395
C 3.93262 -3.93686 7.69748
C 3.45472 -2.51344 8.01959
C 1.95358 -2.32405 8.10579
O 1.27112 -1.69828 7.30753
O -2.24041 -4.26583 1.42216
O 1.3112 -3.02672 9.07859
O 2.54815 -5.90998 7.71314
C -0.05655 -3.04605 9.25361
C 4.55663 -4.33148 9.05364
C 5.94932 -3.71239 9.17352
C 5.5972 -2.24614 9.34205
C 4.06855 -2.33636 9.41837
O 3.83258 -3.59391 10.0092
H 4.73408 -3.92747 6.92417
H 3.82698 -1.78497 7.26524
H 4.61078 -5.42966 9.21605
H 6.38555 -4.0836 10.12878
H 6.65068 -3.93901 8.34191
H 6.02283 -1.89184 10.30698
H 5.9229 -1.58098 8.51307
H 3.64516 -1.45674 9.95166
O -1.74325 -4.6597 5.04096
C -1.93703 -2.99001 0.99612
C -4.6441 -6.302 3.49536
C -5.01162 -7.78413 3.41581
C -3.92995 -8.38955 4.28399
C -3.21504 -7.12084 4.75799
O -4.23991 -6.16191 4.83479
H -3.43864 -6.61337 1.72463
H -1.68856 -7.3517 3.18253
H -1.68714 -2.34589 1.86629
H -5.51467 -5.68555 3.18046
H -5.98993 -7.91088 3.93277
H -5.08483 -8.19806 2.38717
H -4.41479 -8.90219 5.14452
H -3.23947 -9.08936 3.76533
H -2.65581 -7.31793 5.69961
H -2.79682 -2.55705 0.44144
H -1.05901 -3.03186 0.31953
H -0.30313 -3.6964 10.11765
H -0.55184 -3.4539 8.34627
H -0.43069 -2.02026 9.45846
H 0.51316 -5.50014 6.12181
H 1.84251 -6.23776 5.13568
H 0.36361 -3.62559 4.34755
H 1.61395 -4.51338 3.42901
$end

$opt
CONSTRAINT
tors           1           2           3           4    -101.363
tors           3           4           5           6     -96.733
tors           4           5           6           7    -174.378
tors           5           6           7           8     +72.794
tors           6           7           8           9    -176.305
tors           7           8           9          10    -178.120
tors           8           9          10          11    +173.627
tors           9          10          11          12     +56.997
tors          11          12          13          14    -110.636
ENDCONSTRAINT
$end

$rem
JOBTYPE                   OPT
METHOD                    B3LYP
DFT_D                     d3_op
BASIS                     STO-3G
GEOM_OPT_MAX_CYCLES       100
GEOM_OPT_TOL_GRADIENT     300
GEOM_OPT_TOL_DISPLACEMENT 1200
GEOM_OPT_TOL_ENERGY       100
SYMMETRY                  False
THRESH                    12
SCF_CONVERGENCE           8
MAX_SUB_FILE_NUM          128
MEM_STATIC                400
MEM_TOTAL                 4000
$end
