$molecule
0  1
O -3.94934 -3.66094 2.70899
C -3.26408 -4.56952 2.26188
C -3.36658 -6.02376 2.66595
C -2.17509 -6.627 3.42772
C -1.09079 -5.66323 3.85614
O -0.34316 -5.29509 2.77405
C 0.78076 -4.47785 3.11785
C 1.94364 -5.35036 3.57891
O 3.03786 -4.52282 4.00403
C 4.1829 -5.18197 4.30992
C 5.31082 -4.25447 4.69489
C 5.07158 -3.44096 5.97522
C 3.93693 -3.91842 6.85913
O 2.78036 -3.52652 6.80143
O -2.34275 -4.28022 1.30633
O 4.22905 -4.87852 7.78046
O 4.29992 -6.40093 4.26611
C 3.31193 -5.43822 8.64532
C 6.64494 -4.95226 5.03577
C 7.80151 -3.97786 4.81676
C 7.57988 -3.01477 5.96484
C 6.41855 -3.71101 6.68471
O 6.63144 -5.07953 6.43394
H 5.47741 -3.59738 3.81129
H 4.91961 -2.35373 5.7967
H 6.82076 -5.88576 4.45843
H 8.74165 -4.54481 5.00496
H 7.85365 -3.5109 3.80974
H 8.49415 -3.00951 6.59892
H 7.31203 -1.97683 5.67077
H 6.39353 -3.40943 7.75541
O -0.85322 -5.3481 5.01817
C -2.0936 -3.01298 0.82294
C -4.49816 -6.26443 3.68955
C -4.94004 -7.72689 3.65068
C -3.75863 -8.39376 4.31804
C -2.91268 -7.16699 4.67241
O -3.86235 -6.16571 4.93828
H -3.60274 -6.58626 1.73504
H -1.67872 -7.45999 2.88115
H -1.75168 -2.35082 1.64705
H -5.38112 -5.60612 3.53573
H -5.82574 -7.82739 4.3183
H -5.19584 -8.11114 2.63982
H -4.11538 -8.89124 5.24755
H -3.20359 -9.1221 3.68812
H -2.22055 -7.41931 5.50591
H -3.01071 -2.5929 0.35746
H -1.29487 -3.06766 0.05518
H 3.82329 -6.19 9.28071
H 2.50511 -5.94321 8.07209
H 2.87476 -4.65406 9.29967
H 1.62742 -5.98925 4.43251
H 2.24395 -6.00293 2.72776
H 0.51505 -3.70088 3.87149
H 1.11065 -3.93088 2.20914
$end

$opt
CONSTRAINT
tors           1           2           3           4    -112.726
tors           3           4           5           6     -74.459
tors           4           5           6           7    -174.632
tors           5           6           7           8     +82.550
tors           6           7           8           9    -176.305
tors           7           8           9          10    -173.581
tors           8           9          10          11    +177.653
tors           9          10          11          12     +64.071
tors          11          12          13          14     -91.958
ENDCONSTRAINT
$end

$rem
JOBTYPE                   OPT
METHOD                    B3LYP
DFT_D                     d3_op
BASIS                     STO-3G
GEOM_OPT_MAX_CYCLES       100
GEOM_OPT_TOL_GRADIENT     300
GEOM_OPT_TOL_DISPLACEMENT 1200
GEOM_OPT_TOL_ENERGY       100
SYMMETRY                  False
THRESH                    12
SCF_CONVERGENCE           8
MAX_SUB_FILE_NUM          128
MEM_STATIC                400
MEM_TOTAL                 4000
$end
