$molecule
0  1
O -3.94934 -3.66094 2.70899
C -3.26408 -4.56952 2.26188
C -3.36658 -6.02376 2.66595
C -2.63709 -6.4491 3.95078
C -2.03486 -5.33906 4.78336
O -0.67575 -5.34286 4.64835
C -0.022 -4.40162 5.50622
C 0.27844 -5.04229 6.8573
O 0.85562 -4.06968 7.74261
C 1.18446 -4.52675 8.97635
C 2.01331 -3.54247 9.76682
C 1.28998 -2.24043 10.1407
C -0.21828 -2.2568 9.99379
O -0.85576 -1.63361 9.15723
O -2.42356 -4.30175 1.22815
O -0.89292 -3.14201 10.77751
O 0.89175 -5.64239 9.38959
C -2.25599 -3.34584 10.73067
C 2.45514 -4.01353 11.17227
C 3.71238 -3.25198 11.59295
C 3.1415 -1.86604 11.82713
C 1.64698 -2.14835 11.63287
O 1.49487 -3.48376 12.0541
H 2.93012 -3.3567 9.16213
H 1.66231 -1.3885 9.52949
H 2.63335 -5.10862 11.23928
H 4.02926 -3.6746 12.57364
H 4.56775 -3.29898 10.88519
H 3.36003 -1.56917 12.8768
H 3.49723 -1.08107 11.12494
H 1.02697 -1.39297 12.16433
O -2.69005 -4.46581 5.34191
C -2.22644 -3.04666 0.69155
C -4.80909 -6.43169 3.02473
C -4.97814 -7.9449 2.8854
C -4.20018 -8.42939 4.09187
C -3.80118 -7.09191 4.72308
O -4.88303 -6.24388 4.41792
H -3.02071 -6.62474 1.79383
H -1.83466 -7.1878 3.72054
H -1.82989 -2.35747 1.46764
H -5.57454 -5.90245 2.41558
H -6.05548 -8.17777 3.04391
H -4.65139 -8.36265 1.90888
H -4.89961 -8.97244 4.76595
H -3.32007 -9.06929 3.86534
H -3.56969 -7.22456 5.80322
H -3.18148 -2.64821 0.28723
H -1.48984 -3.11594 -0.13495
H -2.53356 -4.11892 11.47609
H -2.5551 -3.69915 9.72058
H -2.79211 -2.40386 10.9746
H -0.67779 -5.40655 7.29575
H 0.96696 -5.90447 6.70899
H -0.59007 -3.45052 5.62238
H 0.9464 -4.11787 5.0424
$end

$opt
CONSTRAINT
tors           1           2           3           4     -82.192
tors           3           4           5           6    -106.481
tors           4           5           6           7    -174.378
tors           5           6           7           8     +88.277
tors           6           7           8           9    -176.305
tors           7           8           9          10    -179.165
tors           8           9          10          11    +169.296
tors           9          10          11          12     +65.773
tors          11          12          13          14    -110.636
ENDCONSTRAINT
$end

$rem
JOBTYPE                   OPT
METHOD                    B3LYP
DFT_D                     d3_op
BASIS                     STO-3G
GEOM_OPT_MAX_CYCLES       100
GEOM_OPT_TOL_GRADIENT     300
GEOM_OPT_TOL_DISPLACEMENT 1200
GEOM_OPT_TOL_ENERGY       100
SYMMETRY                  False
THRESH                    12
SCF_CONVERGENCE           8
MAX_SUB_FILE_NUM          128
MEM_STATIC                400
MEM_TOTAL                 4000
$end
