$molecule
0  1
O -3.94934 -3.66094 2.70899
C -3.26408 -4.56952 2.26188
C -3.36658 -6.02376 2.66595
C -2.57692 -6.4649 3.9092
C -1.9155 -5.36712 4.71264
O -0.60542 -5.24822 4.34526
C 0.09241 -4.22975 5.06983
C 0.77067 -4.82902 6.29742
O 1.46025 -3.80127 7.02618
C 2.13924 -4.21971 8.123
C 2.89553 -3.1059 8.8072
C 2.03438 -1.91177 9.24394
C 0.53762 -2.14849 9.26334
O -0.26587 -1.6704 8.47568
O -2.22938 -4.26258 1.437
O 0.08709 -3.08959 10.1375
O 2.10191 -5.36716 8.5507
C -1.22488 -3.50411 10.23079
C 3.56759 -3.46616 10.15004
C 4.73192 -2.51013 10.41
C 3.98483 -1.22263 10.70415
C 2.53887 -1.73217 10.68549
O 2.64336 -3.06452 11.13279
H 3.68438 -2.79257 8.0861
H 2.2103 -1.0307 8.58742
H 3.91805 -4.51953 10.204
H 5.22736 -2.85367 11.34657
H 5.49106 -2.44356 9.60124
H 4.27097 -0.87568 11.72177
H 4.1359 -0.40619 9.96501
H 1.87539 -1.06584 11.27979
O -2.539 -4.5402 5.37004
C -1.92615 -2.98589 1.01303
C -4.79715 -6.38204 3.13237
C -5.03307 -7.88683 2.99983
C -4.17997 -8.40677 4.13716
C -3.70389 -7.08634 4.75089
O -4.77419 -6.20261 4.52697
H -3.1504 -6.63086 1.75795
H -1.79721 -7.21604 3.64673
H -1.69176 -2.3388 1.88531
H -5.58774 -5.82651 2.58116
H -6.10257 -8.07575 3.24651
H -4.80711 -8.31583 1.99998
H -4.83853 -8.94956 4.8513
H -3.32976 -9.05627 3.83584
H -3.40466 -7.23581 5.81213
H -2.78032 -2.55819 0.44566
H -1.03888 -3.02448 0.34842
H -1.3068 -4.27511 11.02399
H -1.55485 -3.94687 9.26643
H -1.87939 -2.6463 10.49523
H -0.00771 -5.28543 6.94935
H 1.48283 -5.61753 5.96461
H -0.5434 -3.36035 5.35249
H 0.8811 -3.81513 4.40685
$end

$opt
CONSTRAINT
tors           1           2           3           4     -85.328
tors           3           4           5           6     -96.733
tors           4           5           6           7    -179.693
tors           5           6           7           8     +92.676
tors           6           7           8           9    -179.546
tors           7           8           9          10    -178.120
tors           8           9          10          11    +177.258
tors           9          10          11          12     +56.997
tors          11          12          13          14    -108.826
ENDCONSTRAINT
$end

$rem
JOBTYPE                   OPT
METHOD                    B3LYP
DFT_D                     d3_op
BASIS                     STO-3G
GEOM_OPT_MAX_CYCLES       100
GEOM_OPT_TOL_GRADIENT     300
GEOM_OPT_TOL_DISPLACEMENT 1200
GEOM_OPT_TOL_ENERGY       100
SYMMETRY                  False
THRESH                    12
SCF_CONVERGENCE           8
MAX_SUB_FILE_NUM          128
MEM_STATIC                400
MEM_TOTAL                 4000
$end
