$molecule
0  1
O -3.94934 -3.66094 2.70899
C -3.26408 -4.56952 2.26188
C -3.36658 -6.02376 2.66595
C -2.33652 -6.54516 3.68132
C -1.4303 -5.51219 4.31363
O -0.12615 -5.80475 4.03249
C 0.79853 -5.15872 4.91389
C 0.75723 -5.8134 6.29077
O 1.62233 -5.10772 7.19437
C 1.92787 -5.76394 8.34118
C 3.3122 -5.4425 8.85205
C 3.57833 -3.95161 9.10638
C 2.35296 -3.06155 9.16089
O 2.04956 -2.22128 8.32635
O -2.23445 -4.26464 1.42995
O 1.46157 -3.32186 10.15609
O 1.16725 -6.55113 8.88921
C 0.26029 -2.66488 10.32015
C 3.68127 -6.02992 10.23071
C 5.20122 -6.14885 10.3437
C 5.5959 -4.68732 10.4477
C 4.21162 -4.03064 10.50566
O 3.40631 -4.99505 11.14453
H 4.01366 -5.84755 8.08752
H 4.24976 -3.52533 8.32803
H 3.2034 -7.01153 10.43882
H 5.41424 -6.64315 11.31883
H 5.70124 -6.71828 9.53095
H 6.14531 -4.5396 11.40381
H 6.19544 -4.29541 9.5976
H 4.26554 -3.03377 10.99628
O -1.81624 -4.55019 4.96885
C -1.93432 -2.98915 1.00027
C -4.66303 -6.30395 3.46581
C -5.02143 -7.78841 3.38681
C -3.96011 -8.38262 4.2872
C -3.26279 -7.10747 4.76989
O -4.29346 -6.15293 4.81429
H -3.41578 -6.61742 1.72566
H -1.70684 -7.34408 3.22595
H -1.69613 -2.33892 1.86913
H -5.52855 -5.694 3.1252
H -6.01232 -7.91678 3.8788
H -5.06554 -8.20931 2.35935
H -4.46481 -8.8904 5.13915
H -3.25409 -9.08394 3.79208
H -2.72596 -7.29538 5.72646
H -2.79162 -2.56396 0.43578
H -1.05027 -3.0293 0.33146
H -0.26091 -3.07707 11.2083
H -0.38262 -2.8152 9.42651
H 0.43647 -1.57961 10.4794
H -0.2715 -5.80728 6.71152
H 1.08785 -6.87036 6.16744
H 0.60008 -4.06421 4.97285
H 1.82535 -5.28134 4.50851
$end

$opt
CONSTRAINT
tors           1           2           3           4     -99.644
tors           3           4           5           6    -120.316
tors           4           5           6           7    -161.270
tors           5           6           7           8     +72.794
tors           6           7           8           9    -176.305
tors           7           8           9          10    -164.646
tors           8           9          10          11    +147.593
tors           9          10          11          12     +56.997
tors          11          12          13          14    -110.636
ENDCONSTRAINT
$end

$rem
JOBTYPE                   OPT
METHOD                    B3LYP
DFT_D                     d3_op
BASIS                     STO-3G
GEOM_OPT_MAX_CYCLES       100
GEOM_OPT_TOL_GRADIENT     300
GEOM_OPT_TOL_DISPLACEMENT 1200
GEOM_OPT_TOL_ENERGY       100
SYMMETRY                  False
THRESH                    12
SCF_CONVERGENCE           8
MAX_SUB_FILE_NUM          128
MEM_STATIC                400
MEM_TOTAL                 4000
$end
