$molecule
0  1
O -3.94934 -3.66094 2.70899
C -3.26408 -4.56952 2.26188
C -3.36658 -6.02376 2.66595
C -2.18834 -6.61864 3.45444
C -1.11947 -5.64768 3.90483
O 0.04589 -5.89846 3.23815
C 1.1422 -5.10318 3.70172
C 1.60541 -5.59303 5.06979
O 2.64729 -4.7393 5.56831
C 3.1714 -5.09768 6.76665
C 4.60346 -4.65062 6.93986
C 4.77656 -3.19186 7.38744
C 3.53437 -2.51604 7.93236
O 2.91761 -1.61582 7.3812
O -2.2976 -4.27735 1.35293
O 2.99944 -3.05171 9.06385
O 2.64191 -5.91289 7.51277
C 1.83806 -2.61217 9.66365
C 5.38447 -5.35724 8.07793
C 6.88372 -5.29273 7.78382
C 7.15286 -3.81622 8.00272
C 5.78611 -3.36573 8.53217
O 5.28124 -4.50261 9.19058
H 5.13232 -4.89106 5.98911
H 5.14146 -2.5616 6.54644
H 5.07693 -6.41305 8.24039
H 7.39069 -5.86865 8.59147
H 7.20696 -5.69249 6.7987
H 7.94196 -3.71449 8.78025
H 7.4356 -3.24522 7.09173
H 5.88073 -2.44431 9.14827
O -1.32444 -4.68615 4.63826
C -2.02678 -3.00797 0.88759
C -4.50544 -6.27507 3.68152
C -4.93022 -7.74372 3.64409
C -3.75058 -8.39708 4.3321
C -2.91988 -7.16199 4.69126
O -3.88456 -6.16875 4.93957
H -3.58811 -6.59078 1.73402
H -1.70166 -7.43537 2.87261
H -1.72509 -2.34877 1.72955
H -5.39329 -5.62623 3.51646
H -5.82361 -7.8511 4.30024
H -5.16871 -8.13535 2.63187
H -4.11424 -8.89239 5.25996
H -3.1813 -9.12406 3.71336
H -2.22359 -7.39107 5.52845
H -2.92149 -2.58665 0.38131
H -1.19315 -3.05859 0.15756
H 1.64061 -3.2259 10.56628
H 0.98191 -2.71988 8.9638
H 1.94387 -1.54925 9.96894
H 0.75724 -5.57143 5.78796
H 1.96803 -6.64127 4.9732
H 0.87501 -4.02171 3.71845
H 1.99082 -5.21836 2.9946
$end

$opt
CONSTRAINT
tors           1           2           3           4    -111.428
tors           3           4           5           6    -112.570
tors           4           5           6           7    -174.378
tors           5           6           7           8     +72.794
tors           6           7           8           9    -176.305
tors           7           8           9          10    -178.120
tors           8           9          10          11    +152.289
tors           9          10          11          12     +82.144
tors          11          12          13          14    -110.636
ENDCONSTRAINT
$end

$rem
JOBTYPE                   OPT
METHOD                    B3LYP
DFT_D                     d3_op
BASIS                     STO-3G
GEOM_OPT_MAX_CYCLES       100
GEOM_OPT_TOL_GRADIENT     300
GEOM_OPT_TOL_DISPLACEMENT 1200
GEOM_OPT_TOL_ENERGY       100
SYMMETRY                  False
THRESH                    12
SCF_CONVERGENCE           8
MAX_SUB_FILE_NUM          128
MEM_STATIC                400
MEM_TOTAL                 4000
$end
