$molecule
0  1
O -3.94934 -3.66094 2.70899
C -3.26408 -4.56952 2.26188
C -3.36658 -6.02376 2.66595
C -2.47373 -6.49548 3.82533
C -1.70912 -5.42196 4.56764
O -0.53106 -5.16392 3.92654
C 0.28604 -4.20943 4.61251
C 0.8924 -4.83858 5.86257
O 1.64065 -3.85357 6.59248
C 2.26383 -4.30439 7.70942
C 3.07409 -3.23537 8.4032
C 2.39862 -1.85833 8.47929
C 0.91189 -1.83453 8.18643
O 0.35166 -1.05873 7.42561
O -2.20556 -4.25833 1.46932
O 0.14046 -2.71343 8.88404
O 2.03918 -5.39953 8.21085
C -1.2275 -2.82585 8.75229
C 3.38554 -3.49461 9.88968
C 4.62333 -2.69741 10.30104
C 4.06764 -1.28686 10.29774
C 2.59528 -1.5705 9.98101
O 2.35892 -2.82484 10.578
H 4.02379 -3.16686 7.82653
H 2.88367 -1.09123 7.83547
H 3.5244 -4.56977 10.13452
H 4.86384 -2.98065 11.35091
H 5.52041 -2.85563 9.66454
H 4.16901 -0.86797 11.32363
H 4.52556 -0.59596 9.55716
H 1.95223 -0.73406 10.33438
O -2.07475 -4.90639 5.61951
C -1.88416 -2.97872 1.06827
C -4.76328 -6.33441 3.25013
C -5.05991 -7.82983 3.14338
C -4.1384 -8.37219 4.21142
C -3.56123 -7.0655 4.76488
O -4.61392 -6.14567 4.6325
H -3.25242 -6.62513 1.73636
H -1.76146 -7.30843 3.55901
H -1.67023 -2.3429 1.95402
H -5.57969 -5.75593 2.76369
H -6.11254 -7.98632 3.47169
H -4.92247 -8.2641 2.12978
H -4.75798 -8.87444 4.98767
H -3.34692 -9.06477 3.85204
H -3.18534 -7.23071 5.79922
H -2.72012 -2.54 0.48253
H -0.97893 -3.01489 0.42823
H -1.59405 -3.62113 9.43302
H -1.48852 -3.09993 7.70809
H -1.71848 -1.86695 9.0234
H 0.10273 -5.23982 6.53059
H 1.55192 -5.68048 5.55319
H -0.29549 -3.29047 4.85602
H 1.11901 -3.90454 3.94427
$end

$opt
CONSTRAINT
tors           1           2           3           4     -91.047
tors           3           4           5           6     -85.743
tors           4           5           6           7    -176.672
tors           5           6           7           8     +72.794
tors           6           7           8           9    -176.305
tors           7           8           9          10    -178.120
tors           8           9          10          11    +177.869
tors           9          10          11          12     +41.694
tors          11          12          13          14    -131.616
ENDCONSTRAINT
$end

$rem
JOBTYPE                   OPT
METHOD                    B3LYP
DFT_D                     d3_op
BASIS                     STO-3G
GEOM_OPT_MAX_CYCLES       100
GEOM_OPT_TOL_GRADIENT     300
GEOM_OPT_TOL_DISPLACEMENT 1200
GEOM_OPT_TOL_ENERGY       100
SYMMETRY                  False
THRESH                    12
SCF_CONVERGENCE           8
MAX_SUB_FILE_NUM          128
MEM_STATIC                400
MEM_TOTAL                 4000
$end
