$molecule
0  1
O -3.94934 -3.66094 2.70899
C -3.26408 -4.56952 2.26188
C -3.36658 -6.02376 2.66595
C -2.69488 -6.43515 3.98634
C -2.14889 -5.31443 4.84306
O -0.96306 -4.87289 4.32898
C -0.34442 -3.86024 5.12965
C 0.73372 -4.47613 6.01533
O 1.2913 -3.47194 6.87765
C 2.27127 -3.89878 7.71228
C 2.85124 -2.78813 8.55533
C 1.87045 -1.65812 8.90092
C 0.40372 -1.96321 8.67215
O -0.36087 -1.29661 7.98979
O -2.43423 -4.30282 1.21902
O -0.09761 -3.06087 9.30474
O 2.82008 -4.98832 7.60213
C -1.4095 -3.47804 9.22727
C 3.25519 -3.2281 9.9832
C 4.32242 -2.27634 10.52371
C 3.49947 -1.02025 10.73607
C 2.09823 -1.55653 10.41849
O 2.1548 -2.90996 10.79794
H 3.77379 -2.44292 8.03659
H 2.10517 -0.71772 8.35508
H 3.61618 -4.27803 10.03932
H 4.62812 -2.67247 11.51896
H 5.22746 -2.14891 9.89168
H 3.58453 -0.7213 11.80427
H 3.75968 -0.16453 10.0759
H 1.31595 -0.9425 10.91743
O -2.62557 -4.97484 5.92131
C -2.23805 -3.0474 0.68288
C -4.82106 -6.45117 2.9191
C -4.9563 -7.96624 2.77381
C -4.26039 -8.43153 4.03449
C -3.9173 -7.0842 4.67859
O -4.98824 -6.25306 4.30044
H -2.93767 -6.61578 1.82529
H -1.88451 -7.18867 3.86321
H -1.82975 -2.36183 1.45614
H -5.54833 -5.93377 2.2553
H -6.03772 -8.21983 2.85191
H -4.54773 -8.37699 1.82545
H -5.00276 -8.96973 4.66544
H -3.36508 -9.07102 3.87735
H -3.76796 -7.22285 5.77208
H -3.19587 -2.644 0.29026
H -1.51104 -3.1179 -0.15196
H -1.53551 -4.39584 9.83714
H -1.67546 -3.70963 8.17535
H -2.08564 -2.68961 9.62114
H 0.26754 -5.27138 6.63951
H 1.51827 -4.92729 5.36728
H -1.06029 -3.28491 5.75958
H 0.11821 -3.10842 4.45589
$end

$opt
CONSTRAINT
tors           1           2           3           4     -79.290
tors           3           4           5           6     -77.521
tors           4           5           6           7    -176.672
tors           5           6           7           8     +98.600
tors           6           7           8           9    -176.305
tors           7           8           9          10    -179.642
tors           8           9          10          11    +177.869
tors           9          10          11          12     +30.603
tors          11          12          13          14    -125.162
ENDCONSTRAINT
$end

$rem
JOBTYPE                   OPT
METHOD                    B3LYP
DFT_D                     d3_op
BASIS                     STO-3G
GEOM_OPT_MAX_CYCLES       100
GEOM_OPT_TOL_GRADIENT     300
GEOM_OPT_TOL_DISPLACEMENT 1200
GEOM_OPT_TOL_ENERGY       100
SYMMETRY                  False
THRESH                    12
SCF_CONVERGENCE           8
MAX_SUB_FILE_NUM          128
MEM_STATIC                400
MEM_TOTAL                 4000
$end
