$molecule
0  1
O -3.94934 -3.66094 2.70899
C -3.26408 -4.56952 2.26188
C -3.36658 -6.02376 2.66595
C -2.81402 -6.40967 4.04783
C -2.38236 -5.26997 4.94386
O -1.09273 -4.92024 4.66106
C -0.58549 -3.89527 5.52211
C -0.92272 -4.21465 6.97483
O -0.48781 -3.14214 7.82539
C -0.69765 -3.3284 9.1522
C -0.17359 -2.19095 9.99613
C -0.77071 -0.81427 9.6698
C -2.0289 -0.82314 8.82507
O -2.27814 -0.04408 7.9165
O -2.42026 -4.29883 1.23131
O -3.00614 -1.69524 9.19757
O -1.27747 -4.30085 9.62163
C -4.21751 -1.83369 8.55337
C -0.49086 -2.29994 11.50128
C 0.51021 -1.46537 12.3001
C 0.05645 -0.06386 11.94591
C -1.17705 -0.38154 11.09391
O -1.68023 -1.56945 11.65802
H 0.93109 -2.19473 9.8575
H -0.05048 -0.10022 9.21252
H -0.50108 -3.34548 11.87856
H 0.30068 -1.64343 13.37933
H 1.58 -1.68439 12.09395
H -0.24352 0.45479 12.8836
H 0.79716 0.55112 11.39035
H -1.87526 0.48497 11.08482
O -3.21513 -4.45813 5.3381
C -2.2232 -3.04261 0.69732
C -4.82547 -6.49208 2.7909
C -4.90284 -8.01355 2.65965
C -4.32176 -8.44172 3.99154
C -4.07305 -7.07694 4.64045
O -5.12658 -6.28204 4.14835
H -2.84327 -6.6106 1.87666
H -1.97304 -7.13809 3.99532
H -1.83023 -2.35407 1.47583
H -5.50144 -6.00456 2.05439
H -5.97849 -8.30009 2.63504
H -4.39031 -8.42362 1.7629
H -5.10996 -8.98463 4.55966
H -3.40277 -9.06403 3.93327
H -4.01451 -7.18099 5.74671
H -3.17755 -2.64498 0.29054
H -1.48391 -3.10953 -0.12697
H -4.81443 -2.61506 9.06664
H -4.05463 -2.14366 7.49876
H -4.77955 -0.87593 8.58285
H -1.99458 -4.35752 7.19913
H -0.39344 -5.15506 7.24908
H -1.06494 -2.92709 5.25503
H 0.51032 -3.79036 5.3771
$end

$opt
CONSTRAINT
tors           1           2           3           4     -73.569
tors           3           4           5           6     -85.743
tors           4           5           6           7    -176.672
tors           5           6           7           8     +46.399
tors           6           7           8           9    -176.305
tors           7           8           9          10    -178.120
tors           8           9          10          11    +177.869
tors           9          10          11          12     +58.603
tors          11          12          13          14    -139.275
ENDCONSTRAINT
$end

$rem
JOBTYPE                   OPT
METHOD                    B3LYP
DFT_D                     d3_op
BASIS                     STO-3G
GEOM_OPT_MAX_CYCLES       100
GEOM_OPT_TOL_GRADIENT     300
GEOM_OPT_TOL_DISPLACEMENT 1200
GEOM_OPT_TOL_ENERGY       100
SYMMETRY                  False
THRESH                    12
SCF_CONVERGENCE           8
MAX_SUB_FILE_NUM          128
MEM_STATIC                400
MEM_TOTAL                 4000
$end
