$molecule
0  1
O -3.94934 -3.66094 2.70899
C -3.26408 -4.56952 2.26188
C -3.36658 -6.02376 2.66595
C -2.37842 -6.52864 3.73013
C -1.5161 -5.48205 4.40031
O -0.5244 -5.08389 3.54978
C 0.34126 -4.09525 4.11766
C 1.24601 -4.73006 5.16864
O 2.10486 -3.73199 5.74235
C 3.05983 -4.19875 6.58456
C 3.96118 -3.10882 7.11397
C 3.26252 -1.77035 7.39441
C 1.74872 -1.81424 7.45096
O 0.99515 -1.04791 6.86838
O -2.23614 -4.26266 1.42831
O 1.19713 -2.74493 8.27844
O 3.05062 -5.33398 7.04534
C -0.15835 -2.92228 8.45958
C 4.61097 -3.39156 8.48312
C 5.87685 -2.54793 8.63353
C 5.27884 -1.16537 8.80415
C 3.7858 -1.51072 8.82074
O 3.74246 -2.78957 9.41012
H 4.7543 -2.98186 6.3434
H 3.55208 -0.96409 6.68433
H 4.84559 -4.46464 8.65225
H 6.35839 -2.84605 9.59249
H 6.61375 -2.64777 7.80774
H 5.59607 -0.76591 9.79307
H 5.52594 -0.437 8.00169
H 3.20685 -0.71518 9.34032
O -1.67997 -5.07014 5.54449
C -1.92988 -2.98526 1.00878
C -4.70504 -6.3099 3.38672
C -5.04961 -7.79538 3.28797
C -4.03389 -8.38043 4.24215
C -3.37605 -7.09823 4.76216
O -4.41354 -6.15209 4.75096
H -3.36012 -6.61941 1.72578
H -1.70318 -7.33515 3.36666
H -1.68369 -2.34489 1.88281
H -5.553 -5.70532 2.99559
H -6.06467 -7.92979 3.72622
H -5.03549 -8.21654 2.25973
H -4.57988 -8.89464 5.06437
H -3.29497 -9.07383 3.78544
H -2.9033 -7.29394 5.75014
H -2.78662 -2.54951 0.45162
H -1.0484 -3.02503 0.33662
H -0.3235 -3.74854 9.18086
H -0.64053 -3.18782 7.49467
H -0.61514 -1.99471 8.86575
H 0.66494 -5.20762 5.98411
H 1.85312 -5.51436 4.66178
H -0.24124 -3.24198 4.53496
H 0.98864 -3.68997 3.31125
$end

$opt
CONSTRAINT
tors           1           2           3           4     -96.862
tors           3           4           5           6     -75.445
tors           4           5           6           7    -179.690
tors           5           6           7           8     +72.794
tors           6           7           8           9    -179.551
tors           7           8           9          10    -172.964
tors           8           9          10          11    +177.869
tors           9          10          11          12     +36.522
tors          11          12          13          14    -131.616
ENDCONSTRAINT
$end

$rem
JOBTYPE                   OPT
METHOD                    B3LYP
DFT_D                     d3_op
BASIS                     STO-3G
GEOM_OPT_MAX_CYCLES       100
GEOM_OPT_TOL_GRADIENT     300
GEOM_OPT_TOL_DISPLACEMENT 1200
GEOM_OPT_TOL_ENERGY       100
SYMMETRY                  False
THRESH                    12
SCF_CONVERGENCE           8
MAX_SUB_FILE_NUM          128
MEM_STATIC                400
MEM_TOTAL                 4000
$end
