$molecule
0  1
O -3.94934 -3.66094 2.70899
C -3.26408 -4.56952 2.26188
C -3.36658 -6.02376 2.66595
C -2.47373 -6.49548 3.82533
C -1.70912 -5.42196 4.56764
O -0.449 -5.30975 4.05292
C 0.36585 -4.36799 4.75887
C 0.70615 -4.90319 6.14591
O 1.51015 -3.94769 6.85548
C 1.91197 -4.32863 8.09345
C 2.893 -3.36413 8.71634
C 2.56184 -1.87915 8.50795
C 1.15364 -1.57594 8.03703
O 0.86049 -0.83633 7.10881
O -2.20395 -4.25856 1.47154
O 0.13899 -2.13379 8.75368
O 1.40075 -5.25426 8.71201
C -1.19969 -1.97876 8.46139
C 3.00775 -3.4296 10.25122
C 4.36093 -2.86899 10.68876
C 4.1599 -1.39188 10.41269
C 2.69441 -1.39131 9.96442
O 2.11637 -2.44168 10.70485
H 3.87626 -3.60697 8.25436
H 3.26834 -1.35945 7.82312
H 2.86495 -4.45112 10.66512
H 4.43816 -3.01597 11.78999
H 5.24443 -3.32813 10.19525
H 4.27138 -0.83797 11.37132
H 4.8301 -0.95579 9.64058
H 2.24209 -0.38543 10.11153
O -2.24818 -4.56464 5.26025
C -1.88263 -2.9791 1.06994
C -4.75406 -6.34403 3.27438
C -5.04715 -7.8403 3.16019
C -4.10073 -8.39256 4.20405
C -3.52839 -7.09042 4.77249
O -4.58843 -6.17462 4.66016
H -3.26774 -6.62844 1.73657
H -1.74321 -7.26624 3.48913
H -1.67141 -2.34208 1.95547
H -5.58066 -5.76439 2.80724
H -6.09171 -7.99898 3.51256
H -4.93602 -8.26945 2.14124
H -4.70007 -8.92226 4.97769
H -3.30337 -9.06291 3.81627
H -3.12947 -7.25545 5.7981
H -2.71758 -2.54171 0.48176
H -0.97591 -3.01516 0.43198
H -1.80116 -2.54169 9.20408
H -1.41718 -2.37922 7.44783
H -1.48127 -0.90531 8.51134
H -0.22517 -5.08751 6.72426
H 1.25791 -5.8636 6.03298
H -0.12481 -3.36947 4.81378
H 1.31649 -4.23728 4.1998
$end

$opt
CONSTRAINT
tors           1           2           3           4     -91.047
tors           3           4           5           6     -95.107
tors           4           5           6           7    -176.391
tors           5           6           7           8     +69.570
tors           6           7           8           9    -179.312
tors           7           8           9          10    -178.120
tors           8           9          10          11    +172.702
tors           9          10          11          12     +41.694
tors          11          12          13          14    -131.616
ENDCONSTRAINT
$end

$rem
JOBTYPE                   OPT
METHOD                    B3LYP
DFT_D                     d3_op
BASIS                     STO-3G
GEOM_OPT_MAX_CYCLES       100
GEOM_OPT_TOL_GRADIENT     300
GEOM_OPT_TOL_DISPLACEMENT 1200
GEOM_OPT_TOL_ENERGY       100
SYMMETRY                  False
THRESH                    12
SCF_CONVERGENCE           8
MAX_SUB_FILE_NUM          128
MEM_STATIC                400
MEM_TOTAL                 4000
$end
