$molecule
0  1
O -3.94934 -3.66094 2.70899
C -3.26408 -4.56952 2.26188
C -3.36658 -6.02376 2.66595
C -2.57384 -6.46574 3.90694
C -1.90938 -5.36863 4.70877
O -0.70085 -5.05584 4.15465
C 0.12161 -4.25671 5.0115
C 0.59058 -5.07959 6.20694
O 1.34318 -4.25072 7.10664
C 1.85033 -4.88176 8.19464
C 2.81202 -4.02112 8.97891
C 2.55642 -2.51006 8.88061
C 1.20511 -2.10303 8.32835
O 1.0068 -1.18638 7.54414
O -2.24617 -4.26532 1.41521
O 0.11349 -2.69486 8.89282
O 1.77569 -6.09255 8.36615
C -1.19459 -2.39283 8.5767
C 2.70092 -4.21712 10.50859
C 4.01333 -3.8 11.17167
C 3.95645 -2.29687 10.9865
C 2.55599 -2.15137 10.37922
O 1.82494 -3.2106 10.94568
H 3.8378 -4.32451 8.67093
H 3.34109 -1.96014 8.31582
H 2.43687 -5.25562 10.80496
H 3.91158 -4.02792 12.25725
H 4.93046 -4.29166 10.78186
H 4.00897 -1.81768 11.98923
H 4.73387 -1.87018 10.31626
H 2.15296 -1.13061 10.56377
O -2.34783 -4.90712 5.75827
C -1.95212 -2.99014 0.9804
C -4.80314 -6.37392 3.1077
C -5.04193 -7.87808 2.98209
C -4.21525 -8.38815 4.14048
C -3.73268 -7.06297 4.73919
O -4.79466 -6.17561 4.49725
H -3.13162 -6.62667 1.75999
H -1.8167 -7.25808 3.71172
H -1.70106 -2.33961 1.84545
H -5.58228 -5.81947 2.53911
H -6.11679 -8.06665 3.20419
H -4.78971 -8.3105 1.98996
H -4.89446 -8.90361 4.85581
H -3.37349 -9.06027 3.86666
H -3.45677 -7.21436 5.80649
H -2.81749 -2.56503 0.42826
H -1.07802 -3.03083 0.29869
H -1.87083 -3.02825 9.18427
H -1.38562 -2.5947 7.50196
H -1.40644 -1.32601 8.80245
H -0.26596 -5.50606 6.76869
H 1.21687 -5.91932 5.82974
H -0.42169 -3.34032 5.33497
H 1.01749 -3.92589 4.4447
$end

$opt
CONSTRAINT
tors           1           2           3           4     -85.492
tors           3           4           5           6     -83.963
tors           4           5           6           7    -166.530
tors           5           6           7           8     +69.302
tors           6           7           8           9    -176.305
tors           7           8           9          10    -178.120
tors           8           9          10          11    +170.609
tors           9          10          11          12     +28.251
tors          11          12          13          14    -138.960
ENDCONSTRAINT
$end

$rem
JOBTYPE                   OPT
METHOD                    B3LYP
DFT_D                     d3_op
BASIS                     STO-3G
GEOM_OPT_MAX_CYCLES       100
GEOM_OPT_TOL_GRADIENT     300
GEOM_OPT_TOL_DISPLACEMENT 1200
GEOM_OPT_TOL_ENERGY       100
SYMMETRY                  False
THRESH                    12
SCF_CONVERGENCE           8
MAX_SUB_FILE_NUM          128
MEM_STATIC                400
MEM_TOTAL                 4000
$end
