$molecule
0  1
O -3.94934 -3.66094 2.70899
C -3.26408 -4.56952 2.26188
C -3.36658 -6.02376 2.66595
C -2.67172 -6.44061 3.97257
C -2.10324 -5.32405 4.82004
O -0.90396 -4.91759 4.30826
C -0.2652 -3.91147 5.10133
C 0.33872 -4.53536 6.35519
O 0.96388 -3.51929 7.15496
C 1.55051 -3.95517 8.29734
C 2.24484 -2.85211 9.06013
C 1.47422 -1.52536 9.12458
C 0.00875 -1.59327 8.74446
O -0.59246 -0.7562 8.08686
O -2.43447 -4.3031 1.21879
O -0.71953 -2.59714 9.30787
O 1.37496 -5.07642 8.75922
C -2.06759 -2.79752 9.09746
C 2.48507 -3.13614 10.55431
C 3.63202 -2.26443 11.0656
C 2.9703 -0.90119 11.07361
C 1.54869 -1.28174 10.64702
O 1.36878 -2.56873 11.19103
H 3.21857 -2.70504 8.54135
H 1.94302 -0.69311 8.554
H 2.68978 -4.20569 10.77662
H 3.83516 -2.56573 12.11828
H 4.57174 -2.33256 10.47631
H 2.96739 -0.51953 12.11894
H 3.42324 -0.14684 10.3945
H 0.8238 -0.50719 10.98311
O -2.6112 -4.90563 5.85564
C -2.23912 -3.04795 0.68169
C -4.81941 -6.43945 2.94531
C -4.96867 -7.95436 2.81028
C -4.26062 -8.41761 4.06462
C -3.89062 -7.06938 4.69104
O -4.96047 -6.2307 4.32733
H -2.95869 -6.61677 1.81573
H -1.87858 -7.21181 3.84725
H -1.83128 -2.36149 1.45441
H -5.55361 -5.92002 2.29075
H -6.05046 -8.20144 2.9023
H -4.5731 -8.37112 1.85902
H -5.00147 -8.93719 4.7128
H -3.3784 -9.07336 3.90077
H -3.72256 -7.20079 5.78291
H -3.19722 -2.64549 0.28879
H -1.5121 -3.11861 -0.15312
H -2.39676 -3.68685 9.67275
H -2.26183 -2.97755 8.01852
H -2.64524 -1.91336 9.44179
H -0.45126 -5.02988 6.95882
H 1.08706 -5.30135 6.05074
H -0.96441 -3.07836 5.34407
H 0.56825 -3.47715 4.50954
$end

$opt
CONSTRAINT
tors           1           2           3           4     -80.442
tors           3           4           5           6     -79.477
tors           4           5           6           7    -176.672
tors           5           6           7           8     +75.391
tors           6           7           8           9    -179.300
tors           7           8           9          10    -179.439
tors           8           9          10          11    +177.300
tors           9          10          11          12     +41.694
tors          11          12          13          14    -140.155
ENDCONSTRAINT
$end

$rem
JOBTYPE                   OPT
METHOD                    B3LYP
DFT_D                     d3_op
BASIS                     STO-3G
GEOM_OPT_MAX_CYCLES       100
GEOM_OPT_TOL_GRADIENT     300
GEOM_OPT_TOL_DISPLACEMENT 1200
GEOM_OPT_TOL_ENERGY       100
SYMMETRY                  False
THRESH                    12
SCF_CONVERGENCE           8
MAX_SUB_FILE_NUM          128
MEM_STATIC                400
MEM_TOTAL                 4000
$end
