$molecule
0  1
O -3.94934 -3.66094 2.70899
C -3.26408 -4.56952 2.26188
C -3.36658 -6.02376 2.66595
C -2.47373 -6.49548 3.82533
C -1.70912 -5.42196 4.56764
O -0.53106 -5.16392 3.92654
C 0.29452 -4.22389 4.62226
C 0.56486 -4.71153 6.04186
O 1.32247 -3.72634 6.7618
C 1.78272 -4.11748 7.97601
C 2.5971 -3.05053 8.66817
C 2.27267 -1.61095 8.24315
C 0.97545 -1.42299 7.48249
O 0.82059 -0.69171 6.51511
O -2.20545 -4.25838 1.46954
O -0.1441 -1.96127 8.04701
O 1.75098 -5.27649 8.37122
C -1.42429 -1.79834 7.56013
C 2.31565 -2.95461 10.1858
C 3.51662 -2.31997 10.88655
C 3.40388 -0.88986 10.39748
C 2.07841 -0.96954 9.63057
O 1.34274 -1.95091 10.31818
H 3.66696 -3.32967 8.53966
H 3.08705 -1.1242 7.66267
H 2.07339 -3.93308 10.65483
H 3.29829 -2.33982 11.97868
H 4.49816 -2.80783 10.70382
H 3.31453 -0.22228 11.28301
H 4.2308 -0.54551 9.73921
H 1.60324 0.03448 9.56306
O -2.27446 -4.60128 5.28415
C -1.88276 -2.97844 1.07059
C -4.75619 -6.34437 3.26741
C -5.0472 -7.84111 3.15445
C -4.10658 -8.38983 4.20501
C -3.5359 -7.08575 4.77047
O -4.5961 -6.171 4.65259
H -3.26281 -6.6274 1.73651
H -1.74216 -7.27309 3.50929
H -1.66796 -2.34442 1.95746
H -5.58087 -5.76609 2.79519
H -6.09376 -8.00125 3.50012
H -4.92817 -8.27107 2.13673
H -4.7105 -8.91411 4.97882
H -3.30895 -9.06398 3.82449
H -3.14192 -7.24846 5.79839
H -2.71836 -2.53779 0.48581
H -0.9777 -3.01448 0.43031
H -2.1331 -2.35133 8.2097
H -1.49652 -2.20052 6.52838
H -1.70018 -0.72235 7.56275
H -0.35098 -4.91711 6.6321
H 1.1419 -5.65984 5.95161
H -0.21181 -3.23353 4.65618
H 1.25172 -4.09504 4.0743
$end

$opt
CONSTRAINT
tors           1           2           3           4     -91.047
tors           3           4           5           6     -85.743
tors           4           5           6           7    -175.827
tors           5           6           7           8     +56.211
tors           6           7           8           9    -176.394
tors           7           8           9          10    -171.382
tors           8           9          10          11    +178.674
tors           9          10          11          12     +25.454
tors          11          12          13          14    -139.039
ENDCONSTRAINT
$end

$rem
JOBTYPE                   OPT
METHOD                    B3LYP
DFT_D                     d3_op
BASIS                     STO-3G
GEOM_OPT_MAX_CYCLES       100
GEOM_OPT_TOL_GRADIENT     300
GEOM_OPT_TOL_DISPLACEMENT 1200
GEOM_OPT_TOL_ENERGY       100
SYMMETRY                  False
THRESH                    12
SCF_CONVERGENCE           8
MAX_SUB_FILE_NUM          128
MEM_STATIC                400
MEM_TOTAL                 4000
$end
