$molecule
0  1
O -3.94934 -3.66094 2.70899
C -3.26408 -4.56952 2.26188
C -3.36658 -6.02376 2.66595
C -2.47373 -6.49548 3.82533
C -1.70912 -5.42196 4.56764
O -0.53106 -5.16392 3.92654
C 0.35592 -4.33853 4.68895
C 0.8483 -5.09285 5.91968
O 1.66845 -4.23217 6.72557
C 2.17979 -4.79688 7.84752
C 3.05446 -3.85138 8.63596
C 2.64373 -2.37364 8.55938
C 1.25297 -2.10134 8.02241
O 0.99076 -1.39672 7.05839
O -2.22903 -4.26241 1.43749
O 0.2179 -2.69989 8.67493
O 2.16956 -6.0039 8.05674
C -1.10982 -2.55432 8.33252
C 2.99344 -4.05903 10.16834
C 4.27635 -3.52204 10.80345
C 4.08027 -2.02941 10.6189
C 2.65504 -2.01016 10.05322
O 2.04078 -3.13541 10.63292
H 4.10186 -4.04427 8.31174
H 3.35738 -1.77546 7.9508
H 2.83348 -5.11765 10.46747
H 4.21603 -3.75566 11.89083
H 5.22802 -3.92851 10.39867
H 4.12396 -1.5432 11.61854
H 4.79414 -1.53896 9.92198
H 2.16348 -1.03126 10.24808
O -2.08248 -4.89521 5.61112
C -1.94573 -2.99028 0.98689
C -4.76319 -6.33388 3.25091
C -5.06032 -7.82933 3.14508
C -4.13871 -8.3714 4.21318
C -3.56093 -7.0646 4.76562
O -4.61339 -6.14452 4.63313
H -3.25459 -6.62583 1.73652
H -1.76165 -7.3088 3.55963
H -1.72865 -2.31883 1.84481
H -5.57968 -5.75549 2.76449
H -6.11291 -7.98538 3.47374
H -4.9233 -8.26425 2.1317
H -4.75823 -8.87287 4.98998
H -3.34759 -9.06452 3.85403
H -3.18444 -7.22902 5.79989
H -2.80424 -2.59188 0.40462
H -1.05473 -3.02807 0.32725
H -1.73231 -3.15544 9.02633
H -1.27901 -2.91406 7.29641
H -1.41045 -1.48794 8.41262
H 0.00871 -5.4493 6.55022
H 1.42825 -5.9797 5.5783
H -0.14639 -3.3866 4.97541
H 1.23428 -4.0761 4.06219
$end

$opt
CONSTRAINT
tors           1           2           3           4     -91.047
tors           3           4           5           6     -85.743
tors           4           5           6           7    -169.462
tors           5           6           7           8     +67.569
tors           6           7           8           9    -176.305
tors           7           8           9          10    -179.344
tors           8           9          10          11    +178.826
tors           9          10          11          12     +32.159
tors          11          12          13          14    -122.922
ENDCONSTRAINT
$end

$rem
JOBTYPE                   OPT
METHOD                    B3LYP
DFT_D                     d3_op
BASIS                     STO-3G
GEOM_OPT_MAX_CYCLES       100
GEOM_OPT_TOL_GRADIENT     300
GEOM_OPT_TOL_DISPLACEMENT 1200
GEOM_OPT_TOL_ENERGY       100
SYMMETRY                  False
THRESH                    12
SCF_CONVERGENCE           8
MAX_SUB_FILE_NUM          128
MEM_STATIC                400
MEM_TOTAL                 4000
$end
