$molecule
0  1
O -3.94934 -3.66094 2.70899
C -3.26408 -4.56952 2.26188
C -3.36658 -6.02376 2.66595
C -2.48872 -6.49073 3.83862
C -1.73925 -5.4134 4.59079
O -0.55404 -5.14975 3.96535
C 0.26372 -4.2162 4.6788
C 0.56491 -4.74331 6.07793
O 1.36332 -3.79117 6.79826
C 1.72593 -4.16332 8.05092
C 2.605 -3.14432 8.73615
C 2.1839 -1.68217 8.52866
C 0.78439 -1.46793 7.9881
O 0.49967 -0.80632 7.00029
O -2.20557 -4.2584 1.46936
O -0.23049 -2.05983 8.67611
O 1.23849 -5.12233 8.63731
C -1.55934 -1.99663 8.31321
C 2.64702 -3.21947 10.27506
C 3.93905 -2.58019 10.78387
C 3.66153 -1.11543 10.50593
C 2.22038 -1.19973 9.99109
O 1.67546 -2.29285 10.6942
H 3.62559 -3.31389 8.32505
H 2.8852 -1.12042 7.87218
H 2.54847 -4.25232 10.67338
H 3.96747 -2.73184 11.88684
H 4.87449 -2.97924 10.33596
H 3.69845 -0.5625 11.47082
H 4.33678 -0.63506 9.76511
H 1.69926 -0.22567 10.12325
O -2.30931 -4.60407 5.31641
C -1.88411 -2.97869 1.06866
C -4.76368 -6.34864 3.24695
C -5.04757 -7.84656 3.13165
C -4.12052 -8.39049 4.19665
C -3.56286 -7.08361 4.76869
O -4.62452 -6.17285 4.63406
H -3.24678 -6.62816 1.7389
H -1.74992 -7.26645 3.53508
H -1.67014 -2.34315 1.95462
H -5.5832 -5.77369 2.76182
H -6.09853 -8.0101 3.46203
H -4.91192 -8.27731 2.11634
H -4.7339 -8.91588 4.96223
H -3.31502 -9.06232 3.82884
H -3.18365 -7.24381 5.80255
H -2.72008 -2.53975 0.4831
H -0.97894 -3.01471 0.42853
H -2.16393 -2.56783 9.04699
H -1.70142 -2.44506 7.30657
H -1.90521 -0.94097 8.30758
H -0.36072 -4.9235 6.66248
H 1.11538 -5.70607 5.98009
H -0.24667 -3.22879 4.74547
H 1.21431 -4.07048 4.12368
$end

$opt
CONSTRAINT
tors           1           2           3           4     -90.184
tors           3           4           5           6     -85.647
tors           4           5           6           7    -175.215
tors           5           6           7           8     +58.496
tors           6           7           8           9    -178.867
tors           7           8           9          10    -178.425
tors           8           9          10          11    +177.869
tors           9          10          11          12     +41.694
tors          11          12          13          14    -126.439
ENDCONSTRAINT
$end

$rem
JOBTYPE                   OPT
METHOD                    B3LYP
DFT_D                     d3_op
BASIS                     STO-3G
GEOM_OPT_MAX_CYCLES       100
GEOM_OPT_TOL_GRADIENT     300
GEOM_OPT_TOL_DISPLACEMENT 1200
GEOM_OPT_TOL_ENERGY       100
SYMMETRY                  False
THRESH                    12
SCF_CONVERGENCE           8
MAX_SUB_FILE_NUM          128
MEM_STATIC                400
MEM_TOTAL                 4000
$end
