$molecule
0  1
O -3.94934 -3.66094 2.70899
C -3.26408 -4.56952 2.26188
C -3.36658 -6.02376 2.66595
C -2.33264 -6.54676 3.67654
C -1.42231 -5.51512 4.30511
O -0.38383 -5.23773 3.46247
C 0.53275 -4.27616 3.99587
C 1.28473 -4.86896 5.18298
O 2.17928 -3.88971 5.73411
C 2.90872 -4.30113 6.80078
C 3.83592 -3.23165 7.32726
C 3.19381 -1.84792 7.50405
C 1.67892 -1.81421 7.47783
O 0.99665 -1.28002 6.61544
O -2.23903 -4.26404 1.42438
O 1.04153 -2.53771 8.43854
O 2.7257 -5.36664 7.37722
C -0.32676 -2.68695 8.52326
C 4.4099 -3.45945 8.74062
C 5.7158 -2.67936 8.89294
C 5.19538 -1.25466 8.93579
C 3.68401 -1.51123 8.92272
O 3.5457 -2.74461 9.59144
H 4.67192 -3.18122 6.59338
H 3.54549 -1.13432 6.72583
H 4.57185 -4.53071 8.9882
H 6.13082 -2.93461 9.89449
H 6.48648 -2.8796 8.11783
H 5.50876 -0.79573 9.89968
H 5.50686 -0.60901 8.08621
H 3.13255 -0.6508 9.36199
O -1.64403 -4.9563 5.37497
C -1.93296 -2.98714 1.00339
C -4.67338 -6.29583 3.44558
C -5.03422 -7.77924 3.37056
C -3.98976 -8.36605 4.29183
C -3.29014 -7.08756 4.76269
O -4.31693 -6.12994 4.79251
H -3.40441 -6.61358 1.723
H -1.69929 -7.38124 3.30046
H -1.68273 -2.34688 1.87634
H -5.53259 -5.6861 3.08861
H -6.03429 -7.9063 3.84385
H -5.0565 -8.20323 2.34361
H -4.50944 -8.85149 5.148
H -3.2862 -9.085 3.81919
H -2.77217 -7.27709 5.72928
H -2.7913 -2.55055 0.44936
H -1.05407 -3.02808 0.32789
H -0.56935 -3.32418 9.39809
H -0.7147 -3.1777 7.60495
H -0.81245 -1.69655 8.65494
H 0.59361 -5.19542 5.98525
H 1.85724 -5.75753 4.83371
H 0.00124 -3.33954 4.28107
H 1.27229 -4.01532 3.20953
$end

$opt
CONSTRAINT
tors           1           2           3           4     -99.911
tors           3           4           5           6     -82.165
tors           4           5           6           7    -179.371
tors           5           6           7           8     +68.249
tors           6           7           8           9    -178.619
tors           7           8           9          10    -179.965
tors           8           9          10          11    +179.569
tors           9          10          11          12     +46.779
tors          11          12          13          14    -113.559
ENDCONSTRAINT
$end

$rem
JOBTYPE                   OPT
METHOD                    B3LYP
DFT_D                     d3_op
BASIS                     STO-3G
GEOM_OPT_MAX_CYCLES       100
GEOM_OPT_TOL_GRADIENT     300
GEOM_OPT_TOL_DISPLACEMENT 1200
GEOM_OPT_TOL_ENERGY       100
SYMMETRY                  False
THRESH                    12
SCF_CONVERGENCE           8
MAX_SUB_FILE_NUM          128
MEM_STATIC                400
MEM_TOTAL                 4000
$end
