$molecule
0  1
O -3.94934 -3.66094 2.70899
C -3.26408 -4.56952 2.26188
C -3.36658 -6.02376 2.66595
C -2.43659 -6.50776 3.79055
C -1.63422 -5.44414 4.5068
O -0.49301 -5.17378 3.80682
C 0.32623 -4.17789 4.42835
C 0.94282 -4.72926 5.70973
O 1.66749 -3.69229 6.38975
C 2.26492 -4.06268 7.5495
C 3.01753 -2.93263 8.21071
C 2.18917 -1.66484 8.46531
C 0.68588 -1.82565 8.36058
O -0.03079 -1.2713 7.53982
O -2.21017 -4.25915 1.46288
O 0.11377 -2.732 9.19956
O 2.14127 -5.17154 8.05586
C -1.2258 -3.05932 9.19797
C 3.54489 -3.212 9.63406
C 4.72828 -2.29057 9.93025
C 4.02432 -0.95269 10.05745
C 2.56228 -1.39686 9.93334
O 2.55429 -2.69238 10.48816
H 3.88082 -2.71717 7.54102
H 2.47656 -0.84204 7.7734
H 3.83398 -4.27206 9.80139
H 5.12106 -2.58029 10.93142
H 5.55766 -2.32171 9.19133
H 4.22835 -0.5441 11.072
H 4.28856 -0.2009 9.28242
H 1.88191 -0.65618 10.40874
O -2.006 -4.85927 5.51984
C -1.88983 -2.97976 1.06036
C -4.74314 -6.32377 3.30219
C -5.05638 -7.81664 3.20478
C -4.10171 -8.36861 4.23839
C -3.4921 -7.06803 4.77046
O -4.54071 -6.13856 4.67826
H -3.29293 -6.62326 1.73116
H -1.74195 -7.32614 3.49599
H -1.66989 -2.34459 1.94511
H -5.57255 -5.73816 2.84739
H -6.09776 -7.96497 3.57062
H -4.95918 -8.25031 2.18628
H -4.69721 -8.86465 5.03715
H -3.33102 -9.06909 3.85024
H -3.0777 -7.23565 5.78967
H -2.72875 -2.53989 0.47976
H -0.98838 -3.01669 0.41505
H -1.41458 -3.82127 9.9816
H -1.51414 -3.482 8.21159
H -1.84004 -2.15988 9.4167
H 0.16453 -5.11 6.40165
H 1.61864 -5.57438 5.44851
H -0.26544 -3.2552 4.62887
H 1.14899 -3.90042 3.73604
$end

$opt
CONSTRAINT
tors           1           2           3           4     -93.240
tors           3           4           5           6     -84.325
tors           4           5           6           7    -179.669
tors           5           6           7           8     +69.665
tors           6           7           8           9    -174.967
tors           7           8           9          10    -179.965
tors           8           9          10          11    +179.603
tors           9          10          11          12     +54.452
tors          11          12          13          14    -116.438
ENDCONSTRAINT
$end

$rem
JOBTYPE                   OPT
METHOD                    B3LYP
DFT_D                     d3_op
BASIS                     STO-3G
GEOM_OPT_MAX_CYCLES       100
GEOM_OPT_TOL_GRADIENT     300
GEOM_OPT_TOL_DISPLACEMENT 1200
GEOM_OPT_TOL_ENERGY       100
SYMMETRY                  False
THRESH                    12
SCF_CONVERGENCE           8
MAX_SUB_FILE_NUM          128
MEM_STATIC                400
MEM_TOTAL                 4000
$end
