$molecule
0  1
O -3.94934 -3.66094 2.70899
C -3.26408 -4.56952 2.26188
C -3.36658 -6.02376 2.66595
C -2.3167 -6.55348 3.65641
C -1.38946 -5.52741 4.26919
O -0.3591 -5.2629 3.41256
C 0.56591 -4.29813 3.92523
C 1.34156 -4.88591 5.09955
O 2.1607 -3.87147 5.70187
C 2.90305 -4.27513 6.76259
C 3.74835 -3.16736 7.34481
C 3.01105 -1.83854 7.566
C 1.49785 -1.90651 7.51796
O 0.79484 -1.43553 6.63563
O -2.24416 -4.26501 1.41779
O 0.89827 -2.67545 8.46765
O 2.78594 -5.37281 7.29403
C -0.45736 -2.91954 8.53263
C 4.32036 -3.41085 8.75645
C 5.56918 -2.55191 8.95582
C 4.95406 -1.16746 9.04356
C 3.46342 -1.5234 9.00202
O 3.40132 -2.78803 9.62218
H 4.58781 -3.03107 6.62589
H 3.32117 -1.07659 6.81648
H 4.55091 -4.47769 8.96577
H 5.98817 -2.81669 9.95324
H 6.36107 -2.67095 8.18537
H 5.22674 -0.72429 10.02698
H 5.22969 -0.47191 8.22142
H 2.85081 -0.719 9.46569
O -1.59229 -4.96286 5.33983
C -1.94083 -2.98865 0.99326
C -4.66038 -6.29183 3.46807
C -5.02801 -7.77384 3.39789
C -3.97051 -8.36544 4.30105
C -3.25687 -7.09031 4.75961
O -4.27907 -6.12847 4.80849
H -3.42174 -6.61156 1.72261
H -1.69532 -7.39146 3.26828
H -1.68558 -2.34717 1.86386
H -5.52351 -5.6786 3.12699
H -6.02054 -7.8981 3.88748
H -5.0686 -8.19627 2.37085
H -4.47753 -8.84777 5.16653
H -3.27907 -9.08831 3.81666
H -2.72236 -7.28253 5.71662
H -2.8025 -2.55296 0.44371
H -1.06594 -3.03036 0.31265
H -0.66747 -3.57441 9.40283
H -0.79737 -3.43328 7.60838
H -1.01234 -1.96552 8.65901
H 0.66141 -5.27793 5.88175
H 1.96638 -5.73058 4.7319
H 0.02896 -3.36846 4.2237
H 1.28836 -4.02286 3.1281
$end

$opt
CONSTRAINT
tors           1           2           3           4    -101.023
tors           3           4           5           6     -82.692
tors           4           5           6           7    -179.916
tors           5           6           7           8     +68.988
tors           6           7           8           9    -173.738
tors           7           8           9          10    -179.965
tors           8           9          10          11    +179.603
tors           9          10          11          12     +46.779
tors          11          12          13          14    -110.159
ENDCONSTRAINT
$end

$rem
JOBTYPE                   OPT
METHOD                    B3LYP
DFT_D                     d3_op
BASIS                     STO-3G
GEOM_OPT_MAX_CYCLES       100
GEOM_OPT_TOL_GRADIENT     300
GEOM_OPT_TOL_DISPLACEMENT 1200
GEOM_OPT_TOL_ENERGY       100
SYMMETRY                  False
THRESH                    12
SCF_CONVERGENCE           8
MAX_SUB_FILE_NUM          128
MEM_STATIC                400
MEM_TOTAL                 4000
$end
