$molecule
0  1
O -3.94934 -3.66094 2.70899
C -3.26408 -4.56952 2.26188
C -3.36658 -6.02376 2.66595
C -2.31831 -6.55279 3.65847
C -1.39277 -5.52616 4.27288
O -0.32088 -5.31784 3.45246
C 0.60828 -4.36075 3.97197
C 1.31809 -4.92847 5.19671
O 2.13917 -3.91595 5.79965
C 2.82551 -4.3027 6.90351
C 3.70843 -3.2111 7.45984
C 3.00745 -1.86346 7.68522
C 1.4924 -1.89567 7.66809
O 0.77978 -1.30178 6.87184
O -2.24087 -4.26505 1.42184
O 0.89344 -2.71614 8.57405
O 2.66404 -5.38178 7.46084
C -0.4675 -2.92094 8.66044
C 4.29523 -3.46303 8.86398
C 5.56581 -2.63205 9.04343
C 4.98285 -1.23465 9.13856
C 3.48448 -1.55776 9.11574
O 3.4018 -2.8188 9.74003
H 4.54129 -3.10298 6.72862
H 3.32565 -1.10237 6.9383
H 4.50524 -4.53424 9.07289
H 5.99456 -2.90473 10.03455
H 6.34229 -2.76976 8.2605
H 5.27641 -0.79826 10.11902
H 5.26452 -0.54473 8.31374
H 2.89651 -0.73895 9.58625
O -1.7435 -4.7491 5.1558
C -1.93454 -2.9884 1.00041
C -4.65453 -6.30038 3.47762
C -5.0184 -7.78342 3.40052
C -3.94978 -8.38086 4.28899
C -3.24095 -7.10779 4.76015
O -4.26745 -6.14994 4.81964
H -3.42644 -6.61325 1.72384
H -1.68742 -7.3634 3.22868
H -1.68145 -2.34868 1.87294
H -5.52158 -5.687 3.14721
H -6.00494 -7.91094 3.90134
H -5.07223 -8.20146 2.37233
H -4.44705 -8.88226 5.14912
H -3.25427 -9.0884 3.78792
H -2.69547 -7.29977 5.71093
H -2.79382 -2.55072 0.44869
H -1.05742 -3.03006 0.32268
H -0.67603 -3.63448 9.48363
H -0.84972 -3.35053 7.70961
H -0.98608 -1.96252 8.87637
H 0.57296 -5.25895 5.952
H 1.92915 -5.80711 4.89066
H 0.09279 -3.40241 4.21097
H 1.37233 -4.13709 3.19782
$end

$opt
CONSTRAINT
tors           1           2           3           4    -100.910
tors           3           4           5           6     -86.143
tors           4           5           6           7    -179.642
tors           5           6           7           8     +68.988
tors           6           7           8           9    -173.738
tors           7           8           9          10    -179.965
tors           8           9          10          11    +177.850
tors           9          10          11          12     +50.960
tors          11          12          13          14    -117.979
ENDCONSTRAINT
$end

$rem
JOBTYPE                   OPT
METHOD                    B3LYP
DFT_D                     d3_op
BASIS                     STO-3G
GEOM_OPT_MAX_CYCLES       100
GEOM_OPT_TOL_GRADIENT     300
GEOM_OPT_TOL_DISPLACEMENT 1200
GEOM_OPT_TOL_ENERGY       100
SYMMETRY                  False
THRESH                    12
SCF_CONVERGENCE           8
MAX_SUB_FILE_NUM          128
MEM_STATIC                400
MEM_TOTAL                 4000
$end
