$molecule
0  1
O -3.94934 -3.66094 2.70899
C -3.26408 -4.56952 2.26188
C -3.36658 -6.02376 2.66595
C -2.05424 -6.81773 2.77194
C -0.77335 -6.02476 2.63554
O -0.85413 -5.1953 1.55346
C -0.91265 -5.89857 0.30797
C 0.49548 -6.23016 -0.17509
O 0.44315 -7.28424 -1.14929
C 0.61375 -6.89655 -2.4376
C -0.51333 -6.02893 -2.94512
C -0.08173 -4.88529 -3.87469
C 1.32127 -4.98598 -4.43876
O 2.2847 -4.33382 -4.0632
O -2.97861 -4.35725 0.95167
O 1.54661 -5.95359 -5.37141
O 1.34231 -7.53406 -3.18149
C 2.76853 -6.20676 -5.95932
C -1.4748 -6.78207 -3.91
C -2.85288 -6.11284 -3.90641
C -2.52441 -4.79594 -4.58591
C -1.081 -5.07335 -5.03009
O -1.03714 -6.46844 -5.20878
H -1.18229 -5.68287 -2.19777
H -0.14745 -3.90709 -3.34863
H -1.57495 -7.86505 -3.67807
H -3.49436 -6.71768 -4.58759
H -3.36238 -6.02132 -2.92281
H -3.21176 -4.66776 -5.45086
H -2.56152 -3.90119 -3.92687
H -0.80958 -4.45802 -5.91624
O 0.01059 -5.81083 3.54849
C -3.03407 -3.15313 0.25953
C -3.89789 -6.17619 4.10911
C -4.50814 -7.56429 4.30026
C -3.25963 -8.41513 4.33644
C -2.18261 -7.33096 4.22473
O -2.7395 -6.23285 4.90132
H -4.09451 -6.49213 1.96589
H -2.01415 -7.70763 2.11043
H -3.32983 -2.29379 0.89762
H -4.64509 -5.40344 4.39284
H -4.98189 -7.58985 5.30781
H -5.25891 -7.85143 3.53288
H -3.1983 -8.90551 5.33377
H -3.1807 -9.18097 3.53494
H -1.22261 -7.72007 4.63062
H -3.75954 -3.24622 -0.57439
H -2.03413 -2.92619 -0.16404
H 2.65913 -7.04432 -6.67827
H 3.51308 -6.49394 -5.18638
H 3.12252 -5.30772 -6.50758
H 1.02464 -5.31091 -0.51885
H 1.0809 -6.64352 0.67296
H -1.34793 -5.17941 -0.37038
H -1.56753 -6.78821 0.30324
$end

$opt
CONSTRAINT
tors           1           2           3           4    -142.105
tors           3           4           5           6     -47.368
tors           4           5           6           7     -66.316
tors           5           6           7           8     -85.263
tors           6           7           8           9    +161.053
tors           7           8           9          10    +104.211
tors           8           9          10          11     -66.316
tors           9          10          11          12    +142.105
tors          11          12          13          14    -104.211
ENDCONSTRAINT
$end

$rem
JOBTYPE                   OPT
METHOD                    B3LYP
DFT_D                     d3_op
BASIS                     STO-3G
GEOM_OPT_MAX_CYCLES       100
GEOM_OPT_TOL_GRADIENT     300
GEOM_OPT_TOL_DISPLACEMENT 1200
GEOM_OPT_TOL_ENERGY       100
SYMMETRY                  False
THRESH                    12
SCF_CONVERGENCE           8
MAX_SUB_FILE_NUM          128
MEM_STATIC                400
MEM_TOTAL                 4000
$end
