$molecule
0  1
O -3.94934 -3.66094 2.70899
C -3.26408 -4.56952 2.26188
C -3.36658 -6.02376 2.66595
C -2.09215 -6.69516 3.20345
C -0.90361 -5.79095 3.44399
O -0.01917 -6.40149 4.28684
C 1.29391 -6.52688 3.73065
C 1.54187 -7.965 3.2874
O 0.29853 -8.5875 2.92759
C 0.35218 -9.42369 1.86126
C 1.18455 -10.65657 2.12165
C 0.88835 -11.36902 3.44942
C -0.40303 -10.97435 4.13736
O -0.95138 -9.88562 4.04486
O -2.46875 -4.31105 1.18854
O -0.86397 -11.83571 5.08392
O -0.45917 -9.3446 0.95159
C -1.98488 -11.61452 5.85717
C 0.95505 -11.79383 1.10701
C 2.17113 -12.71768 1.08261
C 2.03307 -13.39691 2.42731
C 0.69999 -12.80395 2.89853
O -0.02372 -12.5983 1.71018
H 2.24986 -10.34291 2.06
H 1.7072 -11.32335 4.20022
H 0.73253 -11.43575 0.07827
H 1.99252 -13.47215 0.28298
H 3.14658 -12.21692 0.90185
H 1.93689 -14.49239 2.25679
H 2.85194 -13.19379 3.15098
H 0.23049 -13.49434 3.63251
O -0.7444 -4.63843 3.07297
C -2.30969 -3.06481 0.61903
C -4.33227 -6.20905 3.85522
C -4.86877 -7.6346 3.88351
C -3.63622 -8.38085 4.3266
C -2.66259 -7.21338 4.55213
O -3.49345 -6.1648 4.97976
H -3.7655 -6.55905 1.77495
H -1.77324 -7.53692 2.56374
H -1.89216 -2.35444 1.36428
H -5.18752 -5.49846 3.85531
H -5.6293 -7.68993 4.69532
H -5.31979 -7.98323 2.92949
H -3.8613 -8.88782 5.29152
H -3.26267 -9.11933 3.58766
H -1.88164 -7.53202 5.27481
H -3.28519 -2.68707 0.24491
H -1.60544 -3.14238 -0.23445
H -2.13074 -12.47523 6.54141
H -2.88199 -11.51608 5.20905
H -1.85734 -10.69209 6.46332
H 2.36473 -8.04859 2.54098
H 1.87115 -8.49699 4.20578
H 2.07861 -6.14864 4.41953
H 1.38959 -5.92339 2.79576
$end

$opt
CONSTRAINT
tors           1           2           3           4    -123.158
tors           3           4           5           6    +161.053
tors           4           5           6           7    +123.158
tors           5           6           7           8    -104.211
tors           6           7           8           9     +28.421
tors           7           8           9          10    +142.105
tors           8           9          10          11     +66.316
tors           9          10          11          12     +47.368
tors          11          12          13          14     -28.421
ENDCONSTRAINT
$end

$rem
JOBTYPE                   OPT
METHOD                    B3LYP
DFT_D                     d3_op
BASIS                     STO-3G
GEOM_OPT_MAX_CYCLES       100
GEOM_OPT_TOL_GRADIENT     300
GEOM_OPT_TOL_DISPLACEMENT 1200
GEOM_OPT_TOL_ENERGY       100
SYMMETRY                  False
THRESH                    12
SCF_CONVERGENCE           8
MAX_SUB_FILE_NUM          128
MEM_STATIC                400
MEM_TOTAL                 4000
$end
