$molecule
0  1
O -3.94934 -3.66094 2.70899
C -3.26408 -4.56952 2.26188
C -3.36658 -6.02376 2.66595
C -2.27333 -6.57303 3.59705
C -1.29943 -5.56331 4.16282
O -0.39219 -6.19338 4.96616
C 0.9294 -5.65492 4.85337
C 1.88354 -6.40603 5.77617
O 2.70283 -7.30194 5.00871
C 2.14448 -7.76617 3.86334
C 1.14172 -6.80733 3.26689
C -0.12489 -6.58956 4.10746
C -0.05222 -7.06034 5.54614
O -0.54979 -6.48822 6.50513
O -2.71964 -4.35126 1.03195
O 0.24656 -8.41178 5.7845
O 2.68624 -8.70431 3.2762
C 0.08156 -9.06522 6.98955
C 1.81531 -5.91819 2.1574
C 1.57292 -6.53878 0.77463
C 0.05268 -6.52937 0.84826
C -0.07837 -5.75706 2.22035
O 0.97392 -4.87254 2.15107
H 0.92637 -7.73163 2.6185
H -0.42743 -7.80892 3.85409
H 2.8634 -5.62174 2.38173
H 1.9455 -5.82799 0.00279
H 2.02124 -7.5457 0.63089
H -0.3153 -5.92805 -0.01501
H -0.46343 -7.51313 0.88193
H -0.91372 -5.1358 1.96756
O -1.46828 -4.33814 4.19436
C -2.64512 -3.12247 0.40908
C -4.63134 -6.28228 3.51313
C -5.0236 -7.75718 3.4391
C -3.94588 -8.37206 4.29934
C -3.18725 -7.11411 4.73581
O -4.19141 -6.13804 4.83657
H -3.49882 -6.58535 1.7073
H -1.98551 -7.40022 2.89866
H -2.05044 -2.41804 1.02923
H -5.49787 -5.65228 3.21397
H -6.00166 -7.87623 3.95812
H -5.10115 -8.16478 2.40821
H -4.43202 -8.84161 5.18397
H -3.29171 -9.1152 3.7944
H -2.6614 -7.34334 5.67968
H -3.6638 -2.7118 0.24327
H -2.14426 -3.24355 -0.57317
H 0.40057 -10.1213 6.87581
H -0.98798 -9.04516 7.28827
H 0.69895 -8.58943 7.77939
H 2.62384 -5.60753 6.02036
H 1.78458 -6.71533 6.85767
H 0.79154 -4.74307 5.52638
H 1.30614 -4.72116 4.31518
$end

$opt
CONSTRAINT
tors           1           2           3           4    -104.211
tors           3           4           5           6    -180.000
tors           4           5           6           7    +142.105
tors           5           6           7           8    -180.000
tors           6           7           8           9    +104.211
tors           7           8           9          10     -28.421
tors           8           9          10          11     +28.421
tors           9          10          11          12     -66.316
tors          11          12          13          14    +142.105
ENDCONSTRAINT
$end

$rem
JOBTYPE                   OPT
METHOD                    B3LYP
DFT_D                     d3_op
BASIS                     STO-3G
GEOM_OPT_MAX_CYCLES       100
GEOM_OPT_TOL_GRADIENT     300
GEOM_OPT_TOL_DISPLACEMENT 1200
GEOM_OPT_TOL_ENERGY       100
SYMMETRY                  False
THRESH                    12
SCF_CONVERGENCE           8
MAX_SUB_FILE_NUM          128
MEM_STATIC                400
MEM_TOTAL                 4000
$end
