$molecule
0  1
O -3.94934 -3.66094 2.70899
C -3.26408 -4.56952 2.26188
C -3.36658 -6.02376 2.66595
C -2.97353 -6.38153 4.10864
C -2.69204 -5.22192 5.03825
O -2.64642 -4.05713 4.32647
C -2.81599 -2.89234 5.14118
C -3.23423 -3.2939 6.55184
O -2.07192 -3.59686 7.33933
C -1.47505 -2.53268 7.93128
C -0.49307 -1.82941 7.02476
C -1.11932 -1.13555 5.8063
C -2.62099 -0.93797 5.85782
O -3.25526 -0.14454 5.17758
O -2.38347 -4.28888 1.26519
O -3.02629 -0.72352 7.15901
O -1.62372 -2.28561 9.11894
C -4.17598 -0.07897 7.59457
C 0.25341 -0.67874 7.72267
C 1.54391 -0.36218 6.96723
C 0.98376 0.33542 5.7503
C -0.51608 0.28295 6.0674
O -0.55311 0.43512 7.46453
H 0.23614 -2.61097 6.71432
H -0.70076 -1.33828 4.78965
H 0.48149 -0.88611 8.79083
H 2.13202 0.374 7.56036
H 2.16986 -1.25615 6.75688
H 1.31698 1.39751 5.7745
H 1.25467 -0.11519 4.77145
H -1.0319 1.08277 5.48996
O -1.87412 -5.47754 5.91172
C -2.16811 -3.02622 0.7538
C -4.82495 -6.50572 2.62904
C -4.87512 -8.03065 2.52938
C -4.46388 -8.41675 3.93418
C -4.29416 -7.03254 4.5666
O -5.28444 -6.25799 3.93388
H -2.74974 -6.60644 1.94435
H -2.13491 -7.11358 4.1686
H -1.80439 -2.34683 1.55453
H -5.41215 -6.04477 1.80431
H -5.9356 -8.33289 2.37582
H -4.24692 -8.45376 1.71606
H -5.3189 -8.93936 4.41863
H -3.54911 -9.04362 4.00862
H -4.36968 -7.10824 5.67444
H -3.10774 -2.62416 0.31807
H -1.39982 -3.08287 -0.04426
H -4.21417 -0.11585 8.70231
H -5.07885 -0.58195 7.18718
H -4.16661 0.98471 7.27558
H -3.95793 -2.66995 7.09463
H -3.97168 -4.12539 6.60408
H -3.69918 -2.45748 4.59746
H -1.74918 -2.9769 4.92892
$end

$opt
CONSTRAINT
tors           1           2           3           4     -66.316
tors           3           4           5           6      -9.474
tors           4           5           6           7    +161.053
tors           5           6           7           8      -9.474
tors           6           7           8           9     +85.263
tors           7           8           9          10     +85.263
tors           8           9          10          11     -85.263
tors           9          10          11          12     +66.316
tors          11          12          13          14    +161.053
ENDCONSTRAINT
$end

$rem
JOBTYPE                   OPT
METHOD                    B3LYP
DFT_D                     d3_op
BASIS                     STO-3G
GEOM_OPT_MAX_CYCLES       100
GEOM_OPT_TOL_GRADIENT     300
GEOM_OPT_TOL_DISPLACEMENT 1200
GEOM_OPT_TOL_ENERGY       100
SYMMETRY                  False
THRESH                    12
SCF_CONVERGENCE           8
MAX_SUB_FILE_NUM          128
MEM_STATIC                400
MEM_TOTAL                 4000
$end
