$molecule
0  1
O -3.94934 -3.66094 2.70899
C -3.26408 -4.56952 2.26188
C -3.36658 -6.02376 2.66595
C -3.41669 -6.33291 4.1712
C -3.53792 -5.14515 5.09996
O -2.33275 -4.89365 5.69135
C -1.36374 -5.9202 5.45372
C -0.65272 -5.67489 4.12692
O 0.76498 -5.58803 4.34014
C 1.53284 -5.7724 3.23762
C 3.01154 -5.66918 3.52649
C 3.3625 -5.15739 4.93119
C 2.2313 -5.16687 5.93966
O 1.05598 -5.38602 5.6844
O -2.28088 -4.26804 1.37309
O 2.56847 -4.84846 7.21744
O 1.09772 -6.09867 2.14015
C 1.67232 -4.78921 8.26418
C 3.74043 -7.02174 3.50814
C 5.22593 -6.79628 3.23384
C 5.66109 -6.15938 4.53885
C 4.3593 -6.25992 5.34328
O 3.74549 -7.42925 4.85389
H 3.4331 -4.99423 2.74762
H 3.80674 -4.13783 4.93143
H 3.3133 -7.74253 2.77717
H 5.69782 -7.80196 3.1544
H 5.45878 -6.20957 2.31925
H 6.45386 -6.7958 4.99115
H 6.01264 -5.10768 4.46168
H 4.58204 -6.25028 6.43289
O -4.51334 -4.42291 5.25137
C -2.00616 -2.99534 0.91932
C -4.7385 -6.52988 2.18221
C -4.76424 -8.05968 2.1355
C -4.92946 -8.36645 3.60137
C -4.86274 -6.94929 4.19135
O -5.58539 -6.20349 3.24708
H -2.57432 -6.58134 2.12207
H -2.94452 -7.28585 4.45849
H -1.72364 -2.33906 1.77015
H -5.02109 -6.11701 1.18768
H -5.66855 -8.41813 1.5948
H -3.85071 -8.47993 1.66189
H -5.96617 -8.7397 3.76577
H -4.21299 -9.10529 4.02036
H -5.30665 -6.97925 5.21353
H -2.89268 -2.57522 0.39788
H -1.15831 -3.03912 0.20541
H 2.2131 -4.5079 9.19089
H 1.19467 -5.781 8.41492
H 0.89262 -4.02497 8.05792
H -0.88091 -6.54003 3.47481
H -0.96771 -4.71499 3.66679
H -1.53198 -6.97013 5.77855
H -0.83293 -5.7779 6.40377
$end

$opt
CONSTRAINT
tors           1           2           3           4     -47.368
tors           3           4           5           6    -104.211
tors           4           5           6           7      -9.474
tors           5           6           7           8     +85.263
tors           6           7           8           9    +123.158
tors           7           8           9          10    +161.053
tors           8           9          10          11    -180.000
tors           9          10          11          12      -9.474
tors          11          12          13          14      -9.474
ENDCONSTRAINT
$end

$rem
JOBTYPE                   OPT
METHOD                    B3LYP
DFT_D                     d3_op
BASIS                     STO-3G
GEOM_OPT_MAX_CYCLES       100
GEOM_OPT_TOL_GRADIENT     300
GEOM_OPT_TOL_DISPLACEMENT 1200
GEOM_OPT_TOL_ENERGY       100
SYMMETRY                  False
THRESH                    12
SCF_CONVERGENCE           8
MAX_SUB_FILE_NUM          128
MEM_STATIC                400
MEM_TOTAL                 4000
$end
