$molecule
0  1
O -3.94934 -3.66094 2.70899
C -3.26408 -4.56952 2.26188
C -3.36658 -6.02376 2.66595
C -4.25419 -6.35572 3.87665
C -5.08044 -5.22016 4.4387
O -4.33413 -4.49819 5.32594
C -3.63265 -5.31614 6.26835
C -3.62835 -4.65104 7.64085
O -4.96507 -4.59906 8.16369
C -5.91087 -4.14826 7.30264
C -6.95184 -3.28309 7.97235
C -6.808 -1.77688 7.70983
C -5.89718 -1.39024 6.56195
O -6.22714 -1.32395 5.38666
O -2.3952 -4.29522 1.2535
O -4.58558 -1.23601 6.88031
O -6.41784 -4.96716 6.55792
C -3.59232 -0.9522 5.96645
C -8.42892 -3.50702 7.55734
C -9.3646 -3.01037 8.66023
C -9.19506 -1.51349 8.52259
C -8.26405 -1.45357 7.3082
O -8.64071 -2.56794 6.53531
H -6.8727 -3.4797 9.06691
H -6.50102 -1.181 8.59809
H -8.67942 -4.56285 7.31704
H -10.40335 -3.2772 8.35971
H -9.16 -3.42114 9.67229
H -10.18429 -1.07017 8.27081
H -8.7622 -0.99888 9.40759
H -8.35195 -0.463 6.80889
O -6.03151 -4.72009 3.85155
C -2.19434 -3.03879 0.72153
C -4.02387 -6.85092 1.55221
C -3.68825 -8.33297 1.72879
C -4.59782 -8.68515 2.88405
C -5.24041 -7.32249 3.16285
O -5.38841 -6.77963 1.87271
H -2.31917 -6.34654 2.86094
H -3.73091 -7.01737 4.59034
H -1.82772 -2.34464 1.50781
H -3.7391 -6.50992 0.53262
H -4.02208 -8.89871 0.83022
H -2.60539 -8.51177 1.90455
H -5.39347 -9.36678 2.50678
H -4.10045 -9.15245 3.76092
H -6.18297 -7.47142 3.73648
H -3.14117 -2.65039 0.28901
H -1.43348 -3.1018 -0.08319
H -2.62058 -0.88036 6.49642
H -3.79978 0.01694 5.46447
H -3.52629 -1.76154 5.20824
H -2.9924 -5.22227 8.3499
H -3.21394 -3.62365 7.54782
H -2.57475 -5.41764 5.9404
H -4.10254 -6.30816 6.46914
$end

$opt
CONSTRAINT
tors           1           2           3           4      -9.474
tors           3           4           5           6     -85.263
tors           4           5           6           7     -47.368
tors           5           6           7           8    -142.105
tors           6           7           8           9     +66.316
tors           7           8           9          10     -47.368
tors           8           9          10          11    -142.105
tors           9          10          11          12    +104.211
tors          11          12          13          14     +85.263
ENDCONSTRAINT
$end

$rem
JOBTYPE                   OPT
METHOD                    B3LYP
DFT_D                     d3_op
BASIS                     STO-3G
GEOM_OPT_MAX_CYCLES       100
GEOM_OPT_TOL_GRADIENT     300
GEOM_OPT_TOL_DISPLACEMENT 1200
GEOM_OPT_TOL_ENERGY       100
SYMMETRY                  False
THRESH                    12
SCF_CONVERGENCE           8
MAX_SUB_FILE_NUM          128
MEM_STATIC                400
MEM_TOTAL                 4000
$end
