$molecule
0  1
O -3.94934 -3.66094 2.70899
C -3.26408 -4.56952 2.26188
C -3.36658 -6.02376 2.66595
C -4.55778 -6.42467 3.55148
C -5.60993 -5.36381 3.78738
O -5.37997 -4.29275 2.97168
C -4.37078 -4.54107 1.98724
C -3.99766 -6.01987 1.97842
O -4.91618 -6.76125 2.79668
C -6.00231 -6.07176 3.2257
C -6.13989 -4.72048 2.56556
C -5.18309 -4.47394 1.38997
C -4.49914 -5.70297 0.8257
O -4.76863 -6.85979 1.11505
O -1.93759 -4.24129 1.82068
O -3.91729 -5.49098 -0.45704
O -7.06114 -6.9211 3.26625
C -3.65884 -6.44554 -1.42688
C -7.55093 -4.95918 1.66637
C -8.24843 -3.70182 1.04683
C -7.43665 -3.54506 -0.17456
C -6.34196 -4.61423 0.13359
O -7.14252 -5.66548 0.55143
H -7.23568 -4.03899 3.06321
H -5.59998 -3.27918 0.97494
H -8.39351 -5.47835 2.19685
H -9.29441 -3.92451 0.73534
H -8.25581 -2.80806 1.7085
H -8.02371 -3.91082 -1.05097
H -7.09796 -2.50797 -0.39318
H -5.94396 -4.74987 -0.89758
O -5.8678 -4.92541 5.07232
C -1.32788 -3.0101 1.97619
C -2.23835 -7.1675 3.37067
C -1.68274 -6.96879 4.8282
C -2.88714 -7.34753 5.6711
C -3.88538 -7.71421 4.55029
O -3.02855 -8.31733 3.60121
H -2.55544 -5.47155 3.41991
H -4.10085 -5.84694 4.49114
H -1.25543 -2.76329 3.05627
H -1.36754 -7.33919 2.69806
H -0.8984 -7.74185 4.99475
H -1.23436 -5.97679 5.05445
H -2.64059 -8.26025 6.25832
H -3.26045 -6.55944 6.36049
H -4.69573 -8.37778 4.92188
H -1.88551 -2.20646 1.45421
H -0.30404 -3.05833 1.55275
H -2.57043 -6.46362 -1.64043
H -4.20114 -6.1738 -2.35544
H -3.98428 -7.46087 -1.11724
H -2.8059 -6.84215 1.00559
H -2.8059 -6.84215 1.00559
H -3.70823 -3.38291 0.74009
H -3.70823 -3.38291 0.74009
$end

$opt
CONSTRAINT
tors           1           2           3           4      +9.474
tors           3           4           5           6      +9.474
tors           4           5           6           7      +9.474
tors           5           6           7           8      +9.474
tors           6           7           8           9      +9.474
tors           7           8           9          10      +9.474
tors           8           9          10          11      +9.474
tors           9          10          11          12      +9.474
tors          11          12          13          14      +9.474
ENDCONSTRAINT
$end

$rem
JOBTYPE                   OPT
METHOD                    B3LYP
DFT_D                     d3_op
BASIS                     STO-3G
GEOM_OPT_MAX_CYCLES       100
GEOM_OPT_TOL_GRADIENT     300
GEOM_OPT_TOL_DISPLACEMENT 1200
GEOM_OPT_TOL_ENERGY       100
SYMMETRY                  False
THRESH                    12
SCF_CONVERGENCE           8
MAX_SUB_FILE_NUM          128
MEM_STATIC                400
MEM_TOTAL                 4000
$end
