$molecule
0  1
O -3.94934 -3.66094 2.70899
C -3.26408 -4.56952 2.26188
C -3.36658 -6.02376 2.66595
C -4.77372 -6.64113 2.71769
C -5.90468 -5.78727 2.1886
O -6.00894 -5.94176 0.83558
C -5.98435 -7.31192 0.42169
C -4.83878 -8.04804 1.10867
O -5.24971 -9.38062 1.45254
C -6.20109 -9.92227 0.65214
C -7.43031 -10.35993 1.4125
C -8.68965 -10.54798 0.55403
C -8.46387 -10.62377 -0.94263
O -9.31817 -10.44359 -1.79835
O -2.33689 -4.29107 1.31059
O -7.50243 -11.52194 -1.31924
O -6.08273 -9.79815 -0.55772
C -7.25929 -11.93824 -2.61365
C -7.31093 -11.7417 2.07582
C -8.29216 -11.83085 3.24393
C -9.61411 -11.88757 2.50076
C -9.11435 -11.94469 1.05177
O -7.88516 -12.62751 1.14673
H -7.6148 -9.58591 2.19306
H -9.45832 -9.76451 0.73529
H -6.27796 -11.97954 2.41139
H -8.1196 -12.8142 3.73765
H -8.20871 -11.02248 4.00186
H -10.13072 -12.83344 2.77729
H -10.28984 -11.02044 2.66481
H -9.87925 -12.40845 0.39028
O -6.38705 -4.78947 2.72637
C -2.10814 -3.03254 0.79539
C -2.43711 -7.13469 3.29219
C -2.37959 -7.12946 4.83623
C -3.83658 -7.50237 5.14584
C -4.37043 -7.8584 3.71548
O -3.17442 -8.32371 3.12854
H -3.33583 -5.49438 3.63502
H -5.2274 -6.30711 3.66753
H -1.79094 -2.33946 1.60366
H -1.4347 -7.15576 2.81512
H -1.71232 -7.9694 5.13673
H -2.01946 -6.19343 5.31563
H -3.82044 -8.40006 5.80234
H -4.4323 -6.70471 5.63971
H -5.18363 -8.6143 3.78759
H -3.02887 -2.64575 0.30827
H -1.30075 -3.0911 0.03696
H -6.41473 -12.65736 -2.61085
H -6.98698 -11.068 -3.24832
H -8.15597 -12.4439 -3.03121
H -4.33081 -8.25954 0.13936
H -3.74598 -7.84795 0.99115
H -6.00017 -7.35185 -0.69427
H -6.97601 -7.67802 0.76802
$end

$opt
CONSTRAINT
tors           1           2           3           4     +47.368
tors           3           4           5           6     +85.263
tors           4           5           6           7     +47.368
tors           5           6           7           8     -47.368
tors           6           7           8           9    +142.105
tors           7           8           9          10     +28.421
tors           8           9          10          11    -123.158
tors           9          10          11          12    +161.053
tors          11          12          13          14    -161.053
ENDCONSTRAINT
$end

$rem
JOBTYPE                   OPT
METHOD                    B3LYP
DFT_D                     d3_op
BASIS                     STO-3G
GEOM_OPT_MAX_CYCLES       100
GEOM_OPT_TOL_GRADIENT     300
GEOM_OPT_TOL_DISPLACEMENT 1200
GEOM_OPT_TOL_ENERGY       100
SYMMETRY                  False
THRESH                    12
SCF_CONVERGENCE           8
MAX_SUB_FILE_NUM          128
MEM_STATIC                400
MEM_TOTAL                 4000
$end
