$molecule
0  1
O -3.94934 -3.66094 2.70899
C -3.26408 -4.56952 2.26188
C -3.36658 -6.02376 2.66595
C -4.66266 -6.76517 2.29943
C -5.63801 -6.02118 1.41441
O -5.89338 -6.75149 0.28886
C -5.76163 -8.16251 0.49118
C -4.30746 -8.51818 0.78273
O -3.70758 -9.11536 -0.37762
C -2.8447 -10.13189 -0.13013
C -1.91953 -10.41388 -1.28996
C -1.61289 -9.20258 -2.18271
C -1.96777 -7.84795 -1.60328
O -1.99491 -7.57132 -0.41277
O -2.2969 -4.28422 1.35373
O -2.43779 -6.93071 -2.48873
O -2.93478 -10.89334 0.82546
C -2.87283 -5.66919 -2.13779
C -0.49138 -10.7762 -0.82114
C 0.22399 -11.56408 -1.91764
C 0.44706 -10.47436 -2.94416
C -0.07344 -9.26012 -2.16666
O 0.20998 -9.56102 -0.82383
H -2.33298 -11.29199 -1.83447
H -2.01167 -9.27768 -3.21865
H -0.46699 -11.34896 0.13155
H 1.21214 -11.86999 -1.50446
H -0.31028 -12.46472 -2.28941
H 1.54047 -10.38667 -3.13077
H -0.09622 -10.60626 -3.90493
H 0.38585 -8.32507 -2.55941
O -5.99422 -4.85326 1.51926
C -2.05053 -3.02388 0.85202
C -2.54855 -7.03304 3.5541
C -2.93157 -6.99092 5.04863
C -4.39456 -7.46723 4.94101
C -4.46078 -7.91503 3.44038
O -3.11235 -8.28606 3.2497
H -3.77958 -5.54854 3.56605
H -5.48712 -6.4885 2.99949
H -1.77215 -2.33126 1.67483
H -1.45642 -6.97594 3.36313
H -2.32188 -7.77039 5.56023
H -2.79113 -6.01744 5.56638
H -4.51567 -8.33014 5.63219
H -5.16167 -6.69857 5.17677
H -5.20002 -8.74139 3.35726
H -2.9503 -2.64042 0.32488
H -1.2102 -3.07808 0.12992
H -3.20213 -5.1304 -3.04962
H -2.04635 -5.09828 -1.6631
H -3.73 -5.74077 -1.43424
H -3.41452 -8.01228 1.11006
H -4.48741 -9.37742 1.46024
H -6.13009 -8.72737 -0.39193
H -6.44208 -8.45203 1.32905
$end

$opt
CONSTRAINT
tors           1           2           3           4     +66.316
tors           3           4           5           6    +123.158
tors           4           5           6           7     +28.421
tors           5           6           7           8     -66.316
tors           6           7           8           9    -104.211
tors           7           8           9          10    -142.105
tors           8           9          10          11    -161.053
tors           9          10          11          12     +28.421
tors          11          12          13          14     +28.421
ENDCONSTRAINT
$end

$rem
JOBTYPE                   OPT
METHOD                    B3LYP
DFT_D                     d3_op
BASIS                     STO-3G
GEOM_OPT_MAX_CYCLES       100
GEOM_OPT_TOL_GRADIENT     300
GEOM_OPT_TOL_DISPLACEMENT 1200
GEOM_OPT_TOL_ENERGY       100
SYMMETRY                  False
THRESH                    12
SCF_CONVERGENCE           8
MAX_SUB_FILE_NUM          128
MEM_STATIC                400
MEM_TOTAL                 4000
$end
