$molecule
0  1
O -3.94934 -3.66094 2.70899
C -3.26408 -4.56952 2.26188
C -3.36658 -6.02376 2.66595
C -4.41631 -6.88207 1.94122
C -5.12384 -6.23632 0.77054
O -4.3098 -5.30375 0.19341
C -5.01344 -4.13766 -0.24746
C -6.25366 -3.91579 0.61205
O -7.19328 -4.9811 0.39967
C -7.73884 -5.03881 -0.84056
C -7.15392 -6.14207 -1.68988
C -5.62009 -6.21714 -1.68703
C -4.92249 -5.43949 -0.58917
O -3.87441 -4.82257 -0.71368
O -2.15388 -4.22145 1.54913
O -5.93424 -5.37883 -0.2302
O -8.40191 -4.11051 -1.291
C -7.24096 -7.03011 0.52857
C -7.56745 -7.58855 -2.15857
C -7.43926 -7.75709 -3.67222
C -5.92146 -7.68895 -3.82968
C -5.46456 -7.65449 -2.35454
O -6.49031 -8.41091 -1.75149
H -7.39956 -5.61838 -2.64381
H -5.25965 -5.58117 -2.53918
H -8.57433 -7.89662 -1.80325
H -7.77915 -8.79509 -3.89827
H -8.02203 -7.0485 -4.29735
H -5.59169 -8.63519 -4.3148
H -5.54409 -6.82241 -4.41029
H -4.42789 -8.04458 -2.25988
O -5.16037 -7.44135 0.07525
C -1.7343 -2.92873 1.30695
C -2.04064 -6.78626 2.47844
C -1.96627 -7.95678 3.45217
C -2.96612 -8.88523 2.82537
C -3.37192 -8.0694 1.59878
O -2.19356 -7.40158 1.23688
H -3.56607 -5.98226 3.76069
H -5.19388 -7.28128 2.62907
H -1.52529 -2.4108 2.26703
H -1.13429 -6.15532 2.61119
H -0.95163 -8.41004 3.3689
H -2.16794 -7.69117 4.51141
H -2.41542 -9.79464 2.48664
H -3.83175 -9.17943 3.45342
H -3.69053 -8.84034 0.86285
H -2.49845 -2.36229 0.73905
H -0.8013 -2.95769 0.70796
H -7.08464 -8.13576 0.4346
H -8.34167 -6.98899 0.30376
H -7.33224 -6.93769 1.64312
H -6.03576 -3.89876 1.70275
H -6.73648 -2.92947 0.40086
H -5.27578 -3.43472 -1.2711
H -4.53871 -3.16973 0.26224
$end

$opt
CONSTRAINT
tors           1           2           3           4     +85.263
tors           3           4           5           6     +28.421
tors           4           5           6           7    -142.105
tors           5           6           7           8     +28.421
tors           6           7           8           9     -66.316
tors           7           8           9          10     -66.316
tors           8           9          10          11    +104.211
tors           9          10          11          12     -47.368
tors          11          12          13          14    -142.105
ENDCONSTRAINT
$end

$rem
JOBTYPE                   OPT
METHOD                    B3LYP
DFT_D                     d3_op
BASIS                     STO-3G
GEOM_OPT_MAX_CYCLES       100
GEOM_OPT_TOL_GRADIENT     300
GEOM_OPT_TOL_DISPLACEMENT 1200
GEOM_OPT_TOL_ENERGY       100
SYMMETRY                  False
THRESH                    12
SCF_CONVERGENCE           8
MAX_SUB_FILE_NUM          128
MEM_STATIC                400
MEM_TOTAL                 4000
$end
