$molecule
0  1
O -3.94934 -3.66094 2.70899
C -3.26408 -4.56952 2.26188
C -3.36658 -6.02376 2.66595
C -4.06137 -6.97914 1.68189
C -4.41791 -6.40938 0.32677
O -3.34788 -5.73557 -0.18939
C -2.67266 -6.45885 -1.2239
C -2.21363 -5.50286 -2.32003
O -1.9469 -6.23415 -3.52708
C -1.16834 -5.59577 -4.43563
C -1.95387 -5.05319 -5.60576
C -1.80521 -3.5429 -5.84069
C -0.64925 -2.87347 -5.12493
O -0.36514 -3.02098 -3.94506
O -2.22141 -4.23436 1.45264
O 0.20469 -2.1314 -5.88305
O 0.05174 -5.58861 -4.35605
C 1.33058 -1.49615 -5.40161
C -1.51488 -5.59955 -6.97929
C -2.69156 -5.52957 -7.94949
C -2.81947 -4.02908 -8.12777
C -1.57306 -3.55321 -7.36679
O -0.65762 -4.61365 -7.50494
H -3.02508 -5.32213 -5.44804
H -2.72085 -3.00211 -5.51585
H -1.10673 -6.63285 -6.93505
H -2.33629 -5.97446 -8.90699
H -3.62181 -6.04845 -7.63289
H -2.75091 -3.79973 -9.21419
H -3.73909 -3.57698 -7.69675
H -1.2482 -2.56709 -7.76326
O -5.5191 -6.4485 -0.2001
C -1.94811 -2.95549 1.01453
C -2.01012 -6.72129 2.85806
C -2.17002 -7.93951 3.76932
C -2.8839 -8.89812 2.83692
C -2.95525 -8.05053 1.56323
O -1.7595 -7.30566 1.60679
H -3.91864 -6.01573 3.63316
H -4.99082 -7.43014 2.0963
H -1.75219 -2.287 1.87983
H -1.22499 -6.03991 3.25273
H -1.15543 -8.34484 3.98368
H -2.69362 -7.72857 4.72658
H -2.21976 -9.77344 2.6592
H -3.88088 -9.247 3.18253
H -3.09592 -8.70397 0.67432
H -2.8028 -2.56505 0.42175
H -1.04706 -2.97839 0.36788
H 1.83419 -0.96677 -6.23622
H 2.0356 -2.23985 -4.97245
H 1.04807 -0.75356 -4.62505
H -3.03517 -4.7887 -2.5485
H -1.33242 -4.92718 -1.95581
H -3.36476 -7.19593 -1.69892
H -1.79051 -7.01149 -0.8432
$end

$opt
CONSTRAINT
tors           1           2           3           4    +104.211
tors           3           4           5           6     +47.368
tors           4           5           6           7    +104.211
tors           5           6           7           8    +142.105
tors           6           7           8           9    -161.053
tors           7           8           9          10    -161.053
tors           8           9          10          11    -104.211
tors           9          10          11          12    +123.158
tors          11          12          13          14     -47.368
ENDCONSTRAINT
$end

$rem
JOBTYPE                   OPT
METHOD                    B3LYP
DFT_D                     d3_op
BASIS                     STO-3G
GEOM_OPT_MAX_CYCLES       100
GEOM_OPT_TOL_GRADIENT     300
GEOM_OPT_TOL_DISPLACEMENT 1200
GEOM_OPT_TOL_ENERGY       100
SYMMETRY                  False
THRESH                    12
SCF_CONVERGENCE           8
MAX_SUB_FILE_NUM          128
MEM_STATIC                400
MEM_TOTAL                 4000
$end
