$molecule
0  1
O -3.94934 -3.66094 2.70899
C -3.26408 -4.56952 2.26188
C -3.36658 -6.02376 2.66595
C -3.63629 -7.04588 1.54953
C -3.59671 -6.52161 0.1312
O -4.24626 -7.3874 -0.70181
C -3.42643 -7.85536 -1.77799
C -4.29786 -8.41406 -2.89808
O -4.61829 -9.78818 -2.62977
C -5.05025 -10.05124 -1.37146
C -4.89086 -8.87573 -0.43688
C -6.04684 -7.86519 -0.46479
C -7.32357 -8.33986 -1.12915
O -7.88146 -7.78924 -2.06731
O -2.20351 -4.2082 1.48953
O -7.72773 -9.65912 -1.08743
O -5.34786 -11.19997 -1.06773
C -8.79844 -10.22114 -1.75847
C -5.40161 -9.62954 1.01491
C -5.41091 -9.07706 2.47808
C -6.49369 -8.02252 2.38854
C -6.87207 -8.26903 0.94108
O -6.76615 -9.66636 0.95479
H -3.91544 -9.19845 0.11663
H -6.1657 -6.72576 -0.44596
H -4.96591 -10.65497 1.14824
H -5.8105 -9.9063 3.11395
H -4.57462 -8.75262 3.08399
H -7.31583 -8.32687 3.07972
H -6.28933 -6.95651 2.62747
H -7.93308 -7.87713 0.9935
O -2.70358 -5.79662 -0.28637
C -1.91871 -2.91659 1.09605
C -1.98829 -6.48229 3.18862
C -2.10592 -7.78571 3.99686
C -2.1227 -8.79242 2.87058
C -2.28372 -7.86483 1.6746
O -1.34197 -6.87146 2.00836
H -4.12152 -6.09714 3.48065
H -4.62577 -7.17441 1.51274
H -1.74399 -2.27428 1.98545
H -1.4853 -5.69815 3.79712
H -1.21362 -7.98577 4.63036
H -3.01625 -7.76732 4.63363
H -1.08703 -9.19486 2.76758
H -2.74385 -9.69987 2.99567
H -2.00046 -8.43028 0.76333
H -2.75803 -2.50722 0.49421
H -1.00111 -2.92091 0.47286
H -8.86028 -11.29878 -1.50335
H -8.66008 -10.12383 -2.85622
H -9.74291 -9.72467 -1.44976
H -5.20347 -7.79279 -3.07055
H -3.71835 -8.41461 -3.84647
H -2.56505 -8.50508 -1.49411
H -2.97808 -6.96632 -2.27866
$end

$opt
CONSTRAINT
tors           1           2           3           4    +123.158
tors           3           4           5           6    -161.053
tors           4           5           6           7    -123.158
tors           5           6           7           8    -161.053
tors           6           7           8           9     -85.263
tors           7           8           9          10     +47.368
tors           8           9          10          11      -9.474
tors           9          10          11          12     +85.263
tors          11          12          13          14    -123.158
ENDCONSTRAINT
$end

$rem
JOBTYPE                   OPT
METHOD                    B3LYP
DFT_D                     d3_op
BASIS                     STO-3G
GEOM_OPT_MAX_CYCLES       100
GEOM_OPT_TOL_GRADIENT     300
GEOM_OPT_TOL_DISPLACEMENT 1200
GEOM_OPT_TOL_ENERGY       100
SYMMETRY                  False
THRESH                    12
SCF_CONVERGENCE           8
MAX_SUB_FILE_NUM          128
MEM_STATIC                400
MEM_TOTAL                 4000
$end
