$molecule
0  1
O -3.94934 -3.66094 2.70899
C -3.26408 -4.56952 2.26188
C -3.36658 -6.02376 2.66595
C -3.18715 -7.07505 1.5585
C -2.74922 -6.56083 0.20502
O -3.38404 -7.25734 -0.78357
C -2.53931 -8.21663 -1.42812
C -3.15575 -9.60836 -1.33206
O -4.28115 -9.58465 -0.43999
C -4.2167 -10.44891 0.60311
C -3.8129 -11.84352 0.1876
C -4.20183 -12.2297 -1.24693
C -4.60092 -11.08361 -2.15462
O -3.98588 -10.03508 -2.28455
O -2.14473 -4.19077 1.59248
O -5.79161 -11.21864 -2.79725
O -4.92314 -10.26941 1.5825
C -6.3368 -10.2637 -3.62968
C -2.35835 -12.38233 0.25347
C -2.38988 -13.89961 0.46735
C -2.8879 -14.36744 -0.8968
C -2.9382 -13.02938 -1.65277
O -1.87226 -12.33234 -1.06764
H -4.39174 -12.4839 0.89397
H -5.07454 -12.92198 -1.25988
H -1.7446 -11.87861 1.03076
H -1.33516 -14.23477 0.59264
H -2.98421 -14.25251 1.33747
H -2.11472 -15.03383 -1.33974
H -3.87075 -14.88619 -0.89187
H -2.88278 -13.18602 -2.7515
O -1.68277 -5.99545 5e-05
C -1.83171 -2.89287 1.2425
C -2.18208 -6.3906 3.58748
C -2.53085 -7.61082 4.43409
C -2.4717 -8.69772 3.38624
C -2.02265 -7.88869 2.16384
O -1.20028 -6.89174 2.71548
H -4.31503 -6.14512 3.23637
H -4.10209 -7.69464 1.44024
H -1.73609 -2.26209 2.15171
H -1.86663 -5.55135 4.24661
H -1.69788 -7.7688 5.15617
H -3.49087 -7.53437 4.98866
H -1.67722 -9.42158 3.67497
H -3.42551 -9.23326 3.22575
H -1.54053 -8.55853 1.41919
H -2.61768 -2.4775 0.57652
H -0.86412 -2.88624 0.70049
H -7.3082 -10.63162 -4.0187
H -5.65706 -10.07108 -4.48711
H -6.50949 -9.32055 -3.06833
H -2.19685 -10.25663 -1.37819
H -2.38268 -9.82569 -0.54093
H -1.45571 -8.14345 -1.1237
H -2.50634 -7.95325 -2.50692
$end

$opt
CONSTRAINT
tors           1           2           3           4    +142.105
tors           3           4           5           6    -142.105
tors           4           5           6           7    -104.211
tors           5           6           7           8    +123.158
tors           6           7           8           9      -9.474
tors           7           8           9          10    -123.158
tors           8           9          10          11     -47.368
tors           9          10          11          12     -28.421
tors          11          12          13          14     +47.368
ENDCONSTRAINT
$end

$rem
JOBTYPE                   OPT
METHOD                    B3LYP
DFT_D                     d3_op
BASIS                     STO-3G
GEOM_OPT_MAX_CYCLES       100
GEOM_OPT_TOL_GRADIENT     300
GEOM_OPT_TOL_DISPLACEMENT 1200
GEOM_OPT_TOL_ENERGY       100
SYMMETRY                  False
THRESH                    12
SCF_CONVERGENCE           8
MAX_SUB_FILE_NUM          128
MEM_STATIC                400
MEM_TOTAL                 4000
$end
