$molecule
0  1
O -3.94934 -3.66094 2.70899
C -3.26408 -4.56952 2.26188
C -3.36658 -6.02376 2.66595
C -2.40867 -7.01244 1.98128
C -1.33566 -6.41165 1.10049
O -1.42809 -6.92744 -0.1608
C -0.44139 -6.40478 -1.05662
C 0.93532 -6.44087 -0.40126
O 0.8014 -6.33517 1.02484
C 1.11536 -5.12573 1.55194
C 2.14106 -4.37632 0.73525
C 2.86485 -3.24726 1.48333
C 2.72961 -3.26188 2.9927
O 3.59572 -3.61811 3.77852
O -3.32591 -4.46865 0.89236
O 1.61324 -2.66294 3.49251
O 0.77752 -4.88274 2.6985
C 1.34389 -2.5145 4.83731
C 3.44647 -5.21436 0.3921
C 4.08635 -4.6488 -0.87551
C 4.61282 -3.33319 -0.35279
C 4.3353 -3.51823 1.14303
O 4.40953 -4.89343 1.3583
H 1.66744 -3.95637 -0.18137
H 2.5654 -2.23173 1.14043
H 3.31614 -6.30951 0.28311
H 4.95458 -5.30762 -1.10788
H 3.44307 -4.57469 -1.77776
H 5.70216 -3.27698 -0.57127
H 4.09495 -2.428 -0.73816
H 5.02889 -2.89383 1.74928
O -1.20057 -5.20518 1.15441
C -3.34774 -3.30233 0.14233
C -2.96725 -6.22664 4.13794
C -3.56474 -7.53021 4.66798
C -2.6904 -8.54844 3.96531
C -1.72788 -7.62214 3.21661
O -1.59166 -6.51796 4.07936
H -4.42852 -6.3187 2.50498
H -2.97365 -7.777 1.39908
H -3.25127 -2.39152 0.77199
H -3.26115 -5.3757 4.79101
H -3.35552 -7.57998 5.76049
H -4.65702 -7.6404 4.49544
H -2.13136 -9.12342 4.737
H -3.22456 -9.24791 3.28652
H -0.78955 -8.16299 2.96096
H -4.29525 -3.25215 -0.43189
H -2.49756 -3.31615 -0.57065
H 0.36977 -1.99781 4.95799
H 2.13573 -1.90443 5.32198
H 1.28349 -3.51004 5.32696
H 1.30917 -7.47605 -0.55157
H 1.59259 -5.84531 -1.04863
H -0.69364 -5.33745 -1.25042
H -0.45865 -6.92323 -2.03869
$end

$opt
CONSTRAINT
tors           1           2           3           4    -180.000
tors           3           4           5           6    -123.158
tors           4           5           6           7    -180.000
tors           5           6           7           8     +47.368
tors           6           7           8           9     -28.421
tors           7           8           9          10    -104.211
tors           8           9          10          11     -28.421
tors           9          10          11          12    -161.053
tors          11          12          13          14    +104.211
ENDCONSTRAINT
$end

$rem
JOBTYPE                   OPT
METHOD                    B3LYP
DFT_D                     d3_op
BASIS                     STO-3G
GEOM_OPT_MAX_CYCLES       100
GEOM_OPT_TOL_GRADIENT     300
GEOM_OPT_TOL_DISPLACEMENT 1200
GEOM_OPT_TOL_ENERGY       100
SYMMETRY                  False
THRESH                    12
SCF_CONVERGENCE           8
MAX_SUB_FILE_NUM          128
MEM_STATIC                400
MEM_TOTAL                 4000
$end
