$molecule
0  1
O -3.94934 -3.66094 2.70899
C -3.26408 -4.56952 2.26188
C -3.36658 -6.02376 2.66595
C -2.79903 -7.06622 1.6887
C -2.03353 -6.52942 0.49961
O -2.89684 -6.255 -0.52254
C -3.74525 -5.13293 -0.25718
C -4.601 -4.82013 -1.48028
O -5.58931 -3.83282 -1.14658
C -6.18226 -3.22141 -2.20191
C -7.45864 -3.90233 -2.63534
C -8.64599 -2.95877 -2.87653
C -8.30597 -1.48713 -3.00044
O -8.61802 -0.61769 -2.19965
O -2.00502 -4.20916 1.86622
O -7.56273 -1.11522 -4.07949
O -5.58325 -2.39869 -2.87784
C -7.15545 0.17627 -4.34184
C -7.38119 -4.59571 -4.01319
C -8.427 -5.70843 -4.08071
C -9.70669 -4.89287 -4.12926
C -9.12598 -3.47719 -4.24251
O -7.90809 -3.66265 -4.92563
H -7.70504 -4.68105 -1.87586
H -9.39568 -3.04868 -2.0593
H -6.37072 -4.99588 -4.24775
H -8.28979 -6.21326 -5.06408
H -8.38177 -6.47103 -3.27368
H -10.26765 -5.17532 -5.0474
H -10.36167 -4.98413 -3.23564
H -9.8541 -2.78377 -4.71831
O -0.84473 -6.72739 0.29647
C -1.53647 -2.92374 1.65534
C -2.51961 -6.31333 3.91986
C -3.04801 -7.55746 4.63102
C -2.59965 -8.63822 3.67197
C -1.83055 -7.79801 2.64614
O -1.28563 -6.75056 3.40904
H -4.43946 -6.21046 2.89773
H -3.5686 -7.77658 1.30965
H -0.69272 -2.72644 2.34773
H -2.48024 -5.45524 4.62675
H -2.47633 -7.66674 5.58044
H -4.13615 -7.54211 4.85605
H -1.90148 -9.31691 4.21102
H -3.41638 -9.22933 3.20415
H -1.101 -8.44344 2.10927
H -2.31747 -2.14988 1.81185
H -1.16711 -2.83925 0.61257
H -6.56687 0.1876 -5.28195
H -6.5154 0.55095 -3.51464
H -8.03891 0.83862 -4.4641
H -3.92742 -4.46412 -2.29394
H -5.12177 -5.7393 -1.83006
H -3.17575 -4.19491 -0.12441
H -4.5299 -5.41975 0.47246
$end

$opt
CONSTRAINT
tors           1           2           3           4    +159.326
tors           3           4           5           6     -86.912
tors           4           5           6           7     +69.620
tors           5           6           7           8    +175.561
tors           6           7           8           9    +171.238
tors           7           8           9          10    +163.856
tors           8           9          10          11     +92.581
tors           9          10          11          12    +133.328
tors          11          12          13          14    -112.335
ENDCONSTRAINT
$end

$rem
JOBTYPE                   OPT
METHOD                    B3LYP
DFT_D                     d3_op
BASIS                     STO-3G
GEOM_OPT_MAX_CYCLES       100
GEOM_OPT_TOL_GRADIENT     300
GEOM_OPT_TOL_DISPLACEMENT 1200
GEOM_OPT_TOL_ENERGY       100
SYMMETRY                  False
THRESH                    12
SCF_CONVERGENCE           8
MAX_SUB_FILE_NUM          128
MEM_STATIC                400
MEM_TOTAL                 4000
$end
