$molecule
0  1
O -3.94934 -3.66094 2.70899
C -3.26408 -4.56952 2.26188
C -3.36658 -6.02376 2.66595
C -3.12231 -6.36065 4.14605
C -2.97824 -5.1874 5.08988
O -3.29611 -4.02828 4.44117
C -4.70658 -3.83651 4.28934
C -5.43133 -5.17575 4.37476
O -5.39353 -5.66753 5.72369
C -6.31079 -6.62058 6.02281
C -6.17845 -7.14231 7.43381
C -7.49264 -7.6074 8.07792
C -8.65488 -7.81958 7.12877
O -9.66789 -8.45626 7.3798
O -2.29997 -4.24233 1.35347
O -8.89707 -6.76197 6.30033
O -6.81393 -7.3073 5.14077
C -9.95952 -6.61339 5.42458
C -5.32634 -8.4117 7.67981
C -4.86411 -8.46285 9.14027
C -6.15464 -8.81449 9.83893
C -7.07557 -8.97979 8.63087
O -6.23824 -9.47733 7.6173
H -5.71418 -6.32176 8.02808
H -7.85515 -6.91298 8.86801
H -4.4208 -8.50398 7.07938
H -4.16824 -9.32741 9.24051
H -4.35569 -7.54633 9.50987
H -6.02153 -9.78924 10.35935
H -6.53456 -8.05065 10.55163
H -7.94418 -9.61951 8.90212
O -2.46832 -5.2251 6.19941
C -2.06346 -2.96398 0.89247
C -4.28245 -7.20043 2.20091
C -3.44218 -8.45577 1.92885
C -3.00608 -8.80563 3.35405
C -3.80418 -7.76313 4.17458
O -4.94207 -7.64119 3.36761
H -2.42457 -6.32773 2.15301
H -2.04448 -6.63548 4.22683
H -1.78425 -2.29838 1.73708
H -4.93265 -6.9329 1.34119
H -4.14221 -9.24224 1.56505
H -2.61732 -8.34756 1.19191
H -3.36421 -9.83556 3.57632
H -1.91231 -8.75408 3.54212
H -3.94247 -8.12955 5.18081
H -2.96842 -2.56727 0.3845
H -1.22677 -2.9886 0.16462
H -9.56309 -6.47056 4.39814
H -10.54382 -5.71428 5.70887
H -10.63542 -7.49489 5.41331
H -6.46511 -4.75382 4.34682
H -5.75612 -5.69374 3.4803
H -5.27237 -2.86069 4.03347
H -4.93714 -3.44201 5.30933
$end

$opt
CONSTRAINT
tors           1           2           3           4     -59.826
tors           3           4           5           6      +8.940
tors           4           5           6           7     +77.324
tors           5           6           7           8     -22.598
tors           6           7           8           9     +70.896
tors           7           8           9          10    +161.371
tors           8           9          10          11    +177.310
tors           9          10          11          12    +149.547
tors          11          12          13          14    +162.726
ENDCONSTRAINT
$end

$rem
JOBTYPE                   OPT
METHOD                    B3LYP
DFT_D                     d3_op
BASIS                     STO-3G
GEOM_OPT_MAX_CYCLES       100
GEOM_OPT_TOL_GRADIENT     300
GEOM_OPT_TOL_DISPLACEMENT 1200
GEOM_OPT_TOL_ENERGY       100
SYMMETRY                  False
THRESH                    12
SCF_CONVERGENCE           8
MAX_SUB_FILE_NUM          128
MEM_STATIC                400
MEM_TOTAL                 4000
$end
