$molecule
0  1
O -3.94934 -3.66094 2.70899
C -3.26408 -4.56952 2.26188
C -3.36658 -6.02376 2.66595
C -2.20623 -6.608 3.4882
C -1.15785 -5.62793 3.96617
O -0.15384 -6.29763 4.60562
C -0.54103 -7.60214 5.05013
C -1.78886 -7.51136 5.92238
O -2.96491 -7.65689 5.11083
C -3.85421 -8.58888 5.53472
C -5.09655 -8.64914 4.67821
C -5.33069 -9.992 3.97096
C -4.51785 -11.1618 4.48821
O -4.39176 -12.24058 3.92705
O -2.38761 -4.09129 1.27277
O -4.11636 -11.17377 5.78642
O -3.8691 -8.94376 6.71233
C -3.45371 -12.21 6.41501
C -6.31874 -8.65944 5.69715
C -7.67183 -8.26734 5.07467
C -7.8728 -9.44296 4.1442
C -6.72106 -10.35274 4.61122
O -6.54773 -10.01233 5.96008
H -5.69945 -8.08546 3.94717
H -5.60817 -10.07342 2.90148
H -6.15873 -8.02268 6.59634
H -8.42442 -8.31635 5.89522
H -7.72834 -7.26791 4.59146
H -8.87133 -9.88428 4.35784
H -7.77868 -9.21486 3.06051
H -7.01057 -11.41422 4.42762
O -1.07436 -4.43573 3.72129
C -2.2708 -2.77853 0.86002
C -3.83503 -6.72143 1.37297
C -3.06161 -8.02466 1.04096
C -3.2556 -8.64921 2.39799
C -3.80637 -7.29386 3.09756
O -4.80397 -7.0657 2.10144
H -2.49281 -5.95172 1.95246
H -1.46194 -7.21874 2.87612
H -1.96546 -2.13627 1.71326
H -4.15595 -6.09521 0.50187
H -3.528 -8.61104 0.21535
H -2.00712 -7.78671 0.78173
H -2.38832 -9.18586 2.84002
H -3.95266 -9.42179 2.12962
H -4.4941 -6.72838 4.12738
H -3.23721 -2.42125 0.44519
H -1.49627 -2.71387 0.06867
H -3.25283 -11.92608 7.46827
H -2.48565 -12.40711 5.90689
H -4.07931 -13.12793 6.4061
H -1.68373 -8.33902 6.66058
H -1.80612 -6.56434 6.50473
H 0.29094 -7.89927 5.72479
H -0.53939 -8.4207 4.29714
$end

$opt
CONSTRAINT
tors           1           2           3           4    -109.767
tors           3           4           5           6    -176.216
tors           4           5           6           7     -19.832
tors           5           6           7           8     -54.723
tors           6           7           8           9     +91.359
tors           7           8           9          10    +128.453
tors           8           9          10          11    +177.310
tors           9          10          11          12    +118.051
tors          11          12          13          14    -167.019
ENDCONSTRAINT
$end

$rem
JOBTYPE                   OPT
METHOD                    B3LYP
DFT_D                     d3_op
BASIS                     STO-3G
GEOM_OPT_MAX_CYCLES       100
GEOM_OPT_TOL_GRADIENT     300
GEOM_OPT_TOL_DISPLACEMENT 1200
GEOM_OPT_TOL_ENERGY       100
SYMMETRY                  False
THRESH                    12
SCF_CONVERGENCE           8
MAX_SUB_FILE_NUM          128
MEM_STATIC                400
MEM_TOTAL                 4000
$end
