$molecule
0  1
O -3.94934 -3.66094 2.70899
C -3.26408 -4.56952 2.26188
C -3.36658 -6.02376 2.66595
C -2.34848 -6.99752 2.05024
C -1.23128 -6.38077 1.23809
O -0.423 -7.36266 0.74009
C 0.88362 -6.89339 0.39113
C 1.94783 -7.80215 0.99755
O 2.10484 -8.97899 0.18929
C 3.34377 -9.16999 -0.32812
C 3.49792 -10.51051 -1.00628
C 4.19903 -10.46828 -2.37191
C 4.94661 -9.18936 -2.6916
O 6.14481 -9.1069 -2.91983
O -2.8542 -4.33836 0.98125
O 4.17966 -8.07672 -2.84546
O 4.31342 -8.46117 -0.07992
C 4.67106 -6.83041 -3.17249
C 4.43007 -11.47976 -0.24774
C 4.06969 -12.9191 -0.61036
C 4.53517 -12.97028 -2.05207
C 5.22241 -11.60258 -2.1661
O 5.68622 -11.33745 -0.86468
H 2.49057 -10.98449 -1.06929
H 3.49511 -10.65228 -3.21293
H 4.40714 -11.34104 0.8554
H 4.73106 -13.57413 0.00147
H 3.01194 -13.21639 -0.44398
H 5.26474 -13.80376 -2.15479
H 3.72689 -13.07122 -2.80865
H 5.99548 -11.62756 -2.96543
O -0.75629 -5.30863 1.6052
C -2.87139 -3.11553 0.33819
C -3.05282 -6.20143 4.16408
C -3.66886 -7.50265 4.67661
C -2.75156 -8.51975 4.03285
C -1.74821 -7.59036 3.34334
O -1.67563 -6.47745 4.19939
H -4.41786 -6.3315 2.46861
H -2.82963 -7.77919 1.42064
H -2.23828 -2.38721 0.88868
H -3.39552 -5.34697 4.78831
H -3.51369 -7.5349 5.7789
H -4.75025 -7.62748 4.45315
H -2.2451 -9.09557 4.83942
H -3.23936 -9.21714 3.31795
H -0.79143 -8.12941 3.16768
H -3.91154 -2.73211 0.2652
H -2.46578 -3.23907 -0.68672
H 3.82851 -6.11109 -3.22886
H 5.17892 -6.86561 -4.15995
H 5.38468 -6.48513 -2.39412
H 2.87319 -7.18908 1.06574
H 1.6833 -8.0656 2.04377
H 1.14151 -5.86489 0.72213
H 1.00763 -6.87789 -0.71319
$end

$opt
CONSTRAINT
tors           1           2           3           4    -176.113
tors           3           4           5           6    -179.040
tors           4           5           6           7    -158.591
tors           5           6           7           8    +130.521
tors           6           7           8           9     +80.275
tors           7           8           9          10    +119.903
tors           8           9          10          11    +172.125
tors           9          10          11          12    +134.779
tors          11          12          13          14    +119.632
ENDCONSTRAINT
$end

$rem
JOBTYPE                   OPT
METHOD                    B3LYP
DFT_D                     d3_op
BASIS                     STO-3G
GEOM_OPT_MAX_CYCLES       100
GEOM_OPT_TOL_GRADIENT     300
GEOM_OPT_TOL_DISPLACEMENT 1200
GEOM_OPT_TOL_ENERGY       100
SYMMETRY                  False
THRESH                    12
SCF_CONVERGENCE           8
MAX_SUB_FILE_NUM          128
MEM_STATIC                400
MEM_TOTAL                 4000
$end
