$molecule
0  1
O -3.94934 -3.66094 2.70899
C -3.26408 -4.56952 2.26188
C -3.36658 -6.02376 2.66595
C -4.50945 -6.84584 2.04798
C -5.31434 -6.17028 0.95993
O -6.47119 -5.66694 1.48315
C -7.38835 -5.20846 0.48422
C -8.67547 -6.02489 0.538
O -8.69303 -6.83325 1.72507
C -9.92152 -7.0829 2.24241
C -9.87783 -7.98353 3.45387
C -11.2508 -8.37029 4.02278
C -12.43813 -8.11072 3.11749
O -13.27708 -8.93894 2.79378
O -2.27674 -4.24478 1.38316
O -12.83955 -6.80741 3.07468
O -10.91569 -6.6379 1.69652
C -14.00044 -6.35961 2.47659
C -9.27861 -9.3764 3.17309
C -8.72507 -9.95978 4.47088
C -10.01011 -10.2387 5.22381
C -11.04259 -9.89516 4.14165
O -10.39103 -10.20191 2.93309
H -9.25104 -7.46001 4.2112
H -11.46465 -7.88818 5.00231
H -8.4925 -9.37469 2.38682
H -8.24859 -10.93147 4.20726
H -7.98734 -9.32725 5.01
H -10.03861 -11.32161 5.47748
H -10.16797 -9.62646 6.13811
H -11.99139 -10.44154 4.33682
O -4.85247 -5.86223 -0.1332
C -2.03304 -2.96971 0.91721
C -2.16572 -6.87729 2.17867
C -2.02772 -8.13719 3.0355
C -3.20327 -8.94824 2.537
C -3.73081 -8.02148 1.43902
O -2.57572 -7.39664 0.93792
H -3.35272 -6.04148 3.77864
H -5.22133 -7.18894 2.83384
H -1.78255 -2.29387 1.76263
H -1.19935 -6.32738 2.18536
H -1.0898 -8.6511 2.72462
H -2.00137 -7.95935 4.13206
H -2.81685 -9.89034 2.08796
H -3.97813 -9.1818 3.29903
H -4.33724 -8.59573 0.70379
H -2.92445 -2.58357 0.37788
H -1.17486 -2.99718 0.21499
H -14.06442 -5.25779 2.58703
H -14.88652 -6.81924 2.96434
H -13.99348 -6.61143 1.39447
H -9.56415 -5.39395 0.31135
H -8.59102 -6.75966 -0.29209
H -7.02396 -5.11897 -0.56467
H -7.64628 -4.17439 0.79737
$end

$opt
CONSTRAINT
tors           1           2           3           4     +79.134
tors           3           4           5           6     -98.685
tors           4           5           6           7    -170.268
tors           5           6           7           8    +117.273
tors           6           7           8           9     +10.915
tors           7           8           9          10    +149.314
tors           8           9          10          11    +177.607
tors           9          10          11          12    -176.220
tors          11          12          13          14    +126.220
ENDCONSTRAINT
$end

$rem
JOBTYPE                   OPT
METHOD                    B3LYP
DFT_D                     d3_op
BASIS                     STO-3G
GEOM_OPT_MAX_CYCLES       100
GEOM_OPT_TOL_GRADIENT     300
GEOM_OPT_TOL_DISPLACEMENT 1200
GEOM_OPT_TOL_ENERGY       100
SYMMETRY                  False
THRESH                    12
SCF_CONVERGENCE           8
MAX_SUB_FILE_NUM          128
MEM_STATIC                400
MEM_TOTAL                 4000
$end
