$molecule
0  1
O -3.94934 -3.66094 2.70899
C -3.26408 -4.56952 2.26188
C -3.36658 -6.02376 2.66595
C -2.05117 -6.80485 2.81908
C -0.77395 -5.99992 2.72477
O 0.29863 -6.84056 2.63358
C 1.53105 -6.22528 3.02322
C 2.49705 -7.27676 3.5593
O 2.20694 -7.54962 4.93925
C 1.63352 -8.75322 5.18761
C 1.36436 -8.98504 6.65542
C 0.78966 -10.36737 6.99772
C 0.90211 -11.41737 5.91073
O 1.13686 -12.60331 6.09238
O -2.54583 -4.32828 1.13197
O 0.00484 -11.20378 4.90095
O 1.46596 -9.5342 4.27096
C -0.29251 -12.06146 3.85503
C 2.63759 -8.96928 7.52252
C 2.26726 -8.62261 8.96264
C 1.54568 -9.88741 9.37851
C 1.76696 -10.75243 8.13101
O 3.00736 -10.32026 7.62785
H 0.68127 -8.16792 6.98107
H -0.26642 -10.34357 7.34727
H 3.42264 -8.27554 7.15043
H 3.22094 -8.55275 9.53369
H 1.69113 -7.68189 9.09716
H 2.07304 -10.31713 10.25899
H 0.46343 -9.76679 9.60196
H 1.70351 -11.82822 8.4055
O -0.69099 -4.83606 3.10476
C -2.41084 -3.08857 0.54263
C -3.96636 -6.20746 4.07368
C -4.52783 -7.62244 4.22689
C -3.24849 -8.42371 4.34286
C -2.21062 -7.30254 4.26918
O -2.84119 -6.22351 4.91648
H -4.02058 -6.50055 1.90195
H -1.97479 -7.65024 2.0979
H -1.93105 -2.37978 1.25102
H -4.75346 -5.46191 4.31929
H -5.06628 -7.67696 5.19995
H -5.21146 -7.93234 3.40738
H -3.21477 -8.88933 5.3534
H -3.09926 -9.20283 3.5643
H -1.2494 -7.64333 4.71459
H -3.40496 -2.69901 0.23571
H -1.77029 -3.18219 -0.3581
H -0.09956 -11.54075 2.89452
H -1.36698 -12.33432 3.90163
H 0.317 -12.98997 3.8732
H 2.55425 -8.1433 2.86382
H 3.51662 -6.8356 3.55255
H 1.44905 -5.41553 3.78445
H 1.97936 -5.79751 2.0999
$end

$opt
CONSTRAINT
tors           1           2           3           4    -140.054
tors           3           4           5           6    -169.018
tors           4           5           6           7    -158.591
tors           5           6           7           8    +152.092
tors           6           7           8           9     -82.744
tors           7           8           9          10    +107.973
tors           8           9          10          11    +179.513
tors           9          10          11          12    -176.634
tors          11          12          13          14    +142.494
ENDCONSTRAINT
$end

$rem
JOBTYPE                   OPT
METHOD                    B3LYP
DFT_D                     d3_op
BASIS                     STO-3G
GEOM_OPT_MAX_CYCLES       100
GEOM_OPT_TOL_GRADIENT     300
GEOM_OPT_TOL_DISPLACEMENT 1200
GEOM_OPT_TOL_ENERGY       100
SYMMETRY                  False
THRESH                    12
SCF_CONVERGENCE           8
MAX_SUB_FILE_NUM          128
MEM_STATIC                400
MEM_TOTAL                 4000
$end
