$molecule
0  1
O -3.94934 -3.66094 2.70899
C -3.26408 -4.56952 2.26188
C -3.36658 -6.02376 2.66595
C -2.09652 -6.8804 2.53568
C -0.82114 -6.1466 2.18491
O -1.08498 -5.1704 1.26684
C 0.07207 -4.76463 0.52803
C -0.21803 -4.80818 -0.96866
O -0.43323 -6.16547 -1.38617
C -1.33535 -6.86475 -0.65382
C -1.52559 -8.27878 -1.1488
C -2.94724 -8.83602 -0.98551
C -4.02839 -7.81408 -0.69661
O -4.84904 -7.40289 -1.50409
O -3.1691 -4.36165 0.91232
O -4.52369 -7.98507 0.55733
O -2.30182 -6.26029 -0.27163
C -5.85803 -7.80362 0.89069
C -1.31286 -8.50086 -2.66622
C -0.9507 -9.96302 -2.92275
C -2.2771 -10.63693 -2.64335
C -3.16247 -9.40958 -2.40053
O -2.60162 -8.41365 -3.22078
H -0.78657 -8.88938 -0.58325
H -2.99512 -9.63513 -0.21032
H -0.54037 -7.84763 -3.12427
H -0.72856 -10.0575 -4.01011
H -0.08811 -10.35145 -2.33961
H -2.59638 -11.17714 -3.56216
H -2.28607 -11.32762 -1.77239
H -4.22804 -9.66252 -2.59601
O 0.2865 -6.62829 2.39909
C -3.45259 -3.20325 0.19045
C -3.5744 -6.11302 4.20193
C -4.21146 -7.44585 4.58491
C -3.05978 -8.38791 4.33005
C -1.95737 -7.37824 3.9891
O -2.28283 -6.23662 4.73537
H -4.28226 -6.40647 2.22248
H -2.19732 -7.74599 1.84828
H -3.82345 -2.36421 0.81528
H -4.1884 -5.28634 4.62225
H -4.39665 -7.40578 5.6828
H -5.16179 -7.69972 4.07463
H -2.83202 -8.92826 5.27573
H -3.21496 -9.11494 3.50335
H -0.96279 -7.82841 4.20137
H -4.2204 -3.43326 -0.5764
H -2.53971 -2.83772 -0.31256
H -6.01001 -8.0439 1.96005
H -6.49636 -8.48978 0.29381
H -6.16524 -6.75172 0.70516
H -1.10233 -4.19533 -1.22063
H 0.64304 -4.39492 -1.53508
H 1.01085 -5.3328 0.7092
H 0.28114 -3.70619 0.79176
$end

$opt
CONSTRAINT
tors           1           2           3           4    -152.513
tors           3           4           5           6     -39.208
tors           4           5           6           7    -158.591
tors           5           6           7           8    +128.766
tors           6           7           8           9     -66.184
tors           7           8           9          10     +50.911
tors           8           9          10          11    +179.513
tors           9          10          11          12    -146.461
tors          11          12          13          14    +103.916
ENDCONSTRAINT
$end

$rem
JOBTYPE                   OPT
METHOD                    B3LYP
DFT_D                     d3_op
BASIS                     STO-3G
GEOM_OPT_MAX_CYCLES       100
GEOM_OPT_TOL_GRADIENT     300
GEOM_OPT_TOL_DISPLACEMENT 1200
GEOM_OPT_TOL_ENERGY       100
SYMMETRY                  False
THRESH                    12
SCF_CONVERGENCE           8
MAX_SUB_FILE_NUM          128
MEM_STATIC                400
MEM_TOTAL                 4000
$end
