$molecule
0  1
O -3.94934 -3.66094 2.70899
C -3.26408 -4.56952 2.26188
C -3.36658 -6.02376 2.66595
C -2.05117 -6.80485 2.81908
C -0.77395 -5.99992 2.72477
O 0.1865 -6.72732 2.08146
C 1.41662 -6.80435 2.80955
C 2.15494 -8.09213 2.45935
O 2.50789 -8.79604 3.66052
C 1.8615 -8.39445 4.78303
C 2.26786 -9.17825 6.00827
C 1.44816 -8.87616 7.27124
C 0.14792 -8.12913 7.05212
O -0.87727 -8.61056 6.59191
O -2.5027 -4.31672 1.16385
O 0.10408 -6.88821 7.60585
O 0.665 -8.26912 4.6401
C -0.96808 -6.02673 7.54417
C 2.01656 -10.70314 5.89954
C 2.95796 -11.44079 6.85074
C 2.36559 -11.05331 8.19186
C 1.11036 -10.30316 7.72919
O 0.76854 -10.91999 6.51181
H 3.36194 -9.01959 6.14234
H 2.05535 -8.2968 8.00246
H 2.12786 -11.10055 4.86738
H 2.78515 -12.52913 6.6878
H 4.04128 -11.22458 6.73072
H 2.10179 -11.98404 8.74117
H 3.00805 -10.40299 8.82445
H 0.32788 -10.31365 8.52004
O -0.54454 -4.99839 3.39274
C -2.34435 -3.07064 0.59445
C -4.06892 -6.22068 4.00507
C -4.58186 -7.65923 4.12718
C -3.28281 -8.39373 4.36678
C -2.29675 -7.22915 4.27895
O -2.9949 -6.16975 4.88721
H -3.9644 -6.48217 1.8464
H -1.98382 -7.70807 2.16932
H -1.89118 -2.3706 1.32858
H -4.89443 -5.49809 4.18399
H -5.21804 -7.75348 5.03564
H -5.15308 -7.98801 3.23214
H -3.28486 -8.76525 5.41586
H -3.06696 -9.23561 3.67451
H -1.37047 -7.45475 4.75628
H -3.32585 -2.67643 0.25459
H -1.67015 -3.15476 -0.28238
H -0.73266 -5.11463 8.12968
H -1.87584 -6.50384 7.97131
H -1.14352 -5.72264 6.49514
H 1.58432 -8.74855 1.76762
H 3.11643 -7.84231 1.95613
H 1.50469 -6.26341 3.78289
H 2.03236 -6.05248 2.26652
$end

$opt
CONSTRAINT
tors           1           2           3           4    -140.054
tors           3           4           5           6    -143.167
tors           4           5           6           7    -127.935
tors           5           6           7           8    +152.092
tors           6           7           8           9    -128.174
tors           7           8           9          10     +15.651
tors           8           9          10          11    +179.574
tors           9          10          11          12    -173.140
tors          11          12          13          14     +74.800
ENDCONSTRAINT
$end

$rem
JOBTYPE                   OPT
METHOD                    B3LYP
DFT_D                     d3_op
BASIS                     STO-3G
GEOM_OPT_MAX_CYCLES       100
GEOM_OPT_TOL_GRADIENT     300
GEOM_OPT_TOL_DISPLACEMENT 1200
GEOM_OPT_TOL_ENERGY       100
SYMMETRY                  False
THRESH                    12
SCF_CONVERGENCE           8
MAX_SUB_FILE_NUM          128
MEM_STATIC                400
MEM_TOTAL                 4000
$end
