$molecule
0  1
O -3.94934 -3.66094 2.70899
C -3.26408 -4.56952 2.26188
C -3.36658 -6.02376 2.66595
C -2.38142 -6.52751 3.73345
C -1.52222 -5.47999 4.40618
O -0.67337 -4.92048 3.49413
C 0.46987 -4.30222 4.09415
C 1.64797 -4.32384 3.12578
O 2.87426 -4.50621 3.85092
C 3.09967 -5.76272 4.30866
C 4.41612 -5.89643 5.03649
C 4.75565 -7.31922 5.50411
C 3.93613 -8.43226 4.88262
O 4.28245 -9.60111 4.79087
O -2.26207 -4.2666 1.39537
O 2.61069 -8.32034 5.20744
O 2.68701 -6.65052 3.57536
C 1.60907 -9.24537 4.96315
C 5.63569 -5.60014 4.13597
C 6.82129 -5.18558 5.00476
C 7.15653 -6.50471 5.66868
C 6.18353 -7.43488 4.9334
O 6.04578 -6.85633 3.65967
H 4.40242 -5.15806 5.86982
H 4.72224 -7.44527 6.60876
H 5.44083 -4.82612 3.36197
H 7.64942 -4.9165 4.3101
H 6.63893 -4.33769 5.69951
H 8.21289 -6.75877 5.42887
H 6.99369 -6.5393 6.76778
H 6.5685 -8.47827 4.95189
O -1.55252 -5.19725 5.59948
C -1.96772 -2.9914 0.96087
C -4.70068 -6.31789 3.3958
C -5.04647 -7.80178 3.27917
C -4.01469 -8.40329 4.20699
C -3.3633 -7.12937 4.75563
O -4.40319 -6.18534 4.76334
H -3.36777 -6.62162 1.72697
H -1.68518 -7.29589 3.32935
H -1.69465 -2.34747 1.82424
H -5.55194 -5.70805 3.02054
H -6.05353 -7.93808 3.73516
H -5.05527 -8.2121 2.24653
H -4.54667 -8.95242 5.01553
H -3.26892 -9.06934 3.7213
H -2.88474 -7.34175 5.73697
H -2.84041 -2.55725 0.42781
H -1.10661 -3.03511 0.263
H 0.81382 -8.76489 4.35625
H 1.17086 -9.57177 5.92858
H 1.97395 -10.13759 4.41122
H 1.52492 -5.10887 2.34614
H 1.65832 -3.36469 2.56674
H 0.78146 -4.93574 4.95719
H 0.26049 -3.29132 4.50638
$end

$opt
CONSTRAINT
tors           1           2           3           4     -96.668
tors           3           4           5           6     -65.351
tors           4           5           6           7    -158.673
tors           5           6           7           8    +152.092
tors           6           7           8           9    -144.803
tors           7           8           9          10     +75.028
tors           8           9          10          11    +178.799
tors           9          10          11          12    -176.634
tors          11          12          13          14    +156.573
ENDCONSTRAINT
$end

$rem
JOBTYPE                   OPT
METHOD                    B3LYP
DFT_D                     d3_op
BASIS                     STO-3G
GEOM_OPT_MAX_CYCLES       100
GEOM_OPT_TOL_GRADIENT     300
GEOM_OPT_TOL_DISPLACEMENT 1200
GEOM_OPT_TOL_ENERGY       100
SYMMETRY                  False
THRESH                    12
SCF_CONVERGENCE           8
MAX_SUB_FILE_NUM          128
MEM_STATIC                400
MEM_TOTAL                 4000
$end
