$molecule
0  1
O -3.94934 -3.66094 2.70899
C -3.26408 -4.56952 2.26188
C -3.36658 -6.02376 2.66595
C -2.24002 -6.96248 2.20386
C -1.04722 -6.30948 1.54136
O -0.59297 -7.09783 0.52274
C 0.80758 -6.94146 0.27124
C 1.38102 -8.22321 -0.32409
O 0.34135 -8.96611 -0.97988
C 0.62174 -9.37023 -2.24369
C -0.50413 -10.15504 -2.87388
C -0.20426 -10.70497 -4.27599
C 1.25426 -10.70544 -4.68759
O 1.80479 -11.57638 -5.34558
O -2.52386 -4.25248 1.1653
O 1.70434 -9.44873 -4.98573
O 1.74113 -9.20044 -2.68778
C 2.91718 -9.11604 -5.56637
C -0.85397 -11.4479 -2.11348
C -2.2933 -11.84876 -2.42775
C -2.15318 -12.28855 -3.87021
C -0.63371 -12.17179 -4.04678
O -0.11678 -12.44867 -2.76805
H -1.38761 -9.4772 -2.88702
H -0.79154 -10.21972 -5.08688
H -0.70731 -11.37273 -1.014
H -2.52388 -12.74224 -1.80397
H -3.06032 -11.06617 -2.24283
H -2.48115 -13.34916 -3.94547
H -2.69768 -11.66615 -4.61301
H -0.29856 -12.84956 -4.86228
O -0.39324 -5.41093 2.06467
C -2.39702 -2.98689 0.62874
C -3.21405 -6.16738 4.19722
C -3.83473 -7.48376 4.66512
C -2.81228 -8.4733 4.15113
C -1.77301 -7.51396 3.56358
O -1.84149 -6.38668 4.3991
H -4.38512 -6.36844 2.37985
H -2.61702 -7.7846 1.55298
H -1.95192 -2.29779 1.37792
H -3.65912 -5.32079 4.76505
H -3.80332 -7.49059 5.77833
H -4.87865 -7.65697 4.32588
H -2.38093 -9.01733 5.02088
H -3.18806 -9.19942 3.39814
H -0.78059 -8.01372 3.49852
H -3.38938 -2.60473 0.30729
H -1.72876 -3.03308 -0.25542
H 3.46626 -8.42976 -4.88924
H 2.73048 -8.59386 -6.5273
H 3.56117 -10.00108 -5.75641
H 2.32644 -8.00744 -0.86898
H 1.66641 -8.8561 0.54345
H 1.43332 -6.60984 1.13215
H 0.88087 -6.16878 -0.52482
$end

$opt
CONSTRAINT
tors           1           2           3           4    -168.093
tors           3           4           5           6    -142.600
tors           4           5           6           7    -151.785
tors           5           6           7           8    +152.519
tors           6           7           8           9     +24.683
tors           7           8           9          10    +129.983
tors           8           9          10          11    +179.513
tors           9          10          11          12    -176.634
tors          11          12          13          14    +142.494
ENDCONSTRAINT
$end

$rem
JOBTYPE                   OPT
METHOD                    B3LYP
DFT_D                     d3_op
BASIS                     STO-3G
GEOM_OPT_MAX_CYCLES       100
GEOM_OPT_TOL_GRADIENT     300
GEOM_OPT_TOL_DISPLACEMENT 1200
GEOM_OPT_TOL_ENERGY       100
SYMMETRY                  False
THRESH                    12
SCF_CONVERGENCE           8
MAX_SUB_FILE_NUM          128
MEM_STATIC                400
MEM_TOTAL                 4000
$end
