$molecule
0  1
O -3.94934 -3.66094 2.70899
C -3.26408 -4.56952 2.26188
C -3.36658 -6.02376 2.66595
C -2.07674 -6.8591 2.61734
C -0.79486 -6.105 2.34131
O -0.12607 -6.69065 1.30442
C 0.17983 -8.06934 1.53868
C -1.10243 -8.85804 1.78338
O -1.84556 -8.26265 2.85863
C -2.97623 -7.60864 2.49396
C -3.71776 -7.01574 3.66837
C -5.24839 -7.0397 3.54642
C -5.81157 -7.94914 2.47289
O -6.83252 -8.61436 2.57142
O -2.66251 -4.24458 1.06657
O -5.69399 -7.41864 1.21438
O -3.57949 -8.2524 1.55009
C -6.23756 -7.91691 0.0414
C -3.76447 -8.34949 4.73913
C -4.06016 -8.1119 6.25908
C -5.46365 -7.57433 6.19301
C -5.77282 -7.98084 4.75878
O -4.93969 -9.07343 4.51846
H -4.23255 -6.41546 4.53034
H -5.83626 -6.06828 3.46662
H -2.90294 -9.04543 4.68548
H -4.10972 -9.14209 6.69245
H -3.42894 -7.61449 7.01439
H -6.07164 -8.10583 6.95885
H -5.61074 -6.47918 6.29726
H -6.86781 -8.19079 4.75835
O -0.59097 -4.87781 2.1969
C -2.61217 -2.98158 0.51022
C -2.67627 -4.95631 4.27426
C -2.62455 -5.49629 5.74776
C -1.58275 -6.60178 5.60204
C -1.18657 -6.31696 4.17381
O -1.32414 -4.90072 4.27717
H -4.09665 -5.8635 1.72665
H -2.0228 -6.27642 1.38846
H -2.08607 -2.28452 1.19679
H -3.13405 -3.98862 4.60492
H -2.1672 -4.70003 6.3975
H -3.55314 -5.63809 6.31738
H -0.76923 -6.32761 6.31919
H -1.68392 -7.67437 5.78147
H -0.10554 -6.69864 4.32349
H -3.63898 -2.60922 0.30811
H -2.05502 -3.02893 -0.44771
H -5.4197 -8.09872 -0.68608
H -6.93411 -7.16698 -0.38609
H -6.78192 -8.87349 0.19235
H -1.60798 -8.87984 0.7914
H -0.86612 -9.91218 2.03905
H 0.83897 -8.15249 2.43186
H 0.72794 -8.48857 0.66848
$end

$opt
CONSTRAINT
tors           1           2           3           4    -148.881
tors           3           4           5           6    -127.827
tors           4           5           6           7     -57.661
tors           5           6           7           8     +58.782
tors           6           7           8           9     -55.118
tors           7           8           9          10    +107.973
tors           8           9          10          11    +179.513
tors           9          10          11          12    -144.581
tors          11          12          13          14    +142.494
ENDCONSTRAINT
$end

$rem
JOBTYPE                   OPT
METHOD                    B3LYP
DFT_D                     d3_op
BASIS                     STO-3G
GEOM_OPT_MAX_CYCLES       100
GEOM_OPT_TOL_GRADIENT     300
GEOM_OPT_TOL_DISPLACEMENT 1200
GEOM_OPT_TOL_ENERGY       100
SYMMETRY                  False
THRESH                    12
SCF_CONVERGENCE           8
MAX_SUB_FILE_NUM          128
MEM_STATIC                400
MEM_TOTAL                 4000
$end
