$molecule
0  1
O -3.94934 -3.66094 2.70899
C -3.26408 -4.56952 2.26188
C -3.36658 -6.02376 2.66595
C -2.21187 -6.60478 3.49835
C -1.16989 -5.62197 3.9846
O -0.09547 -6.29696 4.49001
C 0.7942 -5.46073 5.23731
C 0.07135 -4.19627 5.68981
O 0.69229 -3.0413 5.10384
C 0.1518 -2.61918 3.93387
C 0.83986 -1.39643 3.37518
C 0.07021 -0.67324 2.26032
C -1.39152 -1.04676 2.11695
O -2.29657 -0.27369 1.83801
O -2.47927 -4.36944 1.16863
O -1.93882 -1.96084 2.95342
O -0.03484 -3.45369 3.05855
C -2.74617 -1.59349 4.03447
C 0.99425 -0.23595 4.38812
C 2.16821 0.64764 3.9706
C 1.60191 1.29745 2.72436
C 0.16048 0.77514 2.77552
O -0.10099 0.61213 4.14683
H 1.85937 -1.71476 3.05536
H 0.536 -0.83113 1.2636
H 1.12765 -0.56843 5.44008
H 2.27561 1.42658 4.75972
H 3.14351 0.1326 3.83538
H 1.63891 2.4014 2.85728
H 2.09617 1.00845 1.77144
H -0.51713 1.46691 2.22906
O -1.74603 -4.60357 4.32715
C -2.53731 -3.30575 0.29235
C -4.54009 -6.27383 3.64562
C -4.96225 -7.7428 3.59803
C -3.80138 -8.39261 4.31897
C -2.99256 -7.15286 4.71028
O -3.96894 -6.1649 4.92491
H -3.57852 -6.60183 1.73813
H -1.67513 -7.41167 2.94999
H -1.53923 -2.83063 0.22441
H -5.42363 -5.62795 3.44841
H -5.87256 -7.84687 4.23122
H -5.17561 -8.14022 2.58249
H -4.19179 -8.89991 5.22927
H -3.20387 -9.10729 3.71261
H -2.33042 -7.37985 5.57493
H -3.30642 -2.55886 0.58252
H -2.79353 -3.68899 -0.71653
H -3.01137 -2.47918 4.64247
H -3.68537 -1.11149 3.68767
H -2.19886 -0.89463 4.70071
H -0.90795 -4.07302 6.21127
H 0.55121 -4.11201 6.69004
H 1.73751 -5.26612 4.68247
H 1.06532 -6.0643 6.13443
$end

$opt
CONSTRAINT
tors           1           2           3           4    -109.262
tors           3           4           5           6    -169.018
tors           4           5           6           7    -166.792
tors           5           6           7           8     +20.510
tors           6           7           8           9    -117.536
tors           7           8           9          10     +93.004
tors           8           9          10          11    +179.513
tors           9          10          11          12    -165.459
tors          11          12          13          14    +142.494
ENDCONSTRAINT
$end

$rem
JOBTYPE                   OPT
METHOD                    B3LYP
DFT_D                     d3_op
BASIS                     STO-3G
GEOM_OPT_MAX_CYCLES       100
GEOM_OPT_TOL_GRADIENT     300
GEOM_OPT_TOL_DISPLACEMENT 1200
GEOM_OPT_TOL_ENERGY       100
SYMMETRY                  False
THRESH                    12
SCF_CONVERGENCE           8
MAX_SUB_FILE_NUM          128
MEM_STATIC                400
MEM_TOTAL                 4000
$end
