$molecule
0  1
O -3.94934 -3.66094 2.70899
C -3.26408 -4.56952 2.26188
C -3.36658 -6.02376 2.66595
C -2.05117 -6.80485 2.81908
C -0.77395 -5.99992 2.72477
O 0.30606 -6.82928 2.83047
C 1.49969 -6.15065 3.23541
C 2.61896 -7.15714 3.48107
O 2.40189 -7.83575 4.72817
C 3.20143 -8.90722 4.95585
C 2.92995 -9.5722 6.28429
C 3.86436 -10.74213 6.62549
C 5.12445 -10.8467 5.79007
O 6.26408 -10.68884 6.20346
O -2.6146 -4.34457 1.08651
O 4.97241 -11.4497 4.57755
O 4.03463 -9.24067 4.12827
C 6.01048 -11.7599 3.72301
C 3.16319 -8.6491 7.49725
C 2.33288 -9.14561 8.67863
C 3.07119 -10.42268 9.02318
C 4.25968 -10.32041 8.05814
O 4.47251 -8.93715 7.91767
H 1.86207 -9.88788 6.26484
H 3.36251 -11.73473 6.60969
H 2.93991 -7.57913 7.29388
H 2.4816 -8.41415 9.50541
H 1.24442 -9.26395 8.4884
H 3.40767 -10.35737 10.08169
H 2.49926 -11.36177 8.85998
H 5.1185 -10.90832 8.45094
O -0.67996 -4.77857 2.71524
C -2.52323 -3.11582 0.46586
C -3.95584 -6.21031 4.07963
C -4.54119 -7.61545 4.22276
C -3.27593 -8.44392 4.29645
C -2.2165 -7.33971 4.25228
O -2.82713 -6.26087 4.91854
H -4.03334 -6.50149 1.9132
H -1.97757 -7.60891 2.05247
H -2.00952 -2.38954 1.13141
H -4.72782 -5.45467 4.34193
H -5.0533 -7.6668 5.21031
H -5.25529 -7.90615 3.42248
H -3.24824 -8.95616 5.28411
H -3.14468 -9.18713 3.48042
H -1.26212 -7.70643 4.69034
H -3.53622 -2.73923 0.20851
H -1.93454 -3.22333 -0.46811
H 5.59947 -12.23748 2.8101
H 6.71165 -12.46895 4.21271
H 6.5534 -10.83581 3.43035
H 2.65019 -7.85545 2.61339
H 3.58753 -6.61352 3.54936
H 1.35068 -5.54684 4.16013
H 1.81564 -5.47811 2.40601
$end

$opt
CONSTRAINT
tors           1           2           3           4    -140.054
tors           3           4           5           6    -177.829
tors           4           5           6           7    -158.591
tors           5           6           7           8    +173.748
tors           6           7           8           9     -75.443
tors           7           8           9          10    +169.495
tors           8           9          10          11    +179.695
tors           9          10          11          12    -176.634
tors          11          12          13          14    +113.397
ENDCONSTRAINT
$end

$rem
JOBTYPE                   OPT
METHOD                    B3LYP
DFT_D                     d3_op
BASIS                     STO-3G
GEOM_OPT_MAX_CYCLES       100
GEOM_OPT_TOL_GRADIENT     300
GEOM_OPT_TOL_DISPLACEMENT 1200
GEOM_OPT_TOL_ENERGY       100
SYMMETRY                  False
THRESH                    12
SCF_CONVERGENCE           8
MAX_SUB_FILE_NUM          128
MEM_STATIC                400
MEM_TOTAL                 4000
$end
