$molecule
0  1
O -3.94934 -3.66094 2.70899
C -3.26408 -4.56952 2.26188
C -3.36658 -6.02376 2.66595
C -2.23769 -6.59075 3.5423
C -1.22466 -5.596 4.06415
O 0.03889 -6.02251 3.76928
C 1.05577 -5.29564 4.46704
C 1.69546 -6.17889 5.53324
O 0.71725 -7.08204 6.07205
C 0.76697 -8.34948 5.59218
C -0.27742 -9.25197 6.2049
C 0.28029 -10.45982 6.97192
C 1.75468 -10.39984 7.31729
O 2.25656 -10.80586 8.35547
O -2.26639 -4.27046 1.3896
O 2.60904 -10.2164 6.27655
O 1.41716 -8.69065 4.61063
C 3.98574 -10.24299 6.36929
C -1.09541 -8.62433 7.38989
C -2.42895 -9.35379 7.55617
C -1.97259 -10.6815 8.1001
C -0.49043 -10.3826 8.29679
O -0.42999 -9.00829 8.5658
H -0.99317 -9.53356 5.40029
H 0.12771 -11.40541 6.40701
H -1.27747 -7.53385 7.31213
H -2.99097 -8.81659 8.35432
H -3.06131 -9.44182 6.66423
H -2.48795 -10.86209 9.06956
H -2.1138 -11.54983 7.42001
H -0.07785 -11.05236 9.08313
O -1.52685 -4.60048 4.71329
C -1.98474 -2.99842 0.93791
C -4.59502 -6.26477 3.55947
C -5.01768 -7.72468 3.46267
C -3.90095 -8.37967 4.23619
C -3.10432 -7.14215 4.68952
O -4.09086 -6.15893 4.86372
H -3.50201 -6.59149 1.7177
H -1.70007 -7.4216 3.02952
H -1.7166 -2.34005 1.79176
H -5.46203 -5.61241 3.31429
H -5.9674 -7.83252 4.03538
H -5.16837 -8.10473 2.42921
H -4.38114 -8.89309 5.0924
H -3.27733 -9.09979 3.66367
H -2.50244 -7.36434 5.57292
H -2.8628 -2.57982 0.40108
H -1.12547 -3.04309 0.23783
H 4.42073 -10.05516 5.36634
H 4.32835 -11.23737 6.72691
H 4.33581 -9.45064 7.06499
H 2.52562 -6.72479 5.03108
H 2.1939 -5.58797 6.33089
H 0.67671 -4.41143 5.02365
H 1.81352 -4.88366 3.76722
$end

$opt
CONSTRAINT
tors           1           2           3           4    -107.047
tors           3           4           5           6    -128.138
tors           4           5           6           7    -167.488
tors           5           6           7           8    +109.097
tors           6           7           8           9     -33.298
tors           7           8           9          10    +101.053
tors           8           9          10          11    +179.513
tors           9          10          11          12    -119.200
tors          11          12          13          14    +142.494
ENDCONSTRAINT
$end

$rem
JOBTYPE                   OPT
METHOD                    B3LYP
DFT_D                     d3_op
BASIS                     STO-3G
GEOM_OPT_MAX_CYCLES       100
GEOM_OPT_TOL_GRADIENT     300
GEOM_OPT_TOL_DISPLACEMENT 1200
GEOM_OPT_TOL_ENERGY       100
SYMMETRY                  False
THRESH                    12
SCF_CONVERGENCE           8
MAX_SUB_FILE_NUM          128
MEM_STATIC                400
MEM_TOTAL                 4000
$end
