$molecule
0  1
O -3.94934 -3.66094 2.70899
C -3.26408 -4.56952 2.26188
C -3.36658 -6.02376 2.66595
C -2.05117 -6.80485 2.81908
C -0.77395 -5.99992 2.72477
O 0.0673 -6.56975 1.81208
C 1.43648 -6.19538 1.99766
C 2.24091 -7.38367 2.51436
O 1.81779 -7.7196 3.84515
C 1.10218 -8.86608 3.95755
C 0.69741 -9.16991 5.3804
C 0.07935 -10.55924 5.59496
C 0.2798 -11.55278 4.46829
O 0.01424 -12.74504 4.51901
O -2.50876 -4.31935 1.15922
O 1.12705 -11.28725 3.43498
O 0.28779 -9.10065 3.06771
C 1.48083 -12.15366 2.41722
C 1.92377 -9.29281 6.32599
C 1.49776 -9.02143 7.76968
C 0.6551 -10.24901 8.04811
C 0.92907 -11.05874 6.77435
O 2.21918 -10.66617 6.37773
H 0.11258 -8.34934 5.81753
H -1.01269 -10.50641 5.79591
H 2.77144 -8.62664 6.05458
H 2.42442 -9.07851 8.38558
H 0.99652 -8.04911 7.9651
H 1.05888 -10.75313 8.95378
H -0.43427 -10.06003 8.1653
H 0.79019 -12.14564 6.96698
O -0.52196 -5.02846 3.42916
C -2.35345 -3.07484 0.58572
C -4.01742 -6.21413 4.04196
C -4.56707 -7.63743 4.17167
C -3.28204 -8.41839 4.33402
C -2.26384 -7.28087 4.26263
O -2.91539 -6.21193 4.9039
H -3.9934 -6.49058 1.87323
H -1.99542 -7.6743 2.12359
H -1.89654 -2.37282 1.31559
H -4.81812 -5.47482 4.26086
H -5.14906 -7.71184 5.11773
H -5.20481 -7.94597 3.31534
H -3.25985 -8.84993 5.36007
H -3.10658 -9.22076 3.58533
H -1.32862 -7.57366 4.70432
H -3.33674 -2.68168 0.24984
H -1.68379 -3.16138 -0.29434
H 2.17729 -11.6356 1.72662
H 0.57776 -12.46302 1.84925
H 1.99141 -13.04826 2.83298
H 2.14548 -8.22736 1.7912
H 3.31855 -7.11791 2.55148
H 1.61624 -5.34339 2.69062
H 1.83903 -5.882 1.01129
$end

$opt
CONSTRAINT
tors           1           2           3           4    -140.054
tors           3           4           5           6    -128.224
tors           4           5           6           7    -158.591
tors           5           6           7           8    +109.491
tors           6           7           8           9     -67.324
tors           7           8           9          10    +107.973
tors           8           9          10          11    +179.513
tors           9          10          11          12    -170.861
tors          11          12          13          14    +170.288
ENDCONSTRAINT
$end

$rem
JOBTYPE                   OPT
METHOD                    B3LYP
DFT_D                     d3_op
BASIS                     STO-3G
GEOM_OPT_MAX_CYCLES       100
GEOM_OPT_TOL_GRADIENT     300
GEOM_OPT_TOL_DISPLACEMENT 1200
GEOM_OPT_TOL_ENERGY       100
SYMMETRY                  False
THRESH                    12
SCF_CONVERGENCE           8
MAX_SUB_FILE_NUM          128
MEM_STATIC                400
MEM_TOTAL                 4000
$end
