$molecule
0  1
O -3.94934 -3.66094 2.70899
C -3.26408 -4.56952 2.26188
C -3.36658 -6.02376 2.66595
C -2.08749 -6.87147 2.57012
C -0.80876 -6.12912 2.25096
O 0.22897 -7.01202 2.156
C 1.39765 -6.5857 2.8643
C 2.21238 -7.79537 3.31044
O 1.41481 -8.63699 4.15805
C 1.52064 -9.96852 3.9236
C 0.66002 -10.79859 4.84607
C 1.26877 -12.14589 5.26139
C 2.7527 -12.30897 5.00055
O 3.47379 -13.15311 5.51244
O -2.6755 -4.35393 1.05277
O 3.46452 -11.43228 4.2448
O 1.78928 -10.40031 2.80563
C 4.82302 -11.47856 3.99281
C 0.39138 -10.177 6.23919
C -0.87427 -10.78901 6.84208
C -0.38549 -12.17885 7.17934
C 1.08848 -12.05006 6.7899
O 1.40072 -10.70566 7.05912
H -0.31611 -10.92659 4.32547
H 0.75362 -13.03134 4.82934
H 0.29226 -9.07086 6.23959
H -1.08451 -10.24741 7.79233
H -1.77443 -10.75618 6.19423
H -0.48483 -12.32917 8.27753
H -0.88744 -13.00702 6.63361
H 1.69043 -12.80565 7.34163
O -0.62714 -4.94879 2.53224
C -2.61004 -3.13036 0.41838
C -3.69251 -6.17816 4.16506
C -4.31603 -7.54914 4.42409
C -3.10281 -8.43999 4.27615
C -2.01673 -7.39289 4.02007
O -2.43353 -6.28563 4.77958
H -4.19523 -6.4525 2.05902
H -2.18644 -7.69619 1.82904
H -2.06009 -2.40162 1.05158
H -4.36186 -5.38222 4.55812
H -4.64763 -7.57662 5.4869
H -5.1741 -7.79889 3.76356
H -2.91826 -8.93452 5.25375
H -3.16143 -9.20177 3.46903
H -1.024 -7.81141 4.28332
H -3.63288 -2.75056 0.20884
H -2.06952 -3.24812 -0.54304
H 5.0996 -10.62484 3.34071
H 5.08355 -12.42498 3.47268
H 5.39233 -11.40019 4.94354
H 2.62509 -8.29899 2.4087
H 3.07621 -7.41973 3.89992
H 1.13081 -6.0471 3.80523
H 2.01249 -5.9173 2.22303
$end

$opt
CONSTRAINT
tors           1           2           3           4    -150.975
tors           3           4           5           6    -178.055
tors           4           5           6           7    -133.778
tors           5           6           7           8    +152.092
tors           6           7           8           9     -59.096
tors           7           8           9          10    +137.255
tors           8           9          10          11    +179.966
tors           9          10          11          12    -144.671
tors          11          12          13          14    +162.694
ENDCONSTRAINT
$end

$rem
JOBTYPE                   OPT
METHOD                    B3LYP
DFT_D                     d3_op
BASIS                     STO-3G
GEOM_OPT_MAX_CYCLES       100
GEOM_OPT_TOL_GRADIENT     300
GEOM_OPT_TOL_DISPLACEMENT 1200
GEOM_OPT_TOL_ENERGY       100
SYMMETRY                  False
THRESH                    12
SCF_CONVERGENCE           8
MAX_SUB_FILE_NUM          128
MEM_STATIC                400
MEM_TOTAL                 4000
$end
