$molecule
0  1
O -3.94934 -3.66094 2.70899
C -3.26408 -4.56952 2.26188
C -3.36658 -6.02376 2.66595
C -2.08578 -6.86964 2.57712
C -0.80648 -6.12556 2.26437
O -0.02448 -6.87608 1.43334
C 1.34152 -6.94539 1.85585
C 2.00098 -8.20257 1.29841
O 1.6939 -9.32856 2.13551
C 0.37768 -9.51289 2.40521
C 0.11693 -10.7314 3.25838
C -1.36572 -11.02999 3.52459
C -2.35565 -10.30838 2.63239
O -3.55038 -10.5555 2.55415
O -2.57524 -4.32653 1.1142
O -1.86396 -9.93858 1.40968
O -0.21069 -8.63397 2.93956
C -2.59307 -9.74482 0.24783
C 0.56952 -12.0474 2.5963
C 0.80535 -13.10662 3.67141
C -0.61818 -13.38754 4.10621
C -1.38753 -12.51621 3.10605
O -0.58222 -12.52874 1.9524
H 0.67745 -10.59045 4.21314
H -1.66736 -10.90289 4.58539
H 1.4748 -11.9374 1.96052
H 1.20432 -14.01002 3.15646
H 1.50144 -12.81315 4.4864
H -0.83051 -14.46596 3.93288
H -0.85829 -13.11499 5.15673
H -2.42183 -12.90555 2.97784
O -0.40966 -5.12974 2.86052
C -2.44784 -3.08583 0.52509
C -3.74301 -6.01546 4.15289
C -4.2787 -7.37297 4.58751
C -2.98177 -8.07795 4.79882
C -1.99703 -7.08991 4.1722
O -2.4835 -5.89878 4.73527
H -4.18423 -6.45799 2.04897
H -2.22353 -7.77117 1.99448
H -1.9455 -2.38246 1.22319
H -4.4889 -5.23909 4.43194
H -4.83008 -7.34651 5.55381
H -4.9267 -7.80474 3.79358
H -2.75186 -8.03346 5.89057
H -3.02344 -9.14197 4.59557
H -0.98732 -7.32041 4.57005
H -3.44683 -2.689 0.24465
H -1.83077 -3.18072 -0.39177
H -1.90535 -9.42596 -0.56185
H -3.36626 -8.96098 0.39294
H -3.08318 -10.69431 -0.05528
H 1.69312 -8.3753 0.24373
H 3.10438 -8.07864 1.3237
H 1.50838 -6.8521 2.95585
H 1.85175 -6.08061 1.378
$end

$opt
CONSTRAINT
tors           1           2           3           4    -150.663
tors           3           4           5           6    -141.954
tors           4           5           6           7    -132.893
tors           5           6           7           8    +155.821
tors           6           7           8           9     -82.744
tors           7           8           9          10     +51.636
tors           8           9          10          11    +178.490
tors           9          10          11          12    -176.634
tors          11          12          13          14    +168.664
ENDCONSTRAINT
$end

$rem
JOBTYPE                   OPT
METHOD                    B3LYP
DFT_D                     d3_op
BASIS                     STO-3G
GEOM_OPT_MAX_CYCLES       100
GEOM_OPT_TOL_GRADIENT     300
GEOM_OPT_TOL_DISPLACEMENT 1200
GEOM_OPT_TOL_ENERGY       100
SYMMETRY                  False
THRESH                    12
SCF_CONVERGENCE           8
MAX_SUB_FILE_NUM          128
MEM_STATIC                400
MEM_TOTAL                 4000
$end
