$molecule
0  1
O -3.94934 -3.66094 2.70899
C -3.26408 -4.56952 2.26188
C -3.36658 -6.02376 2.66595
C -2.05157 -6.76965 2.94566
C -0.7919 -5.93239 2.96328
O -0.06247 -6.16773 1.83281
C 1.28486 -5.69249 1.92287
C 2.1974 -6.52715 1.03027
O 2.77011 -7.60496 1.78737
C 2.15507 -8.80573 1.6494
C 2.81 -9.89881 2.45989
C 2.20857 -11.29825 2.26464
C 1.30856 -11.46811 1.05723
O 1.6818 -11.76139 -0.06938
O -2.46802 -4.31186 1.19062
O -0.02607 -11.36517 1.29801
O 1.12373 -8.92575 1.00099
C -1.00394 -11.51106 0.33661
C 4.27893 -10.16166 2.06645
C 5.01366 -10.79964 3.24411
C 4.37797 -12.17482 3.26024
C 3.50817 -12.08753 1.99999
O 4.2205 -11.22329 1.14896
H 2.77639 -9.56845 3.52285
H 1.66777 -11.6811 3.15843
H 4.8191 -9.2517 1.72568
H 6.07996 -10.90448 2.93964
H 4.96227 -10.24221 4.20406
H 5.18218 -12.93393 3.13823
H 3.76587 -12.40578 4.15891
H 3.30439 -13.10552 1.59943
O -0.56531 -5.03274 3.76438
C -2.28203 -3.06134 0.64026
C -4.09133 -6.23449 4.01014
C -4.63621 -7.66128 4.09478
C -3.35656 -8.44227 4.31238
C -2.33675 -7.30149 4.35964
O -3.05025 -6.24446 4.9575
H -3.92806 -6.51881 1.84196
H -1.90646 -7.60167 2.2176
H -1.84471 -2.3737 1.39544
H -4.91207 -5.50636 4.1885
H -5.25511 -7.73619 5.0174
H -5.24203 -7.97448 3.21736
H -3.41014 -8.93419 5.30929
H -3.12007 -9.19745 3.53173
H -1.41171 -7.62909 4.8839
H -3.24942 -2.65455 0.27576
H -1.58216 -3.14214 -0.21657
H -1.99924 -11.37388 0.8069
H -0.95474 -12.52753 -0.10897
H -0.87565 -10.74529 -0.45813
H 1.74395 -6.8026 0.05098
H 3.064 -5.88038 0.77428
H 1.70154 -5.61199 2.95435
H 1.26401 -4.66924 1.48688
$end

$opt
CONSTRAINT
tors           1           2           3           4    -134.547
tors           3           4           5           6    -106.445
tors           4           5           6           7    -164.846
tors           5           6           7           8    +152.092
tors           6           7           8           9     -92.721
tors           7           8           9          10     +98.553
tors           8           9          10          11    +179.513
tors           9          10          11          12    -176.073
tors          11          12          13          14     +87.140
ENDCONSTRAINT
$end

$rem
JOBTYPE                   OPT
METHOD                    B3LYP
DFT_D                     d3_op
BASIS                     STO-3G
GEOM_OPT_MAX_CYCLES       100
GEOM_OPT_TOL_GRADIENT     300
GEOM_OPT_TOL_DISPLACEMENT 1200
GEOM_OPT_TOL_ENERGY       100
SYMMETRY                  False
THRESH                    12
SCF_CONVERGENCE           8
MAX_SUB_FILE_NUM          128
MEM_STATIC                400
MEM_TOTAL                 4000
$end
