$molecule
0  1
O -3.94934 -3.66094 2.70899
C -3.26408 -4.56952 2.26188
C -3.36658 -6.02376 2.66595
C -2.32914 -6.54822 3.67218
C -1.4151 -5.51779 4.29734
O -0.16234 -5.62416 3.76375
C 0.77049 -4.69605 4.3274
C 2.161 -5.31969 4.38797
O 2.36192 -5.94452 5.66551
C 2.07998 -7.27003 5.71712
C 2.32202 -7.87035 7.08156
C 2.10785 -9.38855 7.16805
C 2.03947 -10.12271 5.84403
O 2.66654 -9.82787 4.83685
O -2.23365 -4.26496 1.4308
O 1.09399 -11.09501 5.75912
O 1.34366 -7.77548 4.87796
C 0.83418 -11.82945 4.62107
C 3.7991 -7.76756 7.51834
C 3.89043 -7.85975 9.04069
C 3.55349 -9.32056 9.25334
C 3.45591 -9.7917 7.79774
O 4.37626 -8.9804 7.11141
H 1.69487 -7.30129 7.8045
H 1.25322 -9.70017 7.80895
H 4.3054 -6.84405 7.16201
H 4.95828 -7.69849 9.31318
H 3.25724 -7.13958 9.6022
H 4.41188 -9.80697 9.76783
H 2.61226 -9.51636 9.81129
H 3.63711 -10.88827 7.73456
O -1.8099 -4.58539 4.98932
C -1.92706 -2.98877 1.00816
C -4.65599 -6.30821 3.47599
C -5.01539 -7.79213 3.38998
C -3.94354 -8.3939 4.27337
C -3.24417 -7.12237 4.76289
O -4.27507 -6.16859 4.82297
H -3.42257 -6.61593 1.72507
H -1.69619 -7.33642 3.20291
H -1.68435 -2.34517 1.88073
H -5.52423 -5.69546 3.14772
H -6.00026 -7.92265 3.89339
H -5.0732 -8.20675 2.36066
H -4.43852 -8.91401 5.12353
H -3.23948 -9.08631 3.76295
H -2.69858 -7.31755 5.71286
H -2.78245 -2.55561 0.44688
H -1.04361 -3.02996 0.33864
H 0.01909 -12.55158 4.83228
H 1.74129 -12.39283 4.3142
H 0.51198 -11.15741 3.79698
H 2.42106 -5.94951 3.50657
H 2.88217 -4.47416 4.37585
H 0.49916 -4.22965 5.30253
H 0.83971 -3.87515 3.5801
$end

$opt
CONSTRAINT
tors           1           2           3           4    -100.153
tors           3           4           5           6    -106.445
tors           4           5           6           7    -178.796
tors           5           6           7           8    +146.179
tors           6           7           8           9     -92.721
tors           7           8           9          10     +94.400
tors           8           9          10          11    +179.513
tors           9          10          11          12    -176.073
tors          11          12          13          14     +33.820
ENDCONSTRAINT
$end

$rem
JOBTYPE                   OPT
METHOD                    B3LYP
DFT_D                     d3_op
BASIS                     STO-3G
GEOM_OPT_MAX_CYCLES       100
GEOM_OPT_TOL_GRADIENT     300
GEOM_OPT_TOL_DISPLACEMENT 1200
GEOM_OPT_TOL_ENERGY       100
SYMMETRY                  False
THRESH                    12
SCF_CONVERGENCE           8
MAX_SUB_FILE_NUM          128
MEM_STATIC                400
MEM_TOTAL                 4000
$end
