$molecule
0  1
O -3.94934 -3.66094 2.70899
C -3.26408 -4.56952 2.26188
C -3.36658 -6.02376 2.66595
C -2.33601 -6.99409 2.06575
C -1.20984 -6.37372 1.2689
O -1.42049 -6.57409 -0.06561
C -0.20698 -6.68553 -0.81675
C -0.37769 -7.69864 -1.94396
O 0.0462 -8.998 -1.50251
C -0.76669 -10.0261 -1.85089
C -0.2616 -11.36505 -1.36843
C -0.81703 -12.57847 -2.12828
C -1.49167 -12.27732 -3.45149
O -0.92735 -12.19876 -4.53313
O -2.45118 -4.20517 1.23527
O -2.84137 -12.12295 -3.40669
O -1.94674 -9.85557 -2.13195
C -3.62992 -11.85443 -4.50581
C 1.25772 -11.58449 -1.56596
C 1.75506 -12.63344 -0.57229
C 1.12716 -13.88554 -1.14678
C 0.5056 -13.31485 -2.42665
O 1.36612 -12.26393 -2.78974
H -0.48587 -11.40721 -0.27867
H -1.50646 -13.211 -1.52629
H 1.86864 -10.66174 -1.46803
H 2.85971 -12.70111 -0.69876
H 1.5227 -12.43253 0.49566
H 1.93965 -14.60657 -1.38765
H 0.36156 -14.37219 -0.50442
H 0.37469 -14.11979 -3.1838
O -0.27845 -5.72887 1.73886
C -2.30142 -2.92339 0.74414
C -3.05626 -6.21336 4.16614
C -3.68831 -7.51109 4.66913
C -2.78549 -8.53709 4.01602
C -1.75969 -7.61713 3.34619
O -1.68155 -6.51072 4.21127
H -4.41688 -6.33408 2.46723
H -2.84311 -7.75014 1.42275
H -1.92111 -2.25056 1.54212
H -3.39158 -5.35913 4.79454
H -3.52814 -7.55101 5.77051
H -4.77234 -7.6236 4.45217
H -2.29963 -9.1384 4.81642
H -3.2818 -9.2102 3.2838
H -0.80861 -8.16338 3.15889
H -3.27243 -2.54358 0.36079
H -1.5697 -2.93817 -0.08951
H -4.68866 -11.77785 -4.18385
H -3.54056 -12.6739 -5.25068
H -3.32586 -10.89095 -4.96808
H -1.3723 -7.61717 -2.43684
H 0.36948 -7.41334 -2.71637
H 0.72268 -6.87024 -0.22861
H -0.08849 -5.69721 -1.31327
$end

$opt
CONSTRAINT
tors           1           2           3           4    -175.268
tors           3           4           5           6    -105.090
tors           4           5           6           7    -149.101
tors           5           6           7           8    +144.346
tors           6           7           8           9     -92.721
tors           7           8           9          10    +136.334
tors           8           9          10          11    +179.513
tors           9          10          11          12    -158.811
tors          11          12          13          14     +87.440
ENDCONSTRAINT
$end

$rem
JOBTYPE                   OPT
METHOD                    B3LYP
DFT_D                     d3_op
BASIS                     STO-3G
GEOM_OPT_MAX_CYCLES       100
GEOM_OPT_TOL_GRADIENT     300
GEOM_OPT_TOL_DISPLACEMENT 1200
GEOM_OPT_TOL_ENERGY       100
SYMMETRY                  False
THRESH                    12
SCF_CONVERGENCE           8
MAX_SUB_FILE_NUM          128
MEM_STATIC                400
MEM_TOTAL                 4000
$end
