$molecule
0  1
O -3.94934 -3.66094 2.70899
C -3.26408 -4.56952 2.26188
C -3.36658 -6.02376 2.66595
C -2.08915 -6.87319 2.56349
C -0.811 -6.1325 2.23825
O -0.30411 -6.58058 1.05178
C 0.97489 -6.01937 0.73802
C 1.95619 -7.12491 0.36255
O 2.68389 -7.54923 1.52585
C 2.46898 -8.83117 1.91263
C 3.27013 -9.2199 3.13235
C 3.13416 -10.69011 3.55456
C 2.527 -11.62024 2.52358
O 3.14801 -12.41591 1.83379
O -2.54369 -4.31529 1.13636
O 1.16692 -11.68831 2.519
O 1.65074 -9.53677 1.34318
C 0.43121 -12.53358 1.71449
C 4.79438 -9.11497 2.92062
C 5.48337 -8.93616 4.27171
C 5.27932 -10.31057 4.87369
C 4.63551 -11.03556 3.68487
O 5.19323 -10.41047 2.55561
H 2.96833 -8.51994 3.94421
H 2.60373 -10.84712 4.51956
H 5.09428 -8.29913 2.22747
H 6.56867 -8.79601 4.06388
H 5.11825 -8.08851 4.89063
H 6.27785 -10.74064 5.1103
H 4.62472 -10.3449 5.77141
H 4.80932 -12.13134 3.76928
O -0.35112 -5.22224 2.91956
C -2.39438 -3.06851 0.56587
C -3.6581 -6.18169 4.17587
C -4.28509 -7.5494 4.44882
C -3.08448 -8.45309 4.26378
C -1.9928 -7.41241 3.99885
O -2.38881 -6.30485 4.76993
H -4.21613 -6.44981 2.08691
H -2.22307 -7.69748 1.82516
H -1.90777 -2.37615 1.28577
H -4.31268 -5.38218 4.58626
H -4.58074 -7.57298 5.52227
H -5.16765 -7.79402 3.81947
H -2.88612 -8.9765 5.22564
H -3.16866 -9.19437 3.43982
H -0.98864 -7.83535 4.22546
H -3.38338 -2.6633 0.26304
H -1.75237 -3.15601 -0.33452
H -0.64863 -12.37683 1.91419
H 0.68644 -13.59191 1.93574
H 0.63278 -12.31397 0.64419
H 1.45519 -7.90684 -0.25078
H 2.72464 -6.67778 -0.30421
H 1.43683 -5.31622 1.46717
H 0.80243 -5.43145 -0.18948
$end

$opt
CONSTRAINT
tors           1           2           3           4    -151.270
tors           3           4           5           6    -118.062
tors           4           5           6           7    -174.292
tors           5           6           7           8    +130.010
tors           6           7           8           9     -92.721
tors           7           8           9          10    +115.581
tors           8           9          10          11    +179.513
tors           9          10          11          12    -176.073
tors          11          12          13          14    +103.422
ENDCONSTRAINT
$end

$rem
JOBTYPE                   OPT
METHOD                    B3LYP
DFT_D                     d3_op
BASIS                     STO-3G
GEOM_OPT_MAX_CYCLES       100
GEOM_OPT_TOL_GRADIENT     300
GEOM_OPT_TOL_DISPLACEMENT 1200
GEOM_OPT_TOL_ENERGY       100
SYMMETRY                  False
THRESH                    12
SCF_CONVERGENCE           8
MAX_SUB_FILE_NUM          128
MEM_STATIC                400
MEM_TOTAL                 4000
$end
