$molecule
0  1
O -3.94934 -3.66094 2.70899
C -3.26408 -4.56952 2.26188
C -3.36658 -6.02376 2.66595
C -2.07125 -6.85173 2.64526
C -0.78828 -6.09065 2.39463
O -0.54646 -6.01809 1.05236
C 0.68551 -5.36087 0.73683
C 1.58766 -6.29246 -0.06591
O 2.58706 -6.86517 0.79204
C 2.28313 -8.08075 1.31082
C 3.38075 -8.63832 2.18547
C 3.4117 -10.17026 2.28773
C 2.59925 -10.91833 1.24993
O 3.05584 -11.49749 0.27491
O -2.59214 -4.32503 1.1063
O 1.26114 -10.99416 1.47551
O 1.11987 -8.43858 1.43836
C 0.36635 -11.64483 0.65193
C 4.81784 -8.35728 1.68491
C 5.79009 -8.42025 2.86175
C 5.78801 -9.90587 3.14926
C 4.91036 -10.40489 1.99573
O 5.16698 -9.50121 0.94983
H 3.24833 -8.16089 3.18258
H 3.13236 -10.56956 3.28757
H 4.94018 -7.38667 1.15889
H 6.79347 -8.13678 2.46969
H 5.5393 -7.76865 3.72627
H 6.82936 -10.28422 3.04623
H 5.37049 -10.19952 4.13669
H 5.13631 -11.47324 1.78229
O 0.0241 -5.80914 3.2701
C -2.47224 -3.08425 0.5152
C -3.7969 -6.18662 4.13615
C -4.40803 -7.57066 4.35321
C -3.16885 -8.43529 4.29578
C -2.09125 -7.36393 4.10537
O -2.58081 -6.26529 4.83375
H -4.1344 -6.4655 1.99239
H -2.09632 -7.72614 1.95592
H -1.95761 -2.38191 1.20525
H -4.50869 -5.40478 4.47967
H -4.81642 -7.6068 5.38852
H -5.20866 -7.83686 3.62988
H -3.03583 -8.92333 5.28731
H -3.1592 -9.20427 3.49339
H -1.10659 -7.76674 4.43131
H -3.47479 -2.68589 0.2501
H -1.87016 -3.17983 -0.41144
H -0.65453 -11.54572 1.07448
H 0.62287 -12.72362 0.58365
H 0.37954 -11.18957 -0.36146
H 1.0506 -7.01388 -0.72309
H 2.16772 -5.64091 -0.75462
H 1.24539 -4.85484 1.55572
H 0.38247 -4.54077 0.05061
$end

$opt
CONSTRAINT
tors           1           2           3           4    -147.649
tors           3           4           5           6     -88.796
tors           4           5           6           7    -177.411
tors           5           6           7           8    +121.735
tors           6           7           8           9    -100.886
tors           7           8           9          10     +94.533
tors           8           9          10          11    +179.104
tors           9          10          11          12    -154.042
tors          11          12          13          14    +103.744
ENDCONSTRAINT
$end

$rem
JOBTYPE                   OPT
METHOD                    B3LYP
DFT_D                     d3_op
BASIS                     STO-3G
GEOM_OPT_MAX_CYCLES       100
GEOM_OPT_TOL_GRADIENT     300
GEOM_OPT_TOL_DISPLACEMENT 1200
GEOM_OPT_TOL_ENERGY       100
SYMMETRY                  False
THRESH                    12
SCF_CONVERGENCE           8
MAX_SUB_FILE_NUM          128
MEM_STATIC                400
MEM_TOTAL                 4000
$end
