$molecule
0  1
O -3.94934 -3.66094 2.70899
C -3.26408 -4.56952 2.26188
C -3.36658 -6.02376 2.66595
C -2.14191 -6.91468 2.40081
C -0.88858 -6.21408 1.92497
O -0.84178 -6.22305 0.55999
C 0.37971 -5.69248 0.03492
C 0.97115 -6.65238 -0.99218
O 1.9004 -7.54154 -0.35283
C 2.0402 -8.7574 -0.93702
C 3.03795 -9.64048 -0.22617
C 3.25172 -11.02039 -0.86525
C 2.73123 -11.18145 -2.27941
O 3.38416 -11.01068 -3.29876
O -2.46523 -4.25079 1.2098
O 1.45302 -11.6344 -2.39124
O 1.37279 -9.07553 -1.91102
C 0.81717 -11.8798 -3.59045
C 4.47131 -9.07704 -0.23638
C 5.25757 -9.66553 0.93335
C 5.41816 -11.09861 0.47029
C 4.79719 -11.00466 -0.92909
O 5.08051 -9.69011 -1.34233
H 2.68308 -9.72873 0.82573
H 2.89379 -11.88075 -0.2577
H 4.513 -7.96636 -0.20839
H 6.25822 -9.17645 0.93108
H 4.79163 -9.54005 1.93441
H 6.50555 -11.3254 0.40531
H 4.90485 -11.86165 1.09462
H 5.19765 -11.81444 -1.5789
O 0.05089 -5.92239 2.65887
C -2.30948 -2.97905 0.69521
C -3.46515 -6.15305 4.2039
C -4.11369 -7.48546 4.57677
C -2.99422 -8.4433 4.2397
C -1.90051 -7.45187 3.82915
O -2.13994 -6.32574 4.63241
H -4.31325 -6.41095 2.22816
H -2.34703 -7.76975 1.71757
H -1.89917 -2.3003 1.47317
H -4.02533 -5.32137 4.68487
H -4.25885 -7.48622 5.68104
H -5.0852 -7.69345 4.07898
H -2.69905 -8.97956 5.16914
H -3.21938 -9.17556 3.43443
H -0.90109 -7.92823 3.94109
H -3.28452 -2.59002 0.33183
H -1.6017 -3.01307 -0.15733
H -0.21337 -12.23741 -3.38916
H 1.36286 -12.66192 -4.16029
H 0.76111 -10.94714 -4.19165
H 0.15537 -7.12453 -1.58519
H 1.58359 -6.03995 -1.69015
H 1.15911 -5.33535 0.74462
H 0.06635 -4.79404 -0.53829
$end

$opt
CONSTRAINT
tors           1           2           3           4    -158.648
tors           3           4           5           6     -93.540
tors           4           5           6           7    -174.292
tors           5           6           7           8    +130.010
tors           6           7           8           9     -92.721
tors           7           8           9          10    +151.767
tors           8           9          10          11    +179.513
tors           9          10          11          12    -178.910
tors          11          12          13          14     +93.364
ENDCONSTRAINT
$end

$rem
JOBTYPE                   OPT
METHOD                    B3LYP
DFT_D                     d3_op
BASIS                     STO-3G
GEOM_OPT_MAX_CYCLES       100
GEOM_OPT_TOL_GRADIENT     300
GEOM_OPT_TOL_DISPLACEMENT 1200
GEOM_OPT_TOL_ENERGY       100
SYMMETRY                  False
THRESH                    12
SCF_CONVERGENCE           8
MAX_SUB_FILE_NUM          128
MEM_STATIC                400
MEM_TOTAL                 4000
$end
