$molecule
0  1
O -3.94934 -3.66094 2.70899
C -3.26408 -4.56952 2.26188
C -3.36658 -6.02376 2.66595
C -2.05289 -6.81295 2.78951
C -0.77319 -6.01552 2.66882
O 0.00604 -6.53623 1.67529
C 1.2727 -5.88093 1.55118
C 2.29525 -6.82686 0.93009
O 3.00401 -7.52844 1.96368
C 2.9554 -8.88164 1.88877
C 3.72799 -9.56027 2.99477
C 3.91891 -11.07359 2.81673
C 3.63813 -11.6164 1.42993
O 4.48563 -11.93773 0.60954
O -2.51861 -4.32158 1.15202
O 2.34151 -11.94471 1.1751
O 2.29572 -9.45377 1.03482
C 1.90049 -12.52814 0.00533
C 5.20231 -9.1002 3.07891
C 5.72707 -9.33465 4.49397
C 5.80004 -10.84641 4.51753
C 5.44249 -11.15699 3.05855
O 5.92299 -10.05013 2.33882
H 3.22398 -9.28899 3.94973
H 3.36265 -11.69624 3.55155
H 5.36076 -8.03871 2.78965
H 6.76375 -8.92796 4.52277
H 5.13369 -8.87557 5.31373
H 6.84757 -11.14299 4.74692
H 5.09725 -11.34603 5.21903
H 5.86127 -12.14562 2.76631
O -0.49391 -5.04201 3.36046
C -2.35823 -3.07653 0.58121
C -3.93502 -6.20671 4.08699
C -4.50833 -7.6157 4.24672
C -3.23538 -8.43151 4.32699
C -2.18549 -7.32131 4.2365
O -2.79089 -6.23993 4.90435
H -4.04043 -6.49368 1.91498
H -2.01948 -7.66563 2.072
H -1.88725 -2.38154 1.30894
H -4.70787 -5.45373 4.35424
H -5.02316 -7.66881 5.23259
H -5.21564 -7.91402 3.44313
H -3.18437 -8.90504 5.33301
H -3.11491 -9.20676 3.53976
H -1.21559 -7.67343 4.65316
H -3.34118 -2.67307 0.2569
H -1.69798 -3.16599 -0.30567
H 0.80354 -12.68104 0.06637
H 2.39179 -13.51382 -0.14049
H 2.122 -11.86601 -0.85893
H 1.83762 -7.41889 0.10676
H 3.06686 -6.18974 0.44653
H 1.6886 -5.44376 2.4885
H 1.11042 -5.05044 0.82882
$end

$opt
CONSTRAINT
tors           1           2           3           4    -141.340
tors           3           4           5           6    -124.204
tors           4           5           6           7    -176.597
tors           5           6           7           8    +154.599
tors           6           7           8           9     -92.157
tors           7           8           9          10    +123.688
tors           8           9          10          11    +179.513
tors           9          10          11          12    -169.444
tors          11          12          13          14    +103.422
ENDCONSTRAINT
$end

$rem
JOBTYPE                   OPT
METHOD                    B3LYP
DFT_D                     d3_op
BASIS                     STO-3G
GEOM_OPT_MAX_CYCLES       100
GEOM_OPT_TOL_GRADIENT     300
GEOM_OPT_TOL_DISPLACEMENT 1200
GEOM_OPT_TOL_ENERGY       100
SYMMETRY                  False
THRESH                    12
SCF_CONVERGENCE           8
MAX_SUB_FILE_NUM          128
MEM_STATIC                400
MEM_TOTAL                 4000
$end
