$molecule
0  1
O -3.94934 -3.66094 2.70899
C -3.26408 -4.56952 2.26188
C -3.36658 -6.02376 2.66595
C -2.08915 -6.87319 2.56349
C -0.811 -6.1325 2.23825
O -0.30411 -6.58058 1.05178
C 0.97489 -6.01937 0.73802
C 2.03171 -7.11768 0.68332
O 2.33325 -7.57328 2.01162
C 2.62087 -8.89382 2.12389
C 2.92865 -9.31041 3.54247
C 3.44547 -10.74819 3.69723
C 3.91223 -11.42331 2.42323
O 5.06718 -11.73086 2.1662
O -2.54304 -4.31504 1.13684
O 2.92855 -11.98349 1.66463
O 2.62964 -9.61996 1.14339
C 3.15009 -12.74898 0.53813
C 4.09412 -8.52052 4.17786
C 3.95398 -8.54708 5.69825
C 4.27625 -9.99902 5.98357
C 4.68113 -10.4688 4.58024
O 5.22828 -9.32393 3.97516
H 2.00474 -9.12143 4.13489
H 2.72482 -11.43047 4.19963
H 4.17202 -7.47036 3.82171
H 4.77427 -7.91355 6.1064
H 2.98258 -8.18882 6.10196
H 5.13944 -10.0347 6.68465
H 3.43308 -10.60404 6.38195
H 5.3559 -11.35012 4.65494
O -0.35055 -5.22743 2.92623
C -2.39378 -3.06817 0.56651
C -3.65761 -6.18139 4.17609
C -4.28506 -7.54874 4.44946
C -3.08494 -8.45296 4.26389
C -1.99279 -7.41281 3.99881
O -2.38824 -6.30509 4.76993
H -4.21648 -6.44982 2.08744
H -2.22353 -7.69682 1.82456
H -1.90783 -2.37569 1.28675
H -4.31176 -5.38161 4.58665
H -4.5801 -7.572 5.5231
H -5.16812 -7.79311 3.82071
H -2.88665 -8.97676 5.22555
H -3.16983 -9.19383 3.43967
H -0.98862 -7.83604 4.22525
H -3.38273 -2.66327 0.26312
H -1.75123 -3.15539 -0.33351
H 2.17446 -13.06909 0.11851
H 3.74133 -13.65277 0.79845
H 3.69116 -12.15327 -0.22787
H 1.67213 -7.90081 -0.02145
H 2.95887 -6.66872 0.26588
H 1.34673 -5.21475 1.41089
H 0.88984 -5.5636 -0.27157
$end

$opt
CONSTRAINT
tors           1           2           3           4    -151.270
tors           3           4           5           6    -118.062
tors           4           5           6           7    -174.292
tors           5           6           7           8    +116.790
tors           6           7           8           9     -73.076
tors           7           8           9          10    +145.400
tors           8           9          10          11    +179.998
tors           9          10          11          12    -172.064
tors          11          12          13          14    +112.407
ENDCONSTRAINT
$end

$rem
JOBTYPE                   OPT
METHOD                    B3LYP
DFT_D                     d3_op
BASIS                     STO-3G
GEOM_OPT_MAX_CYCLES       100
GEOM_OPT_TOL_GRADIENT     300
GEOM_OPT_TOL_DISPLACEMENT 1200
GEOM_OPT_TOL_ENERGY       100
SYMMETRY                  False
THRESH                    12
SCF_CONVERGENCE           8
MAX_SUB_FILE_NUM          128
MEM_STATIC                400
MEM_TOTAL                 4000
$end
