$molecule
0  1
O -3.94934 -3.66094 2.70899
C -3.26408 -4.56952 2.26188
C -3.36658 -6.02376 2.66595
C -2.13727 -6.91172 2.41263
C -0.88142 -6.20823 1.94784
O -0.43903 -6.76931 0.78384
C 0.94193 -6.50116 0.51867
C 1.67453 -7.79684 0.18605
O 2.24898 -8.35426 1.3786
C 1.67934 -9.5039 1.81791
C 2.36615 -10.07249 3.03679
C 1.81786 -11.42408 3.51726
C 0.93576 -12.16663 2.53378
O 1.2133 -13.22772 1.99376
O -2.49836 -4.28035 1.17505
O -0.36745 -11.76869 2.50625
O 0.68585 -9.95621 1.27314
C -1.36163 -12.39035 1.77929
C 3.84773 -10.43106 2.79833
C 4.59413 -10.41101 4.13034
C 4.00673 -11.63657 4.79911
C 3.15206 -12.19042 3.65153
O 3.83992 -11.80129 2.48836
H 2.3054 -9.28999 3.82697
H 1.27368 -11.36608 4.48571
H 4.35578 -9.76802 2.06469
H 5.66564 -10.6101 3.90015
H 4.51637 -9.46911 4.71486
H 4.8392 -12.33034 5.05126
H 3.38806 -11.4361 5.70063
H 3.00055 -13.28435 3.78528
O -0.31636 -5.31542 2.57127
C -2.34276 -3.02126 0.63294
C -3.457 -6.1654 4.20545
C -4.09472 -7.50614 4.57235
C -2.96829 -8.45732 4.22976
C -1.8803 -7.45874 3.82467
O -2.12854 -6.33662 4.633
H -4.31306 -6.41531 2.23124
H -2.37893 -7.7315 1.69726
H -1.89928 -2.33445 1.38523
H -4.02061 -5.33992 4.69284
H -4.23682 -7.51292 5.67698
H -5.06638 -7.71956 4.07729
H -2.66988 -8.99856 5.15515
H -3.18866 -9.18535 3.41906
H -0.87231 -7.92115 3.922
H -3.32355 -2.62551 0.29308
H -1.66047 -3.08365 -0.23946
H -2.31842 -11.852 1.93886
H -1.48219 -13.44232 2.11525
H -1.11393 -12.36701 0.69651
H 1.04704 -8.46711 -0.44352
H 2.54642 -7.53589 -0.45158
H 1.51372 -5.90982 1.2695
H 0.93737 -5.89915 -0.41569
$end

$opt
CONSTRAINT
tors           1           2           3           4    -158.102
tors           3           4           5           6    -125.193
tors           4           5           6           7    -159.760
tors           5           6           7           8    +130.010
tors           6           7           8           9     -92.721
tors           7           8           9          10    +110.788
tors           8           9          10          11    +177.395
tors           9          10          11          12    -176.073
tors          11          12          13          14    +113.455
ENDCONSTRAINT
$end

$rem
JOBTYPE                   OPT
METHOD                    B3LYP
DFT_D                     d3_op
BASIS                     STO-3G
GEOM_OPT_MAX_CYCLES       100
GEOM_OPT_TOL_GRADIENT     300
GEOM_OPT_TOL_DISPLACEMENT 1200
GEOM_OPT_TOL_ENERGY       100
SYMMETRY                  False
THRESH                    12
SCF_CONVERGENCE           8
MAX_SUB_FILE_NUM          128
MEM_STATIC                400
MEM_TOTAL                 4000
$end
