$molecule
0  1
O -3.94934 -3.66094 2.70899
C -3.26408 -4.56952 2.26188
C -3.36658 -6.02376 2.66595
C -2.22938 -6.95827 2.22174
C -1.02954 -6.30099 1.5764
O -0.86126 -6.78382 0.30992
C 0.39067 -6.40851 -0.2741
C 1.08303 -7.63236 -0.86482
O 1.89442 -8.26649 0.13639
C 1.53382 -9.53225 0.46344
C 2.43087 -10.14752 1.511
C 2.19174 -11.64197 1.77121
C 1.36901 -12.37098 0.72796
O 1.814 -13.12252 -0.12745
O -2.47826 -4.24038 1.20162
O 0.01911 -12.32042 0.89938
O 0.53985 -10.05751 -0.01387
C -0.89309 -12.98417 0.10538
C 3.92115 -10.165 1.10281
C 4.79011 -10.22339 2.35741
C 4.50931 -11.63529 2.82599
C 3.64981 -12.14154 1.66062
O 4.12814 -11.43555 0.5436
H 2.32369 -9.52427 2.42748
H 1.76519 -11.8723 2.77228
H 4.22464 -9.30152 0.47194
H 5.84924 -10.16533 2.01726
H 4.60601 -9.42806 3.11136
H 5.47527 -12.18472 2.88055
H 3.96627 -11.71702 3.79245
H 3.71073 -13.25077 1.59702
O -0.30775 -5.48054 2.13546
C -2.32774 -2.96914 0.68554
C -3.22722 -6.18055 4.19923
C -3.86693 -7.49378 4.65045
C -2.85707 -8.49347 4.12795
C -1.79179 -7.54326 3.57215
O -1.85909 -6.42308 4.4182
H -4.38174 -6.37197 2.37159
H -2.61893 -7.74595 1.53619
H -1.91309 -2.28946 1.46031
H -3.66756 -5.33366 4.77008
H -3.83428 -7.50956 5.76362
H -4.91371 -7.65293 4.31323
H -2.45219 -9.06873 4.99014
H -3.23664 -9.19118 3.35031
H -0.80518 -8.05474 3.51102
H -3.3055 -2.58178 0.32779
H -1.62326 -3.00672 -0.17056
H -1.91824 -12.76315 0.46686
H -0.7227 -14.08059 0.15991
H -0.80339 -12.64155 -0.94772
H 0.3489 -8.26512 -1.41149
H 1.79916 -7.27351 -1.63503
H 1.10513 -5.82623 0.35037
H 0.12369 -5.75727 -1.13437
$end

$opt
CONSTRAINT
tors           1           2           3           4    -167.203
tors           3           4           5           6    -120.119
tors           4           5           6           7    -168.731
tors           5           6           7           8    +130.734
tors           6           7           8           9     -88.473
tors           7           8           9          10    +117.226
tors           8           9          10          11    +179.513
tors           9          10          11          12    -171.664
tors          11          12          13          14    +103.422
ENDCONSTRAINT
$end

$rem
JOBTYPE                   OPT
METHOD                    B3LYP
DFT_D                     d3_op
BASIS                     STO-3G
GEOM_OPT_MAX_CYCLES       100
GEOM_OPT_TOL_GRADIENT     300
GEOM_OPT_TOL_DISPLACEMENT 1200
GEOM_OPT_TOL_ENERGY       100
SYMMETRY                  False
THRESH                    12
SCF_CONVERGENCE           8
MAX_SUB_FILE_NUM          128
MEM_STATIC                400
MEM_TOTAL                 4000
$end
