$molecule
0  1
O -3.94934 -3.66094 2.70899
C -3.26408 -4.56952 2.26188
C -3.36658 -6.02376 2.66595
C -2.09548 -6.87943 2.53944
C -0.8197 -6.1447 2.19214
O -0.33652 -6.59374 0.99618
C 0.9271 -6.0184 0.64758
C 1.96492 -7.11637 0.43892
O 2.39619 -7.62991 1.70902
C 2.1521 -8.94734 1.91862
C 2.63851 -9.42895 3.26477
C 2.42797 -10.9266 3.53124
C 2.10537 -11.77476 2.31746
O 2.90839 -12.45242 1.69258
O -2.53652 -4.31053 1.14201
O 0.78489 -11.8786 2.00321
O 1.5297 -9.61891 1.1096
C 0.28786 -12.65143 0.97443
C 4.16418 -9.30485 3.44265
C 4.49817 -9.23596 4.93127
C 4.18592 -10.65619 5.35405
C 3.86152 -11.28122 3.99126
O 4.6647 -10.56635 3.08472
H 2.12823 -8.79716 4.02694
H 1.68969 -11.16124 4.32951
H 4.60583 -8.43497 2.90942
H 5.59751 -9.07476 5.00922
H 3.97126 -8.44364 5.50532
H 5.10861 -11.10336 5.78616
H 3.33808 -10.76639 6.06436
H 4.03072 -12.38045 4.02745
O -0.34405 -5.24035 2.87076
C -2.38459 -3.06182 0.57636
C -3.6248 -6.17851 4.18302
C -4.25584 -7.54118 4.47138
C -3.06718 -8.45429 4.25791
C -1.97332 -7.42163 3.97139
O -2.34434 -6.3113 4.75042
H -4.23473 -6.44443 2.11116
H -2.24741 -7.70103 1.80168
H -1.90352 -2.37121 1.30164
H -4.26421 -5.37403 4.60747
H -4.52492 -7.56124 5.55189
H -5.15577 -7.78004 3.86486
H -2.85293 -8.98293 5.21346
H -3.17497 -9.1915 3.43304
H -0.96759 -7.85222 4.1763
H -3.37193 -2.65667 0.26811
H -1.7364 -3.14597 -0.31991
H -0.81611 -12.54801 0.94274
H 0.54292 -13.71992 1.14018
H 0.70717 -12.31109 0.00349
H 1.56943 -7.8526 -0.29483
H 2.85766 -6.65863 -0.03824
H 1.34906 -5.26271 1.34708
H 0.78306 -5.50007 -0.32455
$end

$opt
CONSTRAINT
tors           1           2           3           4    -152.344
tors           3           4           5           6    -118.062
tors           4           5           6           7    -175.455
tors           5           6           7           8    +122.336
tors           6           7           8           9     -76.139
tors           7           8           9          10    +118.823
tors           8           9          10          11    +179.513
tors           9          10          11          12    -178.024
tors          11          12          13          14     +98.553
ENDCONSTRAINT
$end

$rem
JOBTYPE                   OPT
METHOD                    B3LYP
DFT_D                     d3_op
BASIS                     STO-3G
GEOM_OPT_MAX_CYCLES       100
GEOM_OPT_TOL_GRADIENT     300
GEOM_OPT_TOL_DISPLACEMENT 1200
GEOM_OPT_TOL_ENERGY       100
SYMMETRY                  False
THRESH                    12
SCF_CONVERGENCE           8
MAX_SUB_FILE_NUM          128
MEM_STATIC                400
MEM_TOTAL                 4000
$end
