$molecule
0  1
O -3.94934 -3.66094 2.70899
C -3.26408 -4.56952 2.26188
C -3.36658 -6.02376 2.66595
C -2.10704 -6.88966 2.49969
C -0.83614 -6.16476 2.11576
O -0.49109 -6.48104 0.83266
C 0.71472 -5.84222 0.40003
C 1.7356 -6.88752 -0.03733
O 2.3204 -7.51294 1.11581
C 1.84009 -8.74476 1.41758
C 2.50181 -9.35325 2.63105
C 2.10876 -10.8092 2.92091
C 1.41603 -11.5441 1.79097
O 1.95154 -12.33105 1.02384
O -2.51509 -4.29776 1.15941
O 0.06147 -11.41557 1.7459
O 0.91424 -9.23945 0.7917
C -0.75246 -12.05544 0.83458
C 4.03267 -9.49097 2.48459
C 4.67337 -9.53401 3.8703
C 4.21657 -10.89646 4.34699
C 3.5244 -11.40975 3.07798
O 4.23299 -10.80238 2.02692
H 2.28538 -8.67199 3.48489
H 1.51243 -10.95365 3.84867
H 4.49896 -8.68665 1.87511
H 5.77594 -9.56271 3.71448
H 4.42268 -8.68703 4.5446
H 5.11761 -11.50443 4.58459
H 3.51969 -10.88904 5.21296
H 3.51106 -12.52244 3.07535
O -0.31059 -5.30011 2.80931
C -2.35405 -3.0439 0.60774
C -3.56842 -6.17749 4.1932
C -4.20997 -7.53057 4.50301
C -3.04735 -8.46312 4.23561
C -1.94589 -7.44671 3.92055
O -2.27151 -6.33422 4.71607
H -4.26494 -6.43476 2.15366
H -2.28954 -7.69735 1.75364
H -1.88862 -2.35891 1.34837
H -4.17862 -5.36416 4.64315
H -4.43061 -7.54805 5.59456
H -5.14049 -7.75448 3.93845
H -2.81116 -9.01053 5.17518
H -3.19741 -9.18469 3.40341
H -0.94062 -7.89438 4.0873
H -3.33573 -2.6377 0.28331
H -1.68783 -3.11944 -0.27602
H -1.80684 -11.76784 1.02467
H -0.65639 -13.15696 0.9421
H -0.48 -11.75325 -0.19927
H 1.29258 -7.58421 -0.78437
H 2.56066 -6.36746 -0.56895
H 1.20636 -5.1485 1.11794
H 0.44981 -5.23575 -0.49226
$end

$opt
CONSTRAINT
tors           1           2           3           4    -154.131
tors           3           4           5           6    -109.968
tors           4           5           6           7    -179.356
tors           5           6           7           8    +122.336
tors           6           7           8           9     -76.139
tors           7           8           9          10    +101.908
tors           8           9          10          11    +179.513
tors           9          10          11          12    -173.376
tors          11          12          13          14     +99.970
ENDCONSTRAINT
$end

$rem
JOBTYPE                   OPT
METHOD                    B3LYP
DFT_D                     d3_op
BASIS                     STO-3G
GEOM_OPT_MAX_CYCLES       100
GEOM_OPT_TOL_GRADIENT     300
GEOM_OPT_TOL_DISPLACEMENT 1200
GEOM_OPT_TOL_ENERGY       100
SYMMETRY                  False
THRESH                    12
SCF_CONVERGENCE           8
MAX_SUB_FILE_NUM          128
MEM_STATIC                400
MEM_TOTAL                 4000
$end
