$molecule
0  1
O -3.94934 -3.66094 2.70899
C -3.26408 -4.56952 2.26188
C -3.36658 -6.02376 2.66595
C -2.08479 -6.86856 2.58126
C -0.80516 -6.12345 2.2723
O -0.37688 -6.43863 1.01427
C 0.84222 -5.78088 0.65314
C 1.81727 -6.78067 0.04011
O 2.38106 -7.60857 1.06947
C 1.68859 -8.7397 1.35261
C 2.3344 -9.56906 2.43693
C 1.67852 -10.93546 2.68402
C 0.73014 -11.41799 1.60493
O 0.97154 -12.29715 0.79045
O -2.54665 -4.31735 1.13421
O -0.55118 -10.96686 1.70481
O 0.64716 -9.00243 0.77116
C -1.58322 -11.35312 0.87543
C 3.77877 -9.99842 2.10147
C 4.53729 -10.28193 3.39624
C 3.85734 -11.55829 3.84486
C 2.94568 -11.81893 2.63893
O 3.65189 -11.28244 1.5482
H 2.35179 -8.93425 3.35163
H 1.16058 -11.02497 3.66432
H 4.33602 -9.25727 1.48833
H 5.58673 -10.51989 3.10846
H 4.54213 -9.4594 4.14343
H 4.63116 -12.35199 3.94078
H 3.27002 -11.47964 4.78534
H 2.70163 -12.90258 2.57471
O -0.34775 -5.23444 2.9829
C -2.39618 -3.07127 0.56267
C -3.68196 -6.19085 4.16985
C -4.30901 -7.5624 4.42426
C -3.10318 -8.46245 4.25179
C -2.00969 -7.41743 4.0131
O -2.4219 -6.31531 4.7841
H -4.20212 -6.45337 2.0693
H -2.20467 -7.68574 1.83239
H -1.9056 -2.37983 1.28074
H -4.34507 -5.39518 4.57381
H -4.62044 -7.59319 5.49305
H -5.18158 -7.80596 3.78075
H -2.91993 -8.99389 5.21217
H -3.17141 -9.19673 3.41994
H -1.00793 -7.83913 4.25226
H -3.38511 -2.66383 0.26266
H -1.75706 -3.16083 -0.33958
H -2.51074 -10.82695 1.18141
H -1.74941 -12.44861 0.95488
H -1.34919 -11.08314 -0.17652
H 1.38406 -7.3514 -0.81266
H 2.65656 -6.1888 -0.38357
H 1.36502 -5.22012 1.46061
H 0.58769 -5.04971 -0.144
$end

$opt
CONSTRAINT
tors           1           2           3           4    -150.479
tors           3           4           5           6    -109.968
tors           4           5           6           7    -179.356
tors           5           6           7           8    +132.801
tors           6           7           8           9     -74.975
tors           7           8           9          10     +89.318
tors           8           9          10          11    +179.743
tors           9          10          11          12    -173.376
tors          11          12          13          14    +105.466
ENDCONSTRAINT
$end

$rem
JOBTYPE                   OPT
METHOD                    B3LYP
DFT_D                     d3_op
BASIS                     STO-3G
GEOM_OPT_MAX_CYCLES       100
GEOM_OPT_TOL_GRADIENT     300
GEOM_OPT_TOL_DISPLACEMENT 1200
GEOM_OPT_TOL_ENERGY       100
SYMMETRY                  False
THRESH                    12
SCF_CONVERGENCE           8
MAX_SUB_FILE_NUM          128
MEM_STATIC                400
MEM_TOTAL                 4000
$end
