$molecule
0  1
O -3.94934 -3.66094 2.70899
C -3.26408 -4.56952 2.26188
C -3.36658 -6.02376 2.66595
C -2.08479 -6.86856 2.58126
C -0.80516 -6.12345 2.2723
O -0.37688 -6.43863 1.01427
C 0.96447 -6.01243 0.75278
C 1.74474 -7.12626 0.06233
O 2.06985 -8.15582 1.00953
C 1.07348 -9.03521 1.27985
C 1.47854 -10.09516 2.27638
C 0.50092 -11.27275 2.40219
C -0.52269 -11.40325 1.29228
O -0.58371 -12.32266 0.48884
O -2.54609 -4.31712 1.13464
O -1.62291 -10.60884 1.4195
O 0.01263 -8.97793 0.68167
C -2.72746 -10.66156 0.59428
C 2.77143 -10.84994 1.88796
C 3.42045 -11.42272 3.14612
C 2.432 -12.51416 3.49883
C 1.50144 -12.44144 2.28137
O 2.33253 -12.01216 1.23249
H 1.65342 -9.57055 3.24278
H -0.04665 -11.29118 3.37032
H 3.50769 -10.22902 1.33327
H 4.37532 -11.89796 2.82473
H 3.63262 -10.69463 3.95835
H 2.97765 -13.48316 3.53289
H 1.86796 -12.35772 4.44388
H 0.99397 -13.42006 2.13207
O -0.33126 -5.24218 2.98121
C -2.39722 -3.07112 0.56241
C -3.68023 -6.19007 4.17045
C -4.30769 -7.56126 4.42597
C -3.10199 -8.46143 4.25489
C -2.00857 -7.41745 4.01278
O -2.41945 -6.31465 4.78349
H -4.20287 -6.4536 2.07047
H -2.20751 -7.68351 1.83163
H -1.90854 -2.37829 1.28044
H -4.34277 -5.39406 4.57467
H -4.6201 -7.59171 5.49446
H -5.17958 -7.80482 3.7815
H -2.91727 -8.98973 5.21671
H -3.17199 -9.19869 3.42691
H -1.00678 -7.83972 4.25082
H -3.38661 -2.6656 0.26129
H -1.75725 -3.16014 -0.33928
H -3.46459 -9.90082 0.92349
H -3.20033 -11.66518 0.64967
H -2.43131 -10.44183 -0.45365
H 1.2482 -7.51446 -0.85576
H 2.70803 -6.67843 -0.26278
H 1.54216 -5.65932 1.63825
H 0.90127 -5.16906 0.03192
$end

$opt
CONSTRAINT
tors           1           2           3           4    -150.479
tors           3           4           5           6    -109.968
tors           4           5           6           7    -167.136
tors           5           6           7           8    +135.009
tors           6           7           8           9     -74.273
tors           7           8           9          10     +80.571
tors           8           9          10          11    +179.743
tors           9          10          11          12    -168.050
tors          11          12          13          14    +114.309
ENDCONSTRAINT
$end

$rem
JOBTYPE                   OPT
METHOD                    B3LYP
DFT_D                     d3_op
BASIS                     STO-3G
GEOM_OPT_MAX_CYCLES       100
GEOM_OPT_TOL_GRADIENT     300
GEOM_OPT_TOL_DISPLACEMENT 1200
GEOM_OPT_TOL_ENERGY       100
SYMMETRY                  False
THRESH                    12
SCF_CONVERGENCE           8
MAX_SUB_FILE_NUM          128
MEM_STATIC                400
MEM_TOTAL                 4000
$end
