$molecule
0  1
O -3.94934 -3.66094 2.70899
C -3.26408 -4.56952 2.26188
C -3.36658 -6.02376 2.66595
C -2.0578 -6.82755 2.73572
C -0.77515 -6.04373 2.56682
O -0.09077 -6.50288 1.47768
C 1.2167 -5.93347 1.35303
C 2.25482 -7.03575 1.17027
O 2.46279 -7.72327 2.41403
C 1.64771 -8.78389 2.6374
C 1.9194 -9.46719 3.95646
C 1.0682 -10.71671 4.22562
C 0.34937 -11.29782 3.02467
O 0.55182 -12.40354 2.54408
O -2.53281 -4.32344 1.14211
O -0.80975 -10.67221 2.67215
O 0.80968 -9.10315 1.81071
C -1.66325 -11.11745 1.68202
C 3.34071 -10.05306 4.07225
C 3.72415 -10.16313 5.54618
C 2.8099 -11.2863 5.99104
C 2.19368 -11.68746 4.64436
O 3.20112 -11.40236 3.70484
H 1.77507 -8.69377 4.74483
H 0.31524 -10.57372 5.03196
H 4.10948 -9.47264 3.51725
H 4.77642 -10.52704 5.57742
H 3.64531 -9.22562 6.13759
H 3.43846 -12.10587 6.40468
H 2.02447 -10.99863 6.72321
H 1.8492 -12.74434 4.68478
O -0.44981 -5.09877 3.27764
C -2.37867 -3.07945 0.56718
C -3.86602 -6.19525 4.11618
C -4.45766 -7.59216 4.30701
C -3.19838 -8.43151 4.32517
C -2.13245 -7.34288 4.18366
O -2.68495 -6.25098 4.87914
H -4.08649 -6.4857 1.95386
H -2.06538 -7.67138 2.00711
H -1.8981 -2.38365 1.28782
H -4.61095 -5.42847 4.42095
H -4.92281 -7.63401 5.31781
H -5.21035 -7.8783 3.5411
H -3.10735 -8.90872 5.32654
H -3.13523 -9.20608 3.5347
H -1.15012 -7.71466 4.55243
H -3.36523 -2.67573 0.25443
H -1.72957 -3.17096 -0.32767
H -2.5152 -10.41509 1.58556
H -2.05612 -12.12447 1.93802
H -1.12916 -11.15848 0.7087
H 2.03181 -7.70997 0.31223
H 3.21372 -6.53377 0.91989
H 1.55092 -5.26875 2.18127
H 1.21795 -5.3236 0.42434
$end

$opt
CONSTRAINT
tors           1           2           3           4    -143.685
tors           3           4           5           6    -119.506
tors           4           5           6           7    -172.187
tors           5           6           7           8    +129.075
tors           6           7           8           9     -73.478
tors           7           8           9          10     +89.318
tors           8           9          10          11    +179.743
tors           9          10          11          12    -177.145
tors          11          12          13          14    +116.087
ENDCONSTRAINT
$end

$rem
JOBTYPE                   OPT
METHOD                    B3LYP
DFT_D                     d3_op
BASIS                     STO-3G
GEOM_OPT_MAX_CYCLES       100
GEOM_OPT_TOL_GRADIENT     300
GEOM_OPT_TOL_DISPLACEMENT 1200
GEOM_OPT_TOL_ENERGY       100
SYMMETRY                  False
THRESH                    12
SCF_CONVERGENCE           8
MAX_SUB_FILE_NUM          128
MEM_STATIC                400
MEM_TOTAL                 4000
$end
