$molecule
0  1
O -3.94934 -3.66094 2.70899
C -3.26408 -4.56952 2.26188
C -3.36658 -6.02376 2.66595
C -2.10723 -6.88981 2.4991
C -0.8364 -6.16506 2.11461
O -0.50416 -6.46389 0.82398
C 0.80641 -6.01616 0.46176
C 1.55844 -7.12564 -0.26599
O 2.03118 -8.09809 0.67939
C 1.14216 -9.06588 1.01433
C 1.69982 -10.05964 2.00535
C 0.76365 -11.22804 2.34694
C -0.40985 -11.43032 1.40956
O -0.50724 -12.32089 0.57772
O -2.51232 -4.29641 1.16167
O -1.5117 -10.66583 1.65115
O 0.02548 -9.08698 0.5215
C -2.68913 -10.76469 0.93545
C 2.93996 -10.81543 1.4884
C 3.76197 -11.31322 2.67521
C 2.85271 -12.40016 3.2095
C 1.75782 -12.39269 2.135
O 2.4303 -12.01232 0.95979
H 1.97783 -9.47492 2.91143
H 0.37379 -11.21559 3.38862
H 3.57798 -10.21303 0.80579
H 4.67774 -11.78914 2.25628
H 4.05907 -10.5381 3.41401
H 3.41351 -13.3611 3.20043
H 2.42964 -12.21296 4.22022
H 1.24853 -13.38146 2.1057
O -0.30257 -5.29967 2.80074
C -2.35123 -3.04211 0.61098
C -3.56089 -6.16436 4.19593
C -4.19723 -7.51599 4.52173
C -3.02732 -8.44348 4.27589
C -1.93607 -7.4292 3.92779
O -2.26025 -6.30869 4.71232
H -4.26794 -6.43608 2.16025
H -2.28932 -7.70443 1.76168
H -1.88875 -2.35682 1.35319
H -4.17299 -5.34954 4.64065
H -4.42964 -7.52454 5.61084
H -5.11976 -7.7488 3.9476
H -2.77633 -8.95475 5.23198
H -3.17791 -9.19677 3.47787
H -0.92828 -7.87121 4.09505
H -3.33251 -2.63697 0.28401
H -1.68251 -3.11646 -0.27098
H -3.4202 -10.02435 1.31567
H -3.12092 -11.78219 1.04638
H -2.50153 -10.55166 -0.13871
H 0.99616 -7.5649 -1.12113
H 2.46432 -6.6517 -0.70083
H 1.44091 -5.62552 1.29037
H 0.66749 -5.19094 -0.26949
$end

$opt
CONSTRAINT
tors           1           2           3           4    -154.158
tors           3           4           5           6    -108.963
tors           4           5           6           7    -169.306
tors           5           6           7           8    +133.532
tors           6           7           8           9     -77.274
tors           7           8           9          10     +85.373
tors           8           9          10          11    +179.743
tors           9          10          11          12    -176.175
tors          11          12          13          14    +105.720
ENDCONSTRAINT
$end

$rem
JOBTYPE                   OPT
METHOD                    B3LYP
DFT_D                     d3_op
BASIS                     STO-3G
GEOM_OPT_MAX_CYCLES       100
GEOM_OPT_TOL_GRADIENT     300
GEOM_OPT_TOL_DISPLACEMENT 1200
GEOM_OPT_TOL_ENERGY       100
SYMMETRY                  False
THRESH                    12
SCF_CONVERGENCE           8
MAX_SUB_FILE_NUM          128
MEM_STATIC                400
MEM_TOTAL                 4000
$end
