$molecule
0  1
O -3.94934 -3.66094 2.70899
C -3.26408 -4.56952 2.26188
C -3.36658 -6.02376 2.66595
C -2.07595 -6.8581 2.62117
C -0.79388 -6.10303 2.34863
O -0.3259 -6.41714 1.10455
C 0.90832 -5.76557 0.7861
C 1.89737 -6.76935 0.20271
O 2.49457 -7.53824 1.25867
C 1.79991 -8.63723 1.64443
C 2.4784 -9.40197 2.75596
C 1.81589 -10.73864 3.12021
C 0.81885 -11.27775 2.11424
O 1.0162 -12.21297 1.35202
O -2.54767 -4.32091 1.13289
O -0.45206 -10.79929 2.22224
O 0.74071 -8.92951 1.11177
C -1.50974 -11.22731 1.44582
C 3.90306 -9.87384 2.39506
C 4.70826 -10.08174 3.67593
C 4.03114 -11.31541 4.23479
C 3.06931 -11.642 3.08523
O 3.73853 -11.18983 1.93452
H 2.53835 -8.70817 3.62485
H 1.3362 -10.7546 4.12362
H 4.44471 -9.1835 1.71257
H 5.74272 -10.35355 3.36489
H 4.75206 -9.21143 4.36552
H 4.79843 -12.1124 4.35328
H 3.48274 -11.16604 5.19007
H 2.80959 -12.72376 3.10329
O -0.36498 -5.20782 3.06904
C -2.39726 -3.07618 0.5585
C -3.72786 -6.1865 4.1597
C -4.34961 -7.56173 4.40249
C -3.12981 -8.44944 4.27738
C -2.0395 -7.39683 4.0597
O -2.4852 -6.29433 4.81153
H -4.17491 -6.463 2.03958
H -2.16647 -7.68154 1.87512
H -1.9054 -2.38346 1.27445
H -4.41102 -5.39563 4.53887
H -4.69847 -7.59054 5.45968
H -5.1959 -7.81637 3.7288
H -2.96884 -8.96657 5.24953
H -3.16968 -9.19411 3.45582
H -1.04171 -7.80782 4.332
H -3.38637 -2.66886 0.25892
H -1.7594 -3.16801 -0.34441
H -2.42402 -10.6708 1.73159
H -1.68751 -12.31235 1.60447
H -1.29812 -11.03397 0.37242
H 1.48138 -7.38426 -0.62747
H 2.72057 -6.16906 -0.24052
H 1.404 -5.19406 1.60321
H 0.67615 -5.04143 -0.02436
$end

$opt
CONSTRAINT
tors           1           2           3           4    -148.711
tors           3           4           5           6    -109.968
tors           4           5           6           7    -178.474
tors           5           6           7           8    +132.801
tors           6           7           8           9     -79.148
tors           7           8           9          10     +86.343
tors           8           9          10          11    +179.998
tors           9          10          11          12    -173.376
tors          11          12          13          14    +105.466
ENDCONSTRAINT
$end

$rem
JOBTYPE                   OPT
METHOD                    B3LYP
DFT_D                     d3_op
BASIS                     STO-3G
GEOM_OPT_MAX_CYCLES       100
GEOM_OPT_TOL_GRADIENT     300
GEOM_OPT_TOL_DISPLACEMENT 1200
GEOM_OPT_TOL_ENERGY       100
SYMMETRY                  False
THRESH                    12
SCF_CONVERGENCE           8
MAX_SUB_FILE_NUM          128
MEM_STATIC                400
MEM_TOTAL                 4000
$end
