$molecule
0  1
O -3.94934 -3.66094 2.70899
C -3.26408 -4.56952 2.26188
C -3.36658 -6.02376 2.66595
C -2.06234 -6.83718 2.69988
C -0.77886 -6.06239 2.49871
O -0.16154 -6.47662 1.35295
C 1.15826 -5.94369 1.2001
C 2.09904 -7.01626 0.66099
O 2.44163 -7.93791 1.70792
C 1.7279 -9.0909 1.72641
C 2.13854 -10.0192 2.84458
C 1.4318 -11.38258 2.84651
C 0.70901 -11.754 1.56732
O 1.07571 -12.60188 0.76657
O -2.54043 -4.32388 1.13698
O -0.55604 -11.26368 1.44499
O 0.82077 -9.28119 0.93149
C -1.41415 -11.56439 0.40769
C 3.61567 -10.45754 2.7663
C 4.09955 -10.85951 4.15779
C 3.33082 -12.14857 4.35979
C 2.6735 -12.29263 2.98106
O 3.58745 -11.69189 2.09739
H 1.9769 -9.46008 3.79405
H 0.72753 -11.52953 3.69488
H 4.28925 -9.68506 2.3356
H 5.18267 -11.10184 4.06374
H 3.9647 -10.09727 4.95511
H 4.06204 -12.96705 4.54237
H 2.56946 -12.12689 5.16942
H 2.43653 -13.3616 2.78363
O -0.41423 -5.13384 3.21197
C -2.38939 -3.08032 0.56029
C -3.83011 -6.20387 4.12681
C -4.42972 -7.59786 4.31878
C -3.17941 -8.45207 4.2854
C -2.10642 -7.36968 4.14074
O -2.63207 -6.28062 4.86112
H -4.11042 -6.47738 1.97325
H -2.09569 -7.6696 1.9587
H -1.90368 -2.3844 1.27735
H -4.55891 -5.4324 4.45764
H -4.85931 -7.64351 5.34511
H -5.21289 -7.8703 3.57896
H -3.07165 -8.9569 5.27136
H -3.13786 -9.20559 3.46915
H -1.11892 -7.75396 4.48074
H -3.37772 -2.67619 0.25372
H -1.74613 -3.17279 -0.3387
H -2.37108 -11.02428 0.56016
H -1.61871 -12.65602 0.38335
H -0.97172 -11.24276 -0.55933
H 1.70139 -7.48457 -0.26789
H 3.04449 -6.51711 0.35936
H 1.6098 -5.48784 2.1111
H 1.09669 -5.15412 0.42035
$end

$opt
CONSTRAINT
tors           1           2           3           4    -145.251
tors           3           4           5           6    -116.367
tors           4           5           6           7    -170.781
tors           5           6           7           8    +139.171
tors           6           7           8           9     -75.951
tors           7           8           9          10     +98.259
tors           8           9          10          11    +179.743
tors           9          10          11          12    -175.694
tors          11          12          13          14    +107.794
ENDCONSTRAINT
$end

$rem
JOBTYPE                   OPT
METHOD                    B3LYP
DFT_D                     d3_op
BASIS                     STO-3G
GEOM_OPT_MAX_CYCLES       100
GEOM_OPT_TOL_GRADIENT     300
GEOM_OPT_TOL_DISPLACEMENT 1200
GEOM_OPT_TOL_ENERGY       100
SYMMETRY                  False
THRESH                    12
SCF_CONVERGENCE           8
MAX_SUB_FILE_NUM          128
MEM_STATIC                400
MEM_TOTAL                 4000
$end
