$molecule
0  1
O -3.94934 -3.66094 2.70899
C -3.26408 -4.56952 2.26188
C -3.36658 -6.02376 2.66595
C -2.07365 -6.85507 2.63264
C -0.7911 -6.09714 2.37055
O -0.29288 -6.43784 1.14535
C 0.95403 -5.80086 0.84752
C 1.88226 -6.77338 0.12729
O 2.40491 -7.73263 1.05978
C 1.70189 -8.88765 1.16379
C 2.30095 -9.85356 2.15818
C 1.62596 -11.232 2.20895
C 0.7143 -11.56461 1.04493
O 0.97798 -12.33976 0.13709
O -2.54886 -4.3223 1.13181
O -0.56667 -11.11494 1.15448
O 0.67519 -9.05975 0.52493
C -1.57003 -11.385 0.24737
C 3.7532 -10.25484 1.82272
C 4.46192 -10.70674 3.09774
C 3.75637 -12.02079 3.35903
C 2.88735 -12.11808 2.09857
O 3.63693 -11.45824 1.10909
H 2.28957 -9.33835 3.14532
H 1.07179 -11.43682 3.15139
H 4.33756 -9.44947 1.327
H 5.51929 -10.91959 2.81951
H 4.4458 -9.98395 3.94166
H 4.52016 -12.82952 3.38225
H 3.13571 -12.05289 4.28063
H 2.63777 -13.18228 1.89078
O -0.37385 -5.19068 3.08372
C -2.39945 -3.07821 0.5558
C -3.74825 -6.19631 4.1525
C -4.36472 -7.57761 4.37828
C -3.13758 -8.45816 4.26588
C -2.05129 -7.39698 4.06967
O -2.51387 -6.30033 4.82033
H -4.16247 -6.46419 2.02456
H -2.1557 -7.67828 1.88514
H -1.90701 -2.38448 1.27037
H -4.44101 -5.41088 4.52537
H -4.7288 -7.61468 5.43005
H -5.1996 -7.83353 3.69101
H -2.98735 -8.97843 5.2381
H -3.15767 -9.20071 3.43881
H -1.05471 -7.80258 4.35354
H -3.38904 -2.67153 0.25686
H -1.76263 -3.17088 -0.34776
H -2.50493 -10.89071 0.58262
H -1.74592 -12.4801 0.18492
H -1.29579 -10.99015 -0.75423
H 1.41599 -7.22139 -0.77962
H 2.75008 -6.1852 -0.24018
H 1.49709 -5.36582 1.71778
H 0.73554 -4.97747 0.13361
$end

$opt
CONSTRAINT
tors           1           2           3           4    -148.205
tors           3           4           5           6    -111.577
tors           4           5           6           7    -177.560
tors           5           6           7           8    +140.831
tors           6           7           8           9     -74.711
tors           7           8           9          10     +93.029
tors           8           9          10          11    +179.993
tors           9          10          11          12    -174.046
tors          11          12          13          14    +105.584
ENDCONSTRAINT
$end

$rem
JOBTYPE                   OPT
METHOD                    B3LYP
DFT_D                     d3_op
BASIS                     STO-3G
GEOM_OPT_MAX_CYCLES       100
GEOM_OPT_TOL_GRADIENT     300
GEOM_OPT_TOL_DISPLACEMENT 1200
GEOM_OPT_TOL_ENERGY       100
SYMMETRY                  False
THRESH                    12
SCF_CONVERGENCE           8
MAX_SUB_FILE_NUM          128
MEM_STATIC                400
MEM_TOTAL                 4000
$end
