$molecule
0  1
O -3.94934 -3.66094 2.70899
C -3.26408 -4.56952 2.26188
C -3.36658 -6.02376 2.66595
C -2.1637 -6.92746 2.34928
C -0.92277 -6.23941 1.8251
O 0.19181 -6.83364 2.34475
C 1.23196 -5.90181 2.65941
C 1.44797 -4.94192 1.49404
O 1.52973 -5.67727 0.263
C 0.84609 -6.8482 0.23672
C 1.6356 -8.00335 0.805
C 0.90381 -9.35342 0.79761
C -0.33043 -9.43123 -0.07836
O -0.86764 -8.48281 -0.63195
O -3.04684 -4.39846 0.9287
O -0.90803 -10.65719 -0.1873
O 0.56019 -6.912 -0.94792
C -2.05004 -10.9161 -0.91566
C 2.85887 -8.36445 -0.09113
C 3.9284 -9.09918 0.72049
C 3.21569 -10.40751 0.99504
C 1.97261 -10.22955 0.11217
O 2.40193 -9.39295 -0.93271
H 2.09264 -7.92992 1.7888
H 0.61157 -9.70118 1.81341
H 3.31205 -7.487 -0.6024
H 4.7741 -9.29136 0.02108
H 4.3182 -8.57524 1.61968
H 3.86372 -11.23891 0.63982
H 2.92042 -10.57419 2.05384
H 1.57795 -11.22266 -0.19618
O -0.99054 -5.42571 0.92007
C -3.025 -3.19961 0.23286
C -3.44761 -6.19588 4.19866
C -4.1621 -7.50232 4.53105
C -3.1171 -8.50744 4.1018
C -1.95737 -7.56758 3.74588
O -2.12794 -6.46727 4.60217
H -4.31227 -6.40198 2.21498
H -2.43646 -7.67735 1.57466
H -3.16358 -2.3164 0.89263
H -3.95027 -5.35054 4.71749
H -4.25844 -7.54157 5.6401
H -5.16592 -7.63585 4.07347
H -2.86439 -9.14398 4.97884
H -3.39817 -9.14604 3.23625
H -1.00651 -8.13056 3.85554
H -3.82495 -3.20745 -0.53524
H -2.04405 -3.09464 -0.2752
H -2.29776 -11.99414 -0.83279
H -1.88512 -10.66791 -1.986
H -2.90037 -10.32145 -0.51828
H 0.72427 -4.10432 1.41649
H 2.41088 -4.41861 1.67263
H 2.16838 -6.37942 3.00695
H 0.93094 -5.28706 3.53608
$end

$opt
CONSTRAINT
tors           1           2           3           4    -161.053
tors           3           4           5           6    +142.105
tors           4           5           6           7    -142.105
tors           5           6           7           8     -47.368
tors           6           7           8           9     -47.368
tors           7           8           9          10     +28.421
tors           8           9          10          11     -85.263
tors           9          10          11          12    -180.000
tors          11          12          13          14      -9.474
ENDCONSTRAINT
$end

$rem
JOBTYPE                   OPT
METHOD                    B3LYP
DFT_D                     d3_op
BASIS                     STO-3G
GEOM_OPT_MAX_CYCLES       100
GEOM_OPT_TOL_GRADIENT     300
GEOM_OPT_TOL_DISPLACEMENT 1200
GEOM_OPT_TOL_ENERGY       100
SYMMETRY                  False
THRESH                    12
SCF_CONVERGENCE           8
MAX_SUB_FILE_NUM          128
MEM_STATIC                400
MEM_TOTAL                 4000
$end
