$molecule
0  1
O -3.94934 -3.66094 2.70899
C -3.26408 -4.56952 2.26188
C -3.36658 -6.02376 2.66595
C -2.05424 -6.81773 2.77194
C -0.77335 -6.02476 2.63554
O -0.85413 -5.1953 1.55346
C -2.19442 -4.7942 1.25019
C -3.18537 -5.59738 2.08629
O -3.81352 -6.59973 1.27167
C -4.89889 -6.18615 0.57162
C -4.55983 -5.17182 -0.4946
C -4.93665 -3.72286 -0.15283
C -5.25476 -3.44873 1.30331
O -6.34508 -3.60808 1.83281
O -2.87183 -3.26527 0.37072
O -4.93035 -2.09978 1.41875
O -5.91887 -6.87365 0.58404
C -5.30332 -1.21228 2.41932
C -3.7768 -5.05804 -1.85109
C -4.71437 -4.92629 -3.06353
C -5.33709 -3.55212 -2.76646
C -4.48198 -3.07815 -1.55225
O -3.26699 -3.74186 -1.85447
H -5.50145 -5.48152 -0.99425
H -6.02312 -3.61428 -0.38964
H -3.00831 -5.85069 -1.9707
H -4.06261 -4.84625 -3.96336
H -5.44086 -5.75304 -3.22134
H -5.16896 -2.90809 -3.65766
H -6.42355 -3.56916 -2.53431
H -4.46491 -1.9708 -1.52782
O 0.31549 -6.41552 3.02966
C -2.39864 -1.95057 0.45817
C -3.66408 -6.3262 4.44596
C -4.16358 -7.73309 4.98801
C -3.02936 -8.57326 4.46002
C -1.98849 -7.47161 4.21393
O -2.39783 -6.43982 5.0513
H -4.44087 -6.83198 3.09098
H -1.94192 -7.68939 2.06336
H -2.25113 -1.67264 1.52224
H -4.30016 -5.52817 4.89635
H -4.13674 -7.6839 6.10279
H -5.16973 -8.10103 4.68682
H -2.74901 -9.30058 5.25298
H -3.2392 -9.10013 3.50384
H -0.9853 -7.8924 4.44419
H -3.09378 -1.22496 -0.00151
H -1.42498 -1.88122 -0.06842
H -4.3887 -0.78106 2.87649
H -5.89231 -1.70085 3.22483
H -5.90272 -0.39127 1.97612
H -2.12475 -4.90267 3.7186
H -5.1026 -5.28286 2.42655
H -2.17195 -5.24478 0.1969
H -1.40428 -3.86933 1.55798
$end

$opt
CONSTRAINT
tors           1           2           3           4    -142.105
tors           3           4           5           6     -47.368
tors           4           5           6           7     +28.421
tors           5           6           7           8      -9.474
tors           6           7           8           9    -104.211
tors           7           8           9          10     -85.263
tors           8           9          10          11     +66.316
tors           9          10          11          12    -104.211
tors          11          12          13          14     -85.263
ENDCONSTRAINT
$end

$rem
JOBTYPE                   OPT
METHOD                    B3LYP
DFT_D                     d3_op
BASIS                     STO-3G
GEOM_OPT_MAX_CYCLES       100
GEOM_OPT_TOL_GRADIENT     300
GEOM_OPT_TOL_DISPLACEMENT 1200
GEOM_OPT_TOL_ENERGY       100
SYMMETRY                  False
THRESH                    12
SCF_CONVERGENCE           8
MAX_SUB_FILE_NUM          128
MEM_STATIC                400
MEM_TOTAL                 4000
$end
