$molecule
0  1
O -3.94934 -3.66094 2.70899
C -3.26408 -4.56952 2.26188
C -3.36658 -6.02376 2.66595
C -2.09215 -6.69516 3.20345
C -0.90361 -5.79095 3.44399
O -0.99394 -5.22589 4.68414
C -2.34351 -5.07343 5.13655
C -2.67115 -6.13602 6.18044
O -4.09506 -6.2751 6.307
C -4.51297 -7.19593 7.21064
C -5.73399 -7.95759 6.7528
C -5.4605 -9.38979 6.27083
C -4.10881 -9.96536 6.64279
O -3.03006 -9.56549 6.2293
O -2.30289 -4.25895 1.34721
O -4.09306 -11.01519 7.51058
O -3.84122 -7.54033 8.1757
C -2.95014 -11.64463 7.95804
C -6.78529 -8.203 7.84923
C -8.15822 -8.37823 7.20457
C -7.97685 -9.71694 6.51658
C -6.5893 -10.11204 7.04248
O -6.51653 -9.50452 8.31079
H -6.20382 -7.36292 5.93457
H -5.56511 -9.50359 5.1706
H -6.81404 -7.40284 8.62069
H -8.88716 -8.5005 8.03788
H -8.49604 -7.55007 6.54507
H -8.76392 -10.40974 6.88843
H -7.9875 -9.68516 5.40539
H -6.48222 -11.21854 7.02017
O 0.13147 -5.77272 2.79107
C -2.05596 -2.98607 0.87778
C -4.48109 -6.9467 3.20805
C -4.63141 -8.19824 2.33024
C -3.30343 -8.90769 2.62805
C -2.7141 -8.00145 3.74216
O -3.90379 -7.55777 4.33143
H -3.43928 -6.30698 1.58865
H -1.61747 -7.1334 2.29535
H -1.76476 -2.3189 1.71702
H -5.44086 -6.41707 3.38463
H -5.46345 -8.79881 2.76279
H -4.84608 -8.02428 1.25379
H -3.5402 -9.91684 3.03257
H -2.62235 -9.01909 1.75744
H -1.97746 -8.56762 4.34428
H -2.95946 -2.58292 0.37229
H -1.22354 -3.02381 0.14563
H -3.23333 -12.46147 8.65299
H -2.30317 -10.92189 8.49979
H -2.39263 -12.08015 7.10144
H -2.19146 -7.10169 5.96752
H -2.21142 -5.83117 7.1484
H -3.17731 -4.73167 4.57109
H -2.34188 -4.12555 5.71669
$end

$opt
CONSTRAINT
tors           1           2           3           4    -123.158
tors           3           4           5           6     +85.263
tors           4           5           6           7     -28.421
tors           5           6           7           8    +104.211
tors           6           7           8           9    -161.053
tors           7           8           9          10    -180.000
tors           8           9          10          11    -142.105
tors           9          10          11          12    +104.211
tors          11          12          13          14     -66.316
ENDCONSTRAINT
$end

$rem
JOBTYPE                   OPT
METHOD                    B3LYP
DFT_D                     d3_op
BASIS                     STO-3G
GEOM_OPT_MAX_CYCLES       100
GEOM_OPT_TOL_GRADIENT     300
GEOM_OPT_TOL_DISPLACEMENT 1200
GEOM_OPT_TOL_ENERGY       100
SYMMETRY                  False
THRESH                    12
SCF_CONVERGENCE           8
MAX_SUB_FILE_NUM          128
MEM_STATIC                400
MEM_TOTAL                 4000
$end
