$molecule
0  1
O -3.94934 -3.66094 2.70899
C -3.26408 -4.56952 2.26188
C -3.36658 -6.02376 2.66595
C -2.27333 -6.57303 3.59705
C -1.29943 -5.56331 4.16282
O -1.59959 -5.31185 5.47129
C -2.25061 -4.05214 5.66766
C -3.75356 -4.19813 5.45331
O -4.26888 -3.03273 4.7906
C -4.17994 -3.04425 3.43742
C -3.41821 -1.86174 2.88777
C -2.08504 -1.5671 3.59069
C -1.54429 -2.67439 4.47285
O -0.36572 -2.97895 4.5858
O -2.43323 -4.29229 1.21689
O -1.6712 -1.91038 5.70979
O -5.51356 -2.58784 3.19725
C -0.69138 -1.46842 6.6005
C -2.97499 -1.61948 1.40095
C -2.83005 -0.12144 1.10669
C -1.53403 0.18481 1.8358
C -1.18341 -1.20163 2.39102
O -1.62791 -2.04098 1.36826
H -4.05094 -0.96523 3.1252
H -2.21354 -0.59551 4.14343
H -3.66847 -2.08109 0.66482
H -2.65493 0.00449 0.0143
H -3.70552 0.49249 1.40825
H -0.76739 0.47062 1.0806
H -1.59699 0.97843 2.61077
H -0.10072 -1.25436 2.63671
O -0.13872 -5.52408 3.78004
C -1.60247 -5.13562 0.50094
C -4.61807 -6.74517 3.28753
C -4.66197 -8.2088 2.82023
C -3.49708 -8.79491 3.61666
C -3.08719 -7.57612 4.46414
O -4.33051 -6.96225 4.6565
H -3.3349 -6.52742 1.68184
H -1.58792 -7.20075 2.98184
H -0.86377 -5.61802 1.17268
H -5.57219 -6.22475 3.05734
H -5.6089 -8.64834 3.20841
H -4.62029 -8.37566 1.72226
H -3.89418 -9.60383 4.26944
H -2.65858 -9.19461 3.00658
H -2.53512 -7.88857 5.37596
H -1.05049 -4.5345 -0.25061
H -2.18889 -5.89859 -0.05264
H -1.17852 -0.91397 7.42825
H -0.12541 -2.32222 7.02987
H 0.01132 -0.78598 6.07775
H -3.88338 -4.94381 4.77685
H -4.38008 -4.51828 6.31998
H -1.86844 -3.78208 6.68838
H -2.42033 -3.96806 6.76785
$end

$opt
CONSTRAINT
tors           1           2           3           4    -104.211
tors           3           4           5           6    +104.211
tors           4           5           6           7    -104.211
tors           5           6           7           8     +85.263
tors           6           7           8           9    -142.105
tors           7           8           9          10     +85.263
tors           8           9          10          11    -123.158
tors           9          10          11          12     +47.368
tors          11          12          13          14    +142.105
ENDCONSTRAINT
$end

$rem
JOBTYPE                   OPT
METHOD                    B3LYP
DFT_D                     d3_op
BASIS                     STO-3G
GEOM_OPT_MAX_CYCLES       100
GEOM_OPT_TOL_GRADIENT     300
GEOM_OPT_TOL_DISPLACEMENT 1200
GEOM_OPT_TOL_ENERGY       100
SYMMETRY                  False
THRESH                    12
SCF_CONVERGENCE           8
MAX_SUB_FILE_NUM          128
MEM_STATIC                400
MEM_TOTAL                 4000
$end
