$molecule
0  1
O -3.94934 -3.66094 2.70899
C -3.26408 -4.56952 2.26188
C -3.36658 -6.02376 2.66595
C -2.57813 -6.46456 3.91009
C -1.91791 -5.36653 4.71416
O -1.62819 -5.82061 5.96927
C -0.37412 -6.50686 6.0443
C -0.5781 -7.91642 6.58987
O 0.2301 -8.10949 7.76137
C 0.78825 -9.33889 7.8886
C 2.29278 -9.29225 8.01053
C 3.05337 -10.10817 6.95504
C 2.24582 -10.54477 5.74924
O 1.13969 -11.06399 5.78719
O -2.40013 -4.29667 1.24888
O 2.74068 -10.22225 4.52241
O 0.11699 -10.35089 8.03093
C 2.10326 -10.48307 3.32716
C 2.97912 -7.91313 7.82842
C 4.31116 -7.90442 8.57585
C 5.12343 -8.85183 7.7189
C 4.14207 -9.08865 6.56428
O 3.40253 -7.89397 6.48602
H 2.51378 -9.65334 9.04063
H 3.45175 -11.04632 7.39978
H 2.37053 -7.0464 8.16363
H 4.73124 -6.87848 8.46563
H 4.26597 -8.16242 9.65575
H 6.03498 -8.31615 7.37241
H 5.40497 -9.8103 8.20664
H 4.7057 -9.38093 5.65215
O -1.82195 -4.18459 4.4268
C -2.19465 -3.03964 0.72007
C -4.80413 -6.40176 3.05803
C -5.00726 -7.90973 2.92235
C -4.20806 -8.4048 4.1061
C -3.76045 -7.07284 4.7165
O -4.83134 -6.20311 4.44634
H -3.06705 -6.6192 1.77344
H -1.80738 -7.23682 3.69347
H -1.81834 -2.35104 1.50663
H -5.57471 -5.85766 2.46839
H -6.08431 -8.12421 3.10669
H -4.70998 -8.33067 1.93775
H -4.9033 -8.92417 4.80324
H -3.3517 -9.07007 3.86221
H -3.54315 -7.23242 5.79226
H -3.14153 -2.64335 0.29492
H -1.43916 -3.10458 -0.08955
H 2.73276 -10.11462 2.49147
H 1.12333 -9.96018 3.2944
H 1.95076 -11.57679 3.2056
H -1.62424 -7.98861 6.95547
H -0.46832 -8.69625 5.80162
H 0.23611 -5.92824 6.77115
H 0.21761 -6.53454 5.09893
$end

$opt
CONSTRAINT
tors           1           2           3           4     -85.263
tors           3           4           5           6    +161.053
tors           4           5           6           7     +85.263
tors           5           6           7           8    -123.158
tors           6           7           8           9    -123.158
tors           7           8           9          10    -142.105
tors           8           9          10          11    +123.158
tors           9          10          11          12    -123.158
tors          11          12          13          14     -47.368
ENDCONSTRAINT
$end

$rem
JOBTYPE                   OPT
METHOD                    B3LYP
DFT_D                     d3_op
BASIS                     STO-3G
GEOM_OPT_MAX_CYCLES       100
GEOM_OPT_TOL_GRADIENT     300
GEOM_OPT_TOL_DISPLACEMENT 1200
GEOM_OPT_TOL_ENERGY       100
SYMMETRY                  False
THRESH                    12
SCF_CONVERGENCE           8
MAX_SUB_FILE_NUM          128
MEM_STATIC                400
MEM_TOTAL                 4000
$end
