$molecule
0  1
O -3.94934 -3.66094 2.70899
C -3.26408 -4.56952 2.26188
C -3.36658 -6.02376 2.66595
C -2.97353 -6.38153 4.10864
C -2.69204 -5.22192 5.03825
O -1.34516 -5.09296 5.22456
C -0.64647 -4.70859 4.03572
C 0.13651 -3.42251 4.27877
O 1.5338 -3.7206 4.4258
C 2.3608 -3.07886 3.56359
C 1.81799 -1.74433 3.1108
C 0.54838 -1.8202 2.25022
C -0.18225 -3.14784 2.26602
O -0.99277 -3.52083 1.43027
O -3.08579 -4.53121 0.90418
O 0.85122 -4.05511 1.9854
O 3.48885 -3.47995 3.32123
C 0.87221 -5.29566 1.34312
C 1.47399 -0.54663 4.03879
C 1.70421 0.76155 3.27245
C 0.55033 0.71475 2.27163
C -0.18675 -0.54769 2.74826
O 0.07022 -0.51473 4.13257
H 2.65545 -1.37495 2.47399
H 0.82917 -1.69861 1.17763
H 2.03756 -0.55952 4.9961
H 1.51742 1.59379 3.98866
H 2.71303 0.89533 2.82716
H -0.07963 1.61871 2.42476
H 0.84976 0.64257 1.20429
H -1.25402 -0.53839 2.43883
O -3.46841 -4.86968 5.91402
C -3.43703 -3.50319 0.03992
C -4.82136 -6.52497 2.62375
C -4.84767 -8.04518 2.47445
C -4.39764 -8.46957 3.85542
C -4.27148 -7.10413 4.54019
O -5.283 -6.33416 3.93758
H -2.74371 -6.61449 1.95461
H -2.12126 -7.09884 4.15844
H -3.85157 -2.61901 0.56703
H -5.42251 -6.04919 1.8177
H -5.90932 -8.35202 2.33784
H -4.23846 -8.4398 1.63296
H -5.2193 -9.0538 4.32685
H -3.452 -9.05234 3.89089
H -4.34357 -7.23201 5.64286
H -4.19524 -3.87812 -0.67673
H -2.54667 -3.17999 -0.53714
H 1.31345 -6.05224 2.02264
H 1.51525 -5.22378 0.44235
H -0.13335 -5.65008 1.03378
H -0.45593 -2.52818 4.49061
H 0.01393 -3.32753 5.37975
H -1.12479 -5.04537 3.12869
H 0.13294 -5.49829 3.98167
$end

$opt
CONSTRAINT
tors           1           2           3           4     -66.316
tors           3           4           5           6    -104.211
tors           4           5           6           7     +66.316
tors           5           6           7           8    +123.158
tors           6           7           8           9    +104.211
tors           7           8           9          10    +123.158
tors           8           9          10          11     +28.421
tors           9          10          11          12     -66.316
tors          11          12          13          14    -161.053
ENDCONSTRAINT
$end

$rem
JOBTYPE                   OPT
METHOD                    B3LYP
DFT_D                     d3_op
BASIS                     STO-3G
GEOM_OPT_MAX_CYCLES       100
GEOM_OPT_TOL_GRADIENT     300
GEOM_OPT_TOL_DISPLACEMENT 1200
GEOM_OPT_TOL_ENERGY       100
SYMMETRY                  False
THRESH                    12
SCF_CONVERGENCE           8
MAX_SUB_FILE_NUM          128
MEM_STATIC                400
MEM_TOTAL                 4000
$end
