$molecule
0  1
O -3.94934 -3.66094 2.70899
C -3.26408 -4.56952 2.26188
C -3.36658 -6.02376 2.66595
C -3.41669 -6.33291 4.1712
C -3.53792 -5.14515 5.09996
O -3.36881 -3.98679 4.39637
C -1.99464 -3.61509 4.24548
C -1.17157 -4.81701 3.79375
O -1.83075 -5.47956 2.70316
C -2.26988 -4.66921 1.70835
C -1.22902 -3.67118 1.2598
C 0.22596 -4.12866 1.43875
C 0.42669 -5.60931 1.69192
O -0.37925 -6.35125 2.23464
O -4.19179 -4.71759 0.89108
O 1.6674 -6.10188 1.4309
O -2.1565 -5.49428 0.61132
C 2.02778 -7.42478 1.58109
C -1.22262 -3.27746 -0.25184
C -0.5466 -1.92239 -0.46231
C 0.89353 -2.29223 -0.19715
C 0.75581 -3.80596 0.01382
O -0.30542 -4.16708 -0.8301
H -1.42572 -2.69895 1.73554
H 0.84521 -3.53927 2.15031
H -2.2327 -3.26072 -0.7047
H -0.65596 -1.6638 -1.53986
H -0.94695 -1.08898 0.1542
H 1.48148 -2.08189 -1.11804
H 1.36258 -1.78711 0.67439
H 1.73064 -4.29057 -0.20996
O -3.63459 -5.1877 6.31765
C -4.81511 -3.69861 0.18424
C -4.90073 -6.58757 2.45437
C -4.99489 -8.12718 2.37357
C -4.67873 -8.49148 3.78861
C -4.7212 -7.09802 4.41281
O -5.60188 -6.35186 3.63924
H -3.02721 -6.94312 2.00988
H -2.57663 -6.97543 4.51599
H -4.55252 -2.69808 0.58381
H -5.48386 -6.28841 1.56308
H -6.06943 -8.36695 2.18926
H -4.3949 -8.65075 1.59837
H -5.48277 -9.15809 4.17235
H -3.68353 -8.96105 3.94699
H -4.98398 -7.18844 5.49148
H -5.91202 -3.8416 0.23333
H -4.49952 -3.7467 -0.87704
H 3.09219 -7.54717 1.29343
H 1.4051 -8.06495 0.91978
H 1.90198 -7.74169 2.63798
H -0.13594 -4.46682 3.74113
H -1.03957 -5.53403 4.62891
H -1.5931 -3.31203 5.23843
H -1.92149 -2.68127 3.67345
$end

$opt
CONSTRAINT
tors           1           2           3           4     -47.368
tors           3           4           5           6      -9.474
tors           4           5           6           7     -85.263
tors           5           6           7           8     +47.368
tors           6           7           8           9     +47.368
tors           7           8           9          10     +47.368
tors           8           9          10          11     +47.368
tors           9          10          11          12     +28.421
tors          11          12          13          14     -28.421
ENDCONSTRAINT
$end

$rem
JOBTYPE                   OPT
METHOD                    B3LYP
DFT_D                     d3_op
BASIS                     STO-3G
GEOM_OPT_MAX_CYCLES       100
GEOM_OPT_TOL_GRADIENT     300
GEOM_OPT_TOL_DISPLACEMENT 1200
GEOM_OPT_TOL_ENERGY       100
SYMMETRY                  False
THRESH                    12
SCF_CONVERGENCE           8
MAX_SUB_FILE_NUM          128
MEM_STATIC                400
MEM_TOTAL                 4000
$end
