$molecule
0  1
O -3.94934 -3.66094 2.70899
C -3.26408 -4.56952 2.26188
C -3.36658 -6.02376 2.66595
C -3.85957 -6.32399 4.09097
C -4.36389 -5.14454 4.89263
O -4.76543 -5.56188 6.12957
C -4.44273 -4.63268 7.16962
C -5.29738 -4.90642 8.40282
O -6.6766 -4.62867 8.1139
C -7.25801 -5.44799 7.20296
C -8.70562 -5.10535 6.94279
C -9.55484 -4.88337 8.20288
C -8.78413 -4.68266 9.49223
O -9.11008 -5.11651 10.58772
O -2.23314 -4.25854 1.4329
O -8.0719 -3.51512 9.56916
O -6.8306 -6.55413 6.89894
C -7.49403 -3.00096 10.71389
C -8.91888 -3.76701 6.20872
C -10.26321 -3.79491 5.48229
C -11.22119 -3.74377 6.65811
C -10.22877 -3.55064 7.8121
O -9.16702 -2.8322 7.22835
H -9.12317 -5.91986 6.30642
H -10.28658 -5.70323 8.37595
H -8.09661 -3.51845 5.50252
H -10.34174 -2.83816 4.91741
H -10.41825 -4.64352 4.78181
H -11.87486 -2.85153 6.53845
H -11.83979 -4.65516 6.80746
H -10.7251 -3.06629 8.68199
O -3.67218 -4.13138 4.8888
C -1.94682 -2.98309 0.99308
C -4.4886 -6.71478 1.85854
C -4.24736 -8.22277 1.81297
C -4.56763 -8.60065 3.24283
C -5.04914 -7.2495 3.78262
O -5.63266 -6.62048 2.67041
H -2.40863 -6.52758 2.40252
H -3.05855 -6.80929 4.69304
H -1.72204 -2.32128 1.8567
H -4.59233 -6.31763 0.82428
H -5.0303 -8.65524 1.14915
H -3.2462 -8.53965 1.44964
H -5.39748 -9.34187 3.23267
H -3.71212 -8.99338 3.8341
H -5.71626 -7.40668 4.65617
H -2.80657 -2.57447 0.42008
H -1.059 -3.01796 0.32896
H -6.97199 -2.05503 10.46303
H -6.75462 -3.72103 11.12447
H -8.27387 -2.78642 11.4753
H -5.1587 -5.94629 8.77386
H -4.97233 -4.21341 9.20744
H -4.68501 -3.57803 6.89387
H -3.36388 -4.72157 7.42686
$end

$opt
CONSTRAINT
tors           1           2           3           4     -28.421
tors           3           4           5           6    -180.000
tors           4           5           6           7    +142.105
tors           5           6           7           8    +161.053
tors           6           7           8           9     -66.316
tors           7           8           9          10     +66.316
tors           8           9          10          11    -180.000
tors           9          10          11          12     -47.368
tors          11          12          13          14    -142.105
ENDCONSTRAINT
$end

$rem
JOBTYPE                   OPT
METHOD                    B3LYP
DFT_D                     d3_op
BASIS                     STO-3G
GEOM_OPT_MAX_CYCLES       100
GEOM_OPT_TOL_GRADIENT     300
GEOM_OPT_TOL_DISPLACEMENT 1200
GEOM_OPT_TOL_ENERGY       100
SYMMETRY                  False
THRESH                    12
SCF_CONVERGENCE           8
MAX_SUB_FILE_NUM          128
MEM_STATIC                400
MEM_TOTAL                 4000
$end
