$molecule
0  1
O -3.94934 -3.66094 2.70899
C -3.26408 -4.56952 2.26188
C -3.36658 -6.02376 2.66595
C -4.55778 -6.42467 3.55148
C -5.60993 -5.36381 3.78738
O -5.37997 -4.29275 2.97168
C -4.37078 -4.54107 1.98724
C -3.99766 -6.01987 1.97842
O -4.91618 -6.76125 2.79668
C -6.00231 -6.07176 3.2257
C -6.13989 -4.72048 2.56556
C -5.18309 -4.47394 1.38997
C -4.49914 -5.70297 0.8257
O -4.76863 -6.85979 1.11505
O -1.93762 -4.24129 1.82051
O -3.91728 -5.49099 -0.45703
O -7.06114 -6.9211 3.26625
C -3.65893 -6.44556 -1.42689
C -7.55093 -4.95918 1.66637
C -8.24844 -3.70184 1.04682
C -7.43665 -3.54507 -0.17457
C -6.34196 -4.61424 0.13359
O -7.14251 -5.66549 0.55143
H -7.23568 -4.03899 3.0632
H -5.59999 -3.27919 0.97495
H -8.39351 -5.47836 2.19685
H -9.29441 -3.92454 0.73533
H -8.25582 -2.80807 1.70848
H -8.02371 -3.91084 -1.05098
H -7.09796 -2.50798 -0.39319
H -5.94395 -4.74987 -0.89758
O -5.86783 -4.92544 5.07233
C -1.32783 -3.01017 1.9761
C -2.23838 -7.16737 3.3709
C -1.68285 -6.96845 4.82847
C -2.88732 -7.34701 5.67136
C -3.88543 -7.71397 4.55052
O -3.02853 -8.3172 3.60157
H -2.55528 -5.47156 3.41974
H -4.10078 -5.84665 4.49094
H -1.25499 -2.76364 3.05622
H -1.36753 -7.33913 2.69835
H -0.89856 -7.74151 4.99518
H -1.23444 -5.97644 5.05462
H -2.64078 -8.25951 6.25891
H -3.26075 -6.55871 6.36046
H -4.6958 -8.3775 4.92217
H -1.88564 -2.20637 1.45453
H -0.30414 -3.05832 1.55227
H -2.57052 -6.46377 -1.64043
H -4.20119 -6.17373 -2.35545
H -3.98451 -7.46085 -1.11729
H -2.8059 -6.84217 1.00561
H -2.8059 -6.84217 1.00561
H -3.70825 -3.3829 0.7401
H -3.70825 -3.3829 0.7401
$end

$opt
CONSTRAINT
tors           1           2           3           4      +9.474
tors           3           4           5           6      +9.474
tors           4           5           6           7      +9.474
tors           5           6           7           8      +9.474
tors           6           7           8           9      +9.474
tors           7           8           9          10      +9.474
tors           8           9          10          11      +9.474
tors           9          10          11          12      +9.474
tors          11          12          13          14      +9.474
ENDCONSTRAINT
$end

$rem
JOBTYPE                   OPT
METHOD                    B3LYP
DFT_D                     d3_op
BASIS                     STO-3G
GEOM_OPT_MAX_CYCLES       100
GEOM_OPT_TOL_GRADIENT     300
GEOM_OPT_TOL_DISPLACEMENT 1200
GEOM_OPT_TOL_ENERGY       100
SYMMETRY                  False
THRESH                    12
SCF_CONVERGENCE           8
MAX_SUB_FILE_NUM          128
MEM_STATIC                400
MEM_TOTAL                 4000
$end
