$molecule
0  1
O -3.94934 -3.66094 2.70899
C -3.26408 -4.56952 2.26188
C -3.36658 -6.02376 2.66595
C -4.66266 -6.76517 2.29943
C -5.63801 -6.02118 1.41441
O -4.96327 -5.13945 0.61898
C -4.84041 -5.58378 -0.73628
C -4.83869 -7.10794 -0.79161
O -4.3062 -7.64146 0.43096
C -3.41099 -6.84948 1.07169
C -2.64721 -5.94597 0.1331
C -2.84978 -6.2436 -1.35977
C -4.02754 -7.13372 -1.70222
O -5.16281 -7.00579 -1.26707
O -1.91707 -4.28609 2.27668
O -3.80427 -7.93311 -2.83248
O -2.51518 -7.71941 1.36628
C -4.75692 -8.73932 -3.42026
C -2.31947 -4.34091 -0.30326
C -0.83219 -4.17001 -0.6622
C -0.80349 -4.89191 -2.00092
C -2.31414 -5.09968 -2.22454
O -2.85676 -4.02521 -1.56787
H -1.56844 -6.16727 0.35395
H -2.0904 -7.04533 -1.53354
H -2.61773 -3.49611 0.32353
H -0.677 -3.08254 -0.85657
H -0.07576 -4.49266 0.08465
H -0.35619 -4.21221 -2.75929
H -0.25725 -5.85962 -2.00133
H -2.57951 -5.22486 -3.29586
O -6.86503 -6.11608 1.42395
C -1.34481 -3.07965 2.64364
C -2.97506 -7.02509 3.90777
C -3.84624 -6.96538 5.21642
C -5.12952 -7.65366 4.74829
C -4.73664 -7.99977 3.2935
O -3.37736 -8.31162 3.47798
H -3.4303 -5.46886 3.60703
H -5.28205 -6.16242 2.99964
H -1.58501 -2.85353 3.7041
H -1.88899 -6.95248 4.15071
H -3.36097 -7.62139 5.97433
H -3.98212 -5.95633 5.66293
H -5.25651 -8.59502 5.32811
H -6.05774 -7.04837 4.83466
H -5.34452 -8.82354 2.8636
H -1.71068 -2.25295 1.99949
H -0.24336 -3.1542 2.53721
H -4.30927 -9.2525 -4.29574
H -5.61773 -8.1267 -3.76198
H -5.10606 -9.50729 -2.69798
H -5.98106 -7.78116 0.11502
H -4.93253 -8.59867 -0.39717
H -4.82962 -4.80867 -1.56001
H -5.9054 -5.14982 -0.99423
$end

$opt
CONSTRAINT
tors           1           2           3           4     +66.316
tors           3           4           5           6     +28.421
tors           4           5           6           7    +104.211
tors           5           6           7           8     -28.421
tors           6           7           8           9     -28.421
tors           7           8           9          10     -28.421
tors           8           9          10          11     -28.421
tors           9          10          11          12      -9.474
tors          11          12          13          14     +47.368
ENDCONSTRAINT
$end

$rem
JOBTYPE                   OPT
METHOD                    B3LYP
DFT_D                     d3_op
BASIS                     STO-3G
GEOM_OPT_MAX_CYCLES       100
GEOM_OPT_TOL_GRADIENT     300
GEOM_OPT_TOL_DISPLACEMENT 1200
GEOM_OPT_TOL_ENERGY       100
SYMMETRY                  False
THRESH                    12
SCF_CONVERGENCE           8
MAX_SUB_FILE_NUM          128
MEM_STATIC                400
MEM_TOTAL                 4000
$end
