$molecule
0  1
O -3.94934 -3.66094 2.70899
C -3.26408 -4.56952 2.26188
C -3.36658 -6.02376 2.66595
C -4.41631 -6.88207 1.94122
C -5.12384 -6.23632 0.77054
O -4.95227 -6.99578 -0.35161
C -3.59363 -7.3968 -0.55787
C -2.96297 -6.56465 -1.6696
O -3.26183 -7.14833 -2.94744
C -2.24148 -7.82253 -3.53352
C -0.92343 -7.62979 -2.822
C -0.67979 -8.58142 -1.64161
C -1.5919 -9.78944 -1.5676
O -1.55244 -10.65564 -0.70579
O -2.43055 -4.31422 1.22091
O -2.50986 -10.04489 -2.53854
O -2.36475 -8.3346 -4.63689
C -3.38012 -11.11723 -2.56869
C 0.28229 -8.0935 -3.70952
C 1.57365 -7.39995 -3.26242
C 1.7869 -8.05481 -1.91557
C 0.707 -9.14146 -1.97654
O 0.55463 -9.42207 -3.34321
H -0.65182 -6.55547 -2.75628
H -0.74372 -8.05558 -0.66538
H 0.13512 -7.91512 -4.79746
H 2.36948 -7.75048 -3.95937
H 1.57703 -6.2888 -3.25259
H 2.81439 -8.48006 -1.89066
H 1.61979 -7.39504 -1.03625
H 0.98287 -10.00535 -1.33139
O -5.91422 -5.30823 0.84273
C -2.2539 -3.07142 0.65137
C -2.20288 -7.00212 2.93986
C -2.54236 -7.87128 4.1545
C -3.66633 -8.73049 3.57987
C -3.66802 -8.26611 2.108
O -2.29605 -7.96748 1.92376
H -3.80649 -5.84213 3.67564
H -5.31068 -7.01162 2.5932
H -1.86617 -2.35565 1.40744
H -1.22132 -6.49469 3.05243
H -1.65916 -8.52134 4.3493
H -2.79524 -7.32239 5.08718
H -3.3524 -9.79586 3.64913
H -4.65676 -8.60643 4.06766
H -4.10829 -9.06655 1.47683
H -3.2162 -2.69971 0.23897
H -1.51895 -3.15254 -0.17559
H -4.0059 -11.0506 -3.48206
H -4.04411 -11.09483 -1.67821
H -2.81212 -12.07156 -2.59311
H -3.4806 -5.57975 -1.65589
H -1.98684 -6.11151 -1.41735
H -3.48231 -8.48642 -0.64623
H -2.91471 -6.96715 0.16293
$end

$opt
CONSTRAINT
tors           1           2           3           4     +85.263
tors           3           4           5           6    +123.158
tors           4           5           6           7     -47.368
tors           5           6           7           8    -104.211
tors           6           7           8           9     -85.263
tors           7           8           9          10    -104.211
tors           8           9          10          11      -9.474
tors           9          10          11          12     +85.263
tors          11          12          13          14    -180.000
ENDCONSTRAINT
$end

$rem
JOBTYPE                   OPT
METHOD                    B3LYP
DFT_D                     d3_op
BASIS                     STO-3G
GEOM_OPT_MAX_CYCLES       100
GEOM_OPT_TOL_GRADIENT     300
GEOM_OPT_TOL_DISPLACEMENT 1200
GEOM_OPT_TOL_ENERGY       100
SYMMETRY                  False
THRESH                    12
SCF_CONVERGENCE           8
MAX_SUB_FILE_NUM          128
MEM_STATIC                400
MEM_TOTAL                 4000
$end
