$molecule
0  1
O -3.94934 -3.66094 2.70899
C -3.26408 -4.56952 2.26188
C -3.36658 -6.02376 2.66595
C -4.06137 -6.97914 1.68189
C -4.41791 -6.40938 0.32677
O -5.62324 -6.90466 -0.08227
C -5.59537 -8.3125 -0.34005
C -6.89833 -8.95721 0.12121
O -7.29016 -9.98437 -0.80307
C -8.18055 -10.88927 -0.3261
C -7.54637 -12.21809 0.00963
C -8.10352 -12.90208 1.26661
C -9.41884 -12.35807 1.78691
O -10.49377 -12.42983 1.20905
O -2.35767 -4.27116 1.29232
O -9.38725 -11.83164 3.03939
O -9.3781 -10.73478 -0.50823
C -10.48691 -11.31921 3.69527
C -7.82562 -13.32095 -1.03584
C -6.72781 -14.38173 -0.9621
C -7.04792 -15.02809 0.37261
C -8.36119 -14.31281 0.71505
O -8.93538 -14.0293 -0.53861
H -6.44222 -12.07112 0.06203
H -7.36573 -12.86519 2.09917
H -7.91777 -12.93017 -2.07279
H -6.94126 -15.11553 -1.77254
H -5.68487 -14.01441 -1.07242
H -7.2103 -16.11587 0.20551
H -6.28948 -14.87085 1.17003
H -8.97834 -14.92601 1.4086
O -3.68074 -5.77962 -0.41506
C -2.13783 -3.00476 0.79215
C -1.99523 -6.65598 2.88428
C -2.12563 -7.92462 3.73061
C -2.70332 -8.87705 2.70819
C -2.83513 -7.94623 1.5024
O -1.69124 -7.13256 1.60759
H -3.94655 -6.00987 3.61653
H -4.91995 -7.53069 2.13004
H -1.8011 -2.32577 1.60449
H -1.26474 -5.95037 3.33781
H -1.11355 -8.28538 4.02101
H -2.74574 -7.77258 4.64047
H -1.92677 -9.6387 2.46855
H -3.64546 -9.38891 2.99995
H -2.8303 -8.55506 0.58103
H -3.06796 -2.60863 0.33144
H -1.34718 -3.05304 0.01565
H -10.17695 -10.95689 4.69685
H -11.25852 -12.1083 3.8234
H -10.9115 -10.46753 3.12185
H -6.7894 -9.31641 1.16969
H -7.71088 -8.1976 0.09624
H -4.72882 -8.91934 -0.05683
H -5.62175 -8.36396 -1.45055
$end

$opt
CONSTRAINT
tors           1           2           3           4    +104.211
tors           3           4           5           6    -142.105
tors           4           5           6           7     -66.316
tors           5           6           7           8    +142.105
tors           6           7           8           9    +142.105
tors           7           8           9          10    +161.053
tors           8           9          10          11    -104.211
tors           9          10          11          12    +142.105
tors          11          12          13          14     +66.316
ENDCONSTRAINT
$end

$rem
JOBTYPE                   OPT
METHOD                    B3LYP
DFT_D                     d3_op
BASIS                     STO-3G
GEOM_OPT_MAX_CYCLES       100
GEOM_OPT_TOL_GRADIENT     300
GEOM_OPT_TOL_DISPLACEMENT 1200
GEOM_OPT_TOL_ENERGY       100
SYMMETRY                  False
THRESH                    12
SCF_CONVERGENCE           8
MAX_SUB_FILE_NUM          128
MEM_STATIC                400
MEM_TOTAL                 4000
$end
