$molecule
0  1
O -3.94934 -3.66094 2.70899
C -3.26408 -4.56952 2.26188
C -3.36658 -6.02376 2.66595
C -3.63629 -7.04588 1.54953
C -3.59671 -6.52161 0.1312
O -4.81385 -6.00126 -0.20528
C -4.74548 -4.63408 -0.62409
C -4.32776 -3.74679 0.54397
O -3.83604 -2.49001 0.05247
C -2.68198 -2.55261 -0.65702
C -2.65802 -1.59794 -1.82692
C -4.03491 -1.26828 -2.42171
C -5.22996 -1.6378 -1.56612
O -6.14832 -2.36835 -1.90886
O -1.97239 -4.23542 1.94778
O -5.47399 -0.82505 -0.4897
O -1.801 -3.4026 -0.56259
C -6.62919 -0.83745 0.26568
C -2.17521 -0.17499 -1.466
C -1.60721 0.49715 -2.716
C -2.87426 0.70501 -3.52537
C -3.92752 0.26606 -2.49942
O -3.3446 0.5767 -1.25623
H -1.94192 -2.00712 -2.57689
H -4.17596 -1.76053 -3.40921
H -1.42821 -0.15929 -0.64245
H -1.22393 1.49197 -2.39296
H -0.79453 -0.04873 -3.24172
H -2.96365 1.78766 -3.76471
H -2.94938 0.09809 -4.45372
H -4.91124 0.74056 -2.71076
O -2.68235 -6.66672 -0.66962
C -1.35804 -3.04888 2.30958
C -2.05868 -6.5893 3.26296
C -2.35097 -7.82508 4.11469
C -2.64544 -8.84249 3.03632
C -2.43267 -7.98946 1.78321
O -1.38971 -7.12058 2.14873
H -4.15606 -6.06482 3.44972
H -4.57863 -7.62587 1.67363
H -1.30827 -2.97492 3.41663
H -1.49753 -5.8426 3.86687
H -1.41056 -8.12095 4.63225
H -3.1573 -7.67916 4.86535
H -1.86304 -9.6333 3.07731
H -3.65312 -9.30898 3.08167
H -2.23241 -8.65252 0.91255
H -1.91148 -2.1722 1.91576
H -0.32473 -3.03593 1.90672
H -6.54295 -0.08188 1.07304
H -6.78261 -1.83552 0.72468
H -7.50313 -0.58222 -0.3706
H -5.32614 -3.6738 1.05797
H -3.51734 -4.35124 0.23811
H -5.77748 -4.37828 -0.92237
H -4.16913 -4.56557 -1.60048
$end

$opt
CONSTRAINT
tors           1           2           3           4    +123.158
tors           3           4           5           6     -85.263
tors           4           5           6           7    +123.158
tors           5           6           7           8     -66.316
tors           6           7           8           9    +161.053
tors           7           8           9          10     -66.316
tors           8           9          10          11    +142.105
tors           9          10          11          12     -28.421
tors          11          12          13          14    -123.158
ENDCONSTRAINT
$end

$rem
JOBTYPE                   OPT
METHOD                    B3LYP
DFT_D                     d3_op
BASIS                     STO-3G
GEOM_OPT_MAX_CYCLES       100
GEOM_OPT_TOL_GRADIENT     300
GEOM_OPT_TOL_DISPLACEMENT 1200
GEOM_OPT_TOL_ENERGY       100
SYMMETRY                  False
THRESH                    12
SCF_CONVERGENCE           8
MAX_SUB_FILE_NUM          128
MEM_STATIC                400
MEM_TOTAL                 4000
$end
