$molecule
0  1
O -3.94934 -3.66094 2.70899
C -3.26408 -4.56952 2.26188
C -3.36658 -6.02376 2.66595
C -2.40867 -7.01244 1.98128
C -1.33566 -6.41165 1.10049
O -1.42809 -6.92744 -0.1608
C -0.76348 -6.12907 -1.14577
C 0.74217 -6.14029 -0.90285
O 1.264 -7.45978 -1.12536
C 0.33514 -8.43335 -1.29427
C 0.18571 -8.86038 -2.7351
C -1.1217 -9.59776 -3.05945
C -2.21803 -9.48773 -2.01894
O -2.37468 -8.54962 -1.25084
O -2.53295 -4.2045 1.17575
O -2.99314 -10.5921 -1.85685
O 0.18854 -9.25846 -0.40354
C -4.0015 -10.70105 -0.92186
C 0.17061 -7.79161 -3.85826
C 0.60625 -8.42317 -5.1825
C -0.61278 -9.26426 -5.50971
C -1.53709 -8.87367 -4.35102
O -1.19425 -7.53947 -4.09956
H 1.06822 -9.51432 -2.91956
H -0.96945 -10.68306 -3.25603
H 0.80818 -6.90921 -3.64312
H 0.67914 -7.60291 -5.93238
H 1.57092 -8.97383 -5.15097
H -1.03593 -8.90867 -6.47555
H -0.43618 -10.3607 -5.5552
H -2.60075 -9.06422 -4.61446
O -0.51151 -5.60229 1.50871
C -2.42652 -2.9205 0.67387
C -2.95093 -6.22452 4.13689
C -3.55867 -7.51811 4.67946
C -2.71112 -8.54987 3.96456
C -1.73592 -7.63687 3.21495
O -1.58017 -6.53415 4.07457
H -4.43408 -6.3113 2.53688
H -2.97264 -7.77674 1.39828
H -1.99543 -2.24485 1.44311
H -3.22953 -5.36862 4.79031
H -3.32774 -7.56508 5.76784
H -4.65556 -7.61733 4.53152
H -2.16353 -9.14555 4.72859
H -3.26379 -9.22894 3.27968
H -0.80686 -8.1911 2.95419
H -3.42455 -2.5469 0.36008
H -1.75596 -2.92458 -0.2088
H -4.47101 -11.70235 -1.0077
H -4.77616 -9.92542 -1.10309
H -3.58793 -10.58557 0.1031
H 1.1872 -5.47458 -1.67216
H 1.13552 -5.75679 0.05049
H -1.12735 -5.08093 -1.08007
H -1.06494 -6.43164 -2.14013
$end

$opt
CONSTRAINT
tors           1           2           3           4    -180.000
tors           3           4           5           6    -123.158
tors           4           5           6           7    +161.053
tors           5           6           7           8     +66.316
tors           6           7           8           9     +66.316
tors           7           8           9          10      -9.474
tors           8           9          10          11    +104.211
tors           9          10          11          12    -161.053
tors          11          12          13          14     +28.421
ENDCONSTRAINT
$end

$rem
JOBTYPE                   OPT
METHOD                    B3LYP
DFT_D                     d3_op
BASIS                     STO-3G
GEOM_OPT_MAX_CYCLES       100
GEOM_OPT_TOL_GRADIENT     300
GEOM_OPT_TOL_DISPLACEMENT 1200
GEOM_OPT_TOL_ENERGY       100
SYMMETRY                  False
THRESH                    12
SCF_CONVERGENCE           8
MAX_SUB_FILE_NUM          128
MEM_STATIC                400
MEM_TOTAL                 4000
$end
