$molecule
0  1
O -3.94934 -3.66094 2.70899
C -3.26408 -4.56952 2.26188
C -3.36658 -6.02376 2.66595
C -2.16257 -6.92683 2.35181
C -0.92098 -6.23818 1.83001
O -0.91045 -6.27249 0.46468
C 0.39849 -6.4597 -0.08384
C 1.39839 -5.54744 0.61909
O 1.85991 -4.53515 -0.28928
C 1.94194 -3.28322 0.22557
C 1.51887 -2.21507 -0.7546
C 0.4475 -2.65111 -1.7647
C -0.28869 -3.934 -1.43464
O -0.90743 -4.62184 -2.23376
O -2.01172 -4.09773 2.02737
O -1.07213 -3.74149 -0.3484
O 2.06837 -3.03919 1.41927
C -2.45681 -3.54004 -0.52428
C 0.86701 -0.93674 -0.18127
C 1.11653 0.22631 -1.14002
C 0.23636 -0.17574 -2.30942
C -0.46418 -1.40697 -1.71855
O -0.51775 -1.13161 -0.33758
H 2.45966 -1.9278 -1.27686
H 0.90842 -2.82244 -2.76277
H 1.21426 -0.67417 0.84104
H 0.6797 1.13227 -0.66113
H 2.17878 0.42898 -1.3955
H -0.48719 0.64732 -2.50134
H 0.77817 -0.43508 -3.2447
H -1.43346 -1.57559 -2.2316
O 0.03327 -6.34473 2.5854
C -1.48722 -2.88964 2.4727
C -3.46044 -6.19533 4.1977
C -4.16913 -7.50646 4.52629
C -3.10934 -8.5051 4.11892
C -1.95941 -7.55612 3.75678
O -2.14183 -6.45473 4.60967
H -4.30854 -6.39576 2.20444
H -2.43192 -7.72397 1.62144
H -1.48444 -2.8682 3.58308
H -3.97296 -5.35197 4.71001
H -4.2854 -7.54388 5.63344
H -5.16308 -7.64694 4.04965
H -2.84849 -9.1204 5.00874
H -3.37981 -9.16519 3.26662
H -0.99521 -8.10149 3.85456
H -2.0751 -2.02839 2.0932
H -0.44315 -2.7922 2.11936
H -2.79599 -2.64567 0.03167
H -2.75083 -3.35063 -1.58012
H -3.01606 -4.44814 -0.23168
H 1.44709 -5.18469 1.64982
H 2.2957 -6.20325 0.67521
H 0.43976 -6.44667 -1.19095
H 0.66818 -7.50913 0.1835
$end

$opt
CONSTRAINT
tors           1           2           3           4    -160.934
tors           3           4           5           6     -95.014
tors           4           5           6           7    -142.884
tors           5           6           7           8     -45.374
tors           6           7           8           9    -111.716
tors           7           8           9          10    +136.952
tors           8           9          10          11    -141.579
tors           9          10          11          12     +30.681
tors          11          12          13          14    -160.228
ENDCONSTRAINT
$end

$rem
JOBTYPE                   OPT
METHOD                    B3LYP
DFT_D                     d3_op
BASIS                     STO-3G
GEOM_OPT_MAX_CYCLES       100
GEOM_OPT_TOL_GRADIENT     300
GEOM_OPT_TOL_DISPLACEMENT 1200
GEOM_OPT_TOL_ENERGY       100
SYMMETRY                  False
THRESH                    12
SCF_CONVERGENCE           8
MAX_SUB_FILE_NUM          128
MEM_STATIC                400
MEM_TOTAL                 4000
$end
