$molecule
0  1
O -3.94934 -3.66094 2.70899
C -3.26408 -4.56952 2.26188
C -3.36658 -6.02376 2.66595
C -2.3978 -7.00993 1.99307
C -1.31671 -6.40643 1.12408
O -1.84914 -6.0069 -0.06853
C -2.06574 -7.08972 -0.97948
C -3.53403 -7.14716 -1.38808
O -3.9306 -8.51155 -1.598
C -5.2627 -8.71466 -1.75093
C -5.79851 -8.15351 -3.04657
C -4.72722 -7.66632 -4.0331
C -3.31107 -8.12641 -3.75108
O -2.63989 -7.80146 -2.78232
O -2.31684 -4.13347 1.39399
O -2.73311 -8.97257 -4.64911
O -5.93599 -9.31613 -0.92938
C -1.45851 -9.4868 -4.53124
C -6.5302 -9.19617 -3.91939
C -7.53686 -8.48108 -4.81718
C -6.60138 -7.7544 -5.76171
C -5.25452 -8.34321 -5.31807
O -5.57391 -9.63118 -4.85335
H -6.52669 -7.35964 -2.76521
H -4.70389 -6.55933 -4.13309
H -7.03708 -9.99275 -3.3323
H -8.0729 -9.27499 -5.38584
H -8.28273 -7.83782 -4.30267
H -6.85538 -8.05236 -6.80305
H -6.5988 -6.64668 -5.6686
H -4.52785 -8.29027 -6.15821
O -0.12475 -6.3276 1.38397
C -2.12863 -2.82787 0.98188
C -3.00889 -6.2121 4.14827
C -3.61666 -7.51294 4.67101
C -2.71642 -8.52884 4.00345
C -1.74575 -7.60045 3.26614
O -1.63265 -6.49177 4.12433
H -4.42396 -6.31375 2.47515
H -2.91096 -7.83215 1.4513
H -1.89238 -2.18087 1.85348
H -3.32486 -5.35755 4.78629
H -3.44515 -7.55598 5.77033
H -4.70179 -7.6268 4.4597
H -2.16625 -9.08325 4.79653
H -3.22661 -9.24829 3.32724
H -0.80201 -8.14837 3.04943
H -3.04024 -2.45362 0.46901
H -1.2787 -2.79154 0.27001
H -1.24969 -10.1441 -5.39996
H -1.3731 -10.086 -3.5995
H -0.7133 -8.66291 -4.51758
H -4.05294 -6.90171 -0.4327
H -3.97056 -6.29034 -1.98435
H -1.81175 -8.07189 -0.50052
H -1.1809 -6.90762 -1.66758
$end

$opt
CONSTRAINT
tors           1           2           3           4    -179.320
tors           3           4           5           6     -76.076
tors           4           5           6           7     -78.121
tors           5           6           7           8    +122.415
tors           6           7           8           9    -146.494
tors           7           8           9          10    +169.642
tors           8           9          10          11     +69.062
tors           9          10          11          12      +9.151
tors          11          12          13          14     -66.316
ENDCONSTRAINT
$end

$rem
JOBTYPE                   OPT
METHOD                    B3LYP
DFT_D                     d3_op
BASIS                     STO-3G
GEOM_OPT_MAX_CYCLES       100
GEOM_OPT_TOL_GRADIENT     300
GEOM_OPT_TOL_DISPLACEMENT 1200
GEOM_OPT_TOL_ENERGY       100
SYMMETRY                  False
THRESH                    12
SCF_CONVERGENCE           8
MAX_SUB_FILE_NUM          128
MEM_STATIC                400
MEM_TOTAL                 4000
$end
