$molecule
0  1
O -3.94934 -3.66094 2.70899
C -3.26408 -4.56952 2.26188
C -3.36658 -6.02376 2.66595
C -2.15857 -6.92459 2.36089
C -0.91464 -6.23373 1.84764
O 0.07175 -7.15362 1.63254
C 1.32271 -6.78658 2.22382
C 2.10421 -8.03551 2.61825
O 1.19651 -9.07761 3.0094
C 1.77512 -10.24997 3.36984
C 1.10208 -11.45261 2.75232
C 0.4509 -11.1989 1.38489
C 0.86313 -9.92015 0.68376
O 1.16472 -8.87326 1.23839
O -2.77715 -4.36829 1.00467
O 0.65534 -9.88273 -0.66021
O 2.92464 -10.30316 3.79078
C 0.87798 -8.77619 -1.45328
C 2.05467 -12.61973 2.42542
C 1.26471 -13.92524 2.36203
C 0.49192 -13.72247 1.0777
C 1.07919 -12.38516 0.61212
O 2.4042 -12.40985 1.08283
H 0.35085 -11.79041 3.50059
H -0.65983 -11.25083 1.37752
H 2.89775 -12.72688 3.1417
H 2.00025 -14.74733 2.20814
H 0.64644 -14.14946 3.25781
H 0.76829 -14.53712 0.37167
H -0.61298 -13.6722 1.18803
H 0.96334 -12.3001 -0.49003
O -0.6409 -5.06739 2.11416
C -2.7649 -3.15568 0.34531
C -3.44608 -6.17413 4.19871
C -4.08416 -7.51495 4.56061
C -2.963 -8.46479 4.20141
C -1.88115 -7.46703 3.77922
O -2.11139 -6.34882 4.59866
H -4.3079 -6.40759 2.21272
H -2.40724 -7.73621 1.64088
H -2.1683 -2.41555 0.92012
H -3.99967 -5.34801 4.69631
H -4.22139 -7.53269 5.66563
H -5.05802 -7.71834 4.06551
H -2.64785 -9.00077 5.12452
H -3.19535 -9.19737 3.39835
H -0.88286 -7.93693 3.88094
H -3.80179 -2.7806 0.20993
H -2.30185 -3.2903 -0.65363
H 0.6338 -9.0278 -2.50558
H 1.94528 -8.4731 -1.3949
H 0.23016 -7.93432 -1.12793
H 3.01558 -8.2965 1.97966
H 2.70038 -7.74025 3.51319
H 1.11873 -6.28914 3.20467
H 1.91477 -6.08044 1.60258
$end

$opt
CONSTRAINT
tors           1           2           3           4    -160.507
tors           3           4           5           6    +179.526
tors           4           5           6           7    -130.532
tors           5           6           7           8    +149.717
tors           6           7           8           9     -32.632
tors           7           8           9          10    +179.293
tors           8           9          10          11    -134.285
tors           9          10          11          12     +29.814
tors          11          12          13          14     -32.282
ENDCONSTRAINT
$end

$rem
JOBTYPE                   OPT
METHOD                    B3LYP
DFT_D                     d3_op
BASIS                     STO-3G
GEOM_OPT_MAX_CYCLES       100
GEOM_OPT_TOL_GRADIENT     300
GEOM_OPT_TOL_DISPLACEMENT 1200
GEOM_OPT_TOL_ENERGY       100
SYMMETRY                  False
THRESH                    12
SCF_CONVERGENCE           8
MAX_SUB_FILE_NUM          128
MEM_STATIC                400
MEM_TOTAL                 4000
$end
