$molecule
0  1
O -3.94934 -3.66094 2.70899
C -3.26408 -4.56952 2.26188
C -3.36658 -6.02376 2.66595
C -4.04485 -6.33327 4.01057
C -4.70306 -5.16926 4.71763
O -5.71853 -5.62226 5.51074
C -6.13364 -4.66819 6.49394
C -7.58538 -4.91825 6.88897
O -8.13266 -3.74461 7.5102
C -9.34087 -3.34591 7.04073
C -9.83649 -2.0776 7.69374
C -8.73394 -1.11107 8.15033
C -7.35247 -1.36917 7.5832
O -6.45504 -1.97493 8.15086
O -2.45021 -4.31003 1.20488
O -7.05207 -0.76511 6.39788
O -10.09832 -4.07509 6.41173
C -5.78743 -0.65874 5.85494
C -10.64059 -1.1559 6.74857
C -11.58047 -0.28065 7.57637
C -10.58363 0.63566 8.25738
C -9.29132 0.20006 7.55445
O -9.7143 -0.21155 6.27773
H -10.51631 -2.39504 8.51648
H -8.63357 -1.05921 9.25675
H -11.21508 -1.70518 5.97133
H -12.17765 0.31868 6.85172
H -12.27319 -0.81763 8.25947
H -10.84669 1.68726 8.00719
H -10.49959 0.51198 9.35889
H -8.54022 1.02052 7.57906
O -4.02048 -4.20978 5.0676
C -2.27155 -3.06023 0.64974
C -4.22785 -6.8257 1.68137
C -3.85631 -8.30423 1.75274
C -4.4463 -8.67413 3.09512
C -5.10443 -7.3461 3.48892
O -5.50754 -6.79509 2.25917
H -2.31996 -6.40433 2.67675
H -3.36272 -6.81807 4.74437
H -1.85942 -2.36061 1.40815
H -4.1534 -6.45937 0.63375
H -4.42686 -8.83275 0.95573
H -2.77204 -8.51751 1.63457
H -5.22615 -9.45105 2.92982
H -3.7177 -9.02694 3.85665
H -5.92194 -7.56304 4.20838
H -3.23783 -2.67025 0.26435
H -1.55495 -3.13582 -0.19362
H -5.85253 -0.11512 4.89032
H -5.34638 -1.65562 5.6669
H -5.12761 -0.08718 6.54168
H -8.12848 -5.19714 5.95666
H -7.62774 -5.78514 7.58159
H -6.18777 -3.67248 6.00551
H -5.44464 -4.61409 7.36477
$end

$opt
CONSTRAINT
tors           1           2           3           4     -19.943
tors           3           4           5           6    +153.156
tors           4           5           6           7    +162.895
tors           5           6           7           8    +154.184
tors           6           7           8           9    -161.053
tors           7           8           9          10    +131.609
tors           8           9          10          11    -177.692
tors           9          10          11          12     +30.207
tors          11          12          13          14     -97.873
ENDCONSTRAINT
$end

$rem
JOBTYPE                   OPT
METHOD                    B3LYP
DFT_D                     d3_op
BASIS                     STO-3G
GEOM_OPT_MAX_CYCLES       100
GEOM_OPT_TOL_GRADIENT     300
GEOM_OPT_TOL_DISPLACEMENT 1200
GEOM_OPT_TOL_ENERGY       100
SYMMETRY                  False
THRESH                    12
SCF_CONVERGENCE           8
MAX_SUB_FILE_NUM          128
MEM_STATIC                400
MEM_TOTAL                 4000
$end
