$molecule
0  1
O -3.94934 -3.66094 2.70899
C -3.26408 -4.56952 2.26188
C -3.36658 -6.02376 2.66595
C -2.14191 -6.91468 2.40081
C -0.88858 -6.21407 1.92497
O 0.00459 -6.11174 2.95317
C 1.28894 -5.63489 2.53806
C 1.99771 -4.95181 3.70304
O 3.14917 -4.23867 3.22506
C 3.26785 -2.96126 3.66468
C 4.08245 -2.09267 2.73589
C 3.75934 -0.59286 2.80258
C 2.954 -0.14325 4.00507
O 3.24615 -0.35488 5.17316
O -2.53698 -4.28011 1.15147
O 1.81409 0.54413 3.73195
O 3.11659 -2.74018 4.85565
C 0.94811 1.02535 4.69138
C 5.58442 -2.06428 3.0899
C 6.39345 -1.68548 1.85002
C 6.01493 -0.22461 1.70141
C 5.17993 -0.02776 2.9729
O 5.74646 -0.92475 3.8977
H 3.97451 -2.50346 1.70538
H 3.25066 -0.22858 1.88217
H 5.95325 -3.02331 3.5152
H 7.46769 -1.7466 2.13804
H 6.22285 -2.31331 0.94916
H 6.94574 0.38385 1.73465
H 5.42661 0.02375 0.7915
H 5.17039 1.04301 3.27564
O -0.63558 -6.00163 0.74387
C -2.40317 -3.02216 0.59966
C -3.51279 -6.18934 4.19568
C -4.2207 -7.5059 4.50603
C -3.13925 -8.49609 4.13743
C -1.98677 -7.53606 3.81512
O -2.20978 -6.43475 4.65783
H -4.29635 -6.4053 2.18767
H -2.3439 -7.72645 1.66745
H -1.93747 -2.33102 1.3344
H -4.05203 -5.34999 4.6867
H -4.37225 -7.53968 5.60907
H -5.19771 -7.6584 3.99901
H -2.90541 -9.10946 5.03597
H -3.37334 -9.15745 3.27536
H -1.01896 -8.06898 3.94461
H -3.39583 -2.63079 0.29029
H -1.74998 -3.08553 -0.29465
H 0.10421 1.5443 4.19237
H 1.47246 1.74828 5.3523
H 0.54422 0.18626 5.29742
H 1.26734 -4.27002 4.20111
H 2.30587 -5.72657 4.43674
H 1.16565 -4.81614 1.78952
H 1.90334 -6.44569 2.08986
$end

$opt
CONSTRAINT
tors           1           2           3           4    -158.648
tors           3           4           5           6    +103.476
tors           4           5           6           7    +171.521
tors           5           6           7           8    +154.184
tors           6           7           8           9    -168.147
tors           7           8           9          10    +131.609
tors           8           9          10          11    -155.256
tors           9          10          11          12    +154.117
tors          11          12          13          14     +54.033
ENDCONSTRAINT
$end

$rem
JOBTYPE                   OPT
METHOD                    B3LYP
DFT_D                     d3_op
BASIS                     STO-3G
GEOM_OPT_MAX_CYCLES       100
GEOM_OPT_TOL_GRADIENT     300
GEOM_OPT_TOL_DISPLACEMENT 1200
GEOM_OPT_TOL_ENERGY       100
SYMMETRY                  False
THRESH                    12
SCF_CONVERGENCE           8
MAX_SUB_FILE_NUM          128
MEM_STATIC                400
MEM_TOTAL                 4000
$end
