$molecule
0  1
O -3.94934 -3.66094 2.70899
C -3.26408 -4.56952 2.26188
C -3.36658 -6.02376 2.66595
C -3.27498 -6.34409 4.1669
C -3.26957 -5.16132 5.10983
O -4.3409 -5.23576 5.9537
C -4.02931 -4.84505 7.29516
C -4.93795 -3.70143 7.73405
O -4.36255 -3.02471 8.86269
C -4.32048 -1.67223 8.77235
C -3.04458 -1.0849 9.32713
C -2.9475 0.44554 9.24573
C -4.24547 1.17602 8.96577
O -4.61249 1.57433 7.86977
O -2.30276 -4.27138 1.34845
O -5.13683 1.25121 9.99332
O -5.19132 -1.05666 8.17247
C -6.3889 1.82274 9.90362
C -2.83888 -1.29803 10.84146
C -1.34587 -1.23584 11.1616
C -1.06986 0.24008 10.9422
C -2.4938 0.75013 10.68616
O -3.30689 -0.11609 11.44254
H -2.2109 -1.58146 8.7797
H -2.22046 0.76841 8.4681
H -3.27729 -2.24702 11.21957
H -1.24265 -1.45885 12.24802
H -0.6966 -1.92987 10.58572
H -0.65475 0.66271 11.88386
H -0.39962 0.47614 10.08733
H -2.57563 1.83302 10.92735
O -2.36871 -4.33389 5.17512
C -2.0522 -3.00246 0.86969
C -4.74862 -6.61986 2.32843
C -4.62231 -8.12697 2.12754
C -4.35206 -8.57425 3.54737
C -4.53183 -7.24561 4.29607
O -5.47716 -6.54313 3.52934
H -2.59316 -6.57678 2.08428
H -2.35154 -6.91675 4.4049
H -1.76061 -2.32918 1.70402
H -5.22447 -6.1536 1.43763
H -5.62926 -8.4938 1.82367
H -3.87312 -8.45619 1.37576
H -5.13542 -9.30977 3.83636
H -3.34218 -9.00285 3.7262
H -4.81196 -7.46543 5.34907
H -2.95412 -2.60082 0.36012
H -1.21905 -3.0473 0.13871
H -6.89434 1.74676 10.88806
H -7.00046 1.28861 9.1454
H -6.30032 2.89539 9.62824
H -5.03043 -3.01786 6.85728
H -5.94936 -4.09519 7.97045
H -2.97602 -4.49875 7.41358
H -4.14941 -5.70223 7.99111
$end

$opt
CONSTRAINT
tors           1           2           3           4     -53.329
tors           3           4           5           6    +119.639
tors           4           5           6           7    +140.237
tors           5           6           7           8    +122.892
tors           6           7           8           9    -161.053
tors           7           8           9          10    +131.609
tors           8           9          10          11    -140.637
tors           9          10          11          12    +179.906
tors          11          12          13          14     -97.873
ENDCONSTRAINT
$end

$rem
JOBTYPE                   OPT
METHOD                    B3LYP
DFT_D                     d3_op
BASIS                     STO-3G
GEOM_OPT_MAX_CYCLES       100
GEOM_OPT_TOL_GRADIENT     300
GEOM_OPT_TOL_DISPLACEMENT 1200
GEOM_OPT_TOL_ENERGY       100
SYMMETRY                  False
THRESH                    12
SCF_CONVERGENCE           8
MAX_SUB_FILE_NUM          128
MEM_STATIC                400
MEM_TOTAL                 4000
$end
