$molecule
0  1
O -3.94934 -3.66094 2.70899
C -3.26408 -4.56952 2.26188
C -3.36658 -6.02376 2.66595
C -3.92833 -6.32642 4.06477
C -4.49026 -5.15178 4.83453
O -5.80272 -4.9663 4.5052
C -6.42941 -3.92095 5.25604
C -7.70221 -3.45969 4.55366
O -8.30635 -2.38546 5.29118
C -8.66275 -1.30229 4.55711
C -9.24034 -0.18721 5.39596
C -8.65688 -0.07349 6.81191
C -7.36693 -0.82997 7.05777
O -7.07925 -1.42516 8.08615
O -2.44161 -4.30784 1.21226
O -6.35492 -0.57913 6.17971
O -8.34699 -1.13164 3.38558
C -5.01358 -0.73719 6.47223
C -8.98796 1.23845 4.86221
C -10.04518 2.19001 5.42234
C -9.612 2.27371 6.8722
C -8.33092 1.43412 6.82502
O -7.82633 1.66069 5.53004
H -10.33631 -0.37806 5.42929
H -9.37392 -0.35158 7.61587
H -8.96883 1.30391 3.75298
H -9.87935 3.18278 4.94555
H -11.09899 1.87748 5.25891
H -9.3728 3.33501 7.1059
H -10.34054 1.87532 7.61113
H -7.65445 1.70805 7.665
O -3.95742 -4.69094 5.8374
C -2.2591 -3.05684 0.66102
C -4.34294 -6.82462 1.78496
C -3.96528 -8.30482 1.81016
C -4.37929 -8.67886 3.2194
C -5.01175 -7.36115 3.68299
O -5.55304 -6.81553 2.50274
H -2.33911 -6.44115 2.55906
H -3.14937 -6.78146 4.71724
H -1.85398 -2.3583 1.42421
H -4.39063 -6.45491 0.73719
H -4.63897 -8.82661 1.09307
H -2.9088 -8.53021 1.54954
H -5.14933 -9.47972 3.15756
H -3.55184 -8.99826 3.88922
H -5.72644 -7.54685 4.51485
H -3.22238 -2.66683 0.26821
H -1.53526 -3.13029 -0.17632
H -4.41362 -0.50463 5.56876
H -4.79235 -1.77337 6.80165
H -4.72253 -0.03658 7.28349
H -7.45556 -3.22604 3.49437
H -8.4086 -4.3168 4.54566
H -5.77393 -3.02891 5.24842
H -6.62829 -4.24339 6.30189
$end

$opt
CONSTRAINT
tors           1           2           3           4     -25.336
tors           3           4           5           6     +86.835
tors           4           5           6           7    +176.375
tors           5           6           7           8    +161.507
tors           6           7           8           9    -178.373
tors           7           8           9          10    +131.609
tors           8           9          10          11    -177.692
tors           9          10          11          12     +32.546
tors          11          12          13          14    -141.793
ENDCONSTRAINT
$end

$rem
JOBTYPE                   OPT
METHOD                    B3LYP
DFT_D                     d3_op
BASIS                     STO-3G
GEOM_OPT_MAX_CYCLES       100
GEOM_OPT_TOL_GRADIENT     300
GEOM_OPT_TOL_DISPLACEMENT 1200
GEOM_OPT_TOL_ENERGY       100
SYMMETRY                  False
THRESH                    12
SCF_CONVERGENCE           8
MAX_SUB_FILE_NUM          128
MEM_STATIC                400
MEM_TOTAL                 4000
$end
