$molecule
0  1
O -3.94934 -3.66094 2.70899
C -3.26408 -4.56952 2.26188
C -3.36658 -6.02376 2.66595
C -3.92833 -6.32642 4.06477
C -4.49026 -5.15178 4.83453
O -5.49731 -5.57371 5.65504
C -5.85343 -4.60933 6.65123
C -7.11834 -5.04975 7.38073
O -7.77897 -3.90754 7.94803
C -8.96211 -4.16249 8.55984
C -9.63288 -2.91604 9.08626
C -11.0898 -2.72696 8.63917
C -11.76363 -3.94913 8.04843
O -12.54171 -3.94329 7.10551
O -2.43687 -4.30671 1.21613
O -11.75504 -5.07969 8.80721
O -9.3178 -5.30036 8.8347
C -12.41784 -6.24844 8.49149
C -9.79236 -2.89422 10.61881
C -9.92093 -1.44921 11.1
C -11.30056 -1.09893 10.57657
C -11.7342 -2.45872 10.01515
O -11.08648 -3.39119 10.84815
H -9.00984 -2.04124 8.7867
H -11.23278 -1.88061 7.93144
H -8.965 -3.41091 11.15262
H -9.9606 -1.48185 12.21259
H -9.10603 -0.7625 10.78496
H -11.93809 -0.80463 11.43959
H -11.32667 -0.30947 9.79446
H -12.84394 -2.5303 9.9765
O -3.78114 -4.19326 5.12683
C -2.25326 -3.05564 0.66548
C -4.34994 -6.78635 1.76442
C -4.00966 -8.27356 1.76957
C -4.44743 -8.65298 3.1662
C -5.04574 -7.32307 3.64335
O -5.56312 -6.74457 2.47123
H -2.34237 -6.44743 2.55465
H -3.18231 -6.81695 4.72888
H -1.8525 -2.35643 1.43031
H -4.37777 -6.40236 0.72071
H -4.68706 -8.76891 1.03735
H -2.95501 -8.51815 1.51883
H -5.24085 -9.42914 3.08306
H -3.63819 -9.00933 3.83964
H -5.78742 -7.54365 4.43963
H -3.2152 -2.66699 0.26803
H -1.52556 -3.12849 -0.16855
H -12.2276 -6.99936 9.28535
H -12.04573 -6.6482 7.52399
H -13.51158 -6.06469 8.4281
H -7.80647 -5.47975 6.61674
H -6.87959 -5.83285 8.13415
H -6.12188 -3.66654 6.11838
H -5.0306 -4.39655 7.36964
$end

$opt
CONSTRAINT
tors           1           2           3           4     -25.336
tors           3           4           5           6    +149.491
tors           4           5           6           7    +165.211
tors           5           6           7           8    +171.028
tors           6           7           8           9    -156.215
tors           7           8           9          10    +176.375
tors           8           9          10          11    -177.692
tors           9          10          11          12    +127.549
tors          11          12          13          14    -141.793
ENDCONSTRAINT
$end

$rem
JOBTYPE                   OPT
METHOD                    B3LYP
DFT_D                     d3_op
BASIS                     STO-3G
GEOM_OPT_MAX_CYCLES       100
GEOM_OPT_TOL_GRADIENT     300
GEOM_OPT_TOL_DISPLACEMENT 1200
GEOM_OPT_TOL_ENERGY       100
SYMMETRY                  False
THRESH                    12
SCF_CONVERGENCE           8
MAX_SUB_FILE_NUM          128
MEM_STATIC                400
MEM_TOTAL                 4000
$end
