$molecule
0  1
O -3.94934 -3.66094 2.70899
C -3.26408 -4.56952 2.26188
C -3.36658 -6.02376 2.66595
C -2.77152 -6.41828 4.02761
C -2.29931 -5.28492 4.91112
O -3.29289 -4.92676 5.77712
C -2.89295 -3.91223 6.7045
C -3.50204 -2.57054 6.31077
O -3.06715 -1.5493 7.22226
C -2.62447 -0.40395 6.64662
C -2.12142 0.60385 7.65256
C -0.59275 0.70799 7.75558
C 0.19044 0.07691 6.62197
O 0.48311 -1.10692 6.53563
O -2.42548 -4.2988 1.22686
O 0.67661 0.9094 5.65877
O -2.48345 -0.24039 5.43998
C 1.41849 0.50021 4.57021
C -2.52287 2.05623 7.35122
C -2.52171 2.8655 8.64617
C -1.03594 2.92681 8.93708
C -0.47997 2.25272 7.67518
O -1.41206 2.5845 6.67303
H -2.54017 0.30888 8.64306
H -0.16317 0.33393 8.71084
H -3.50378 2.14383 6.83497
H -2.87772 3.88875 8.38786
H -3.14835 2.45763 9.46829
H -0.73331 3.9966 8.98214
H -0.70862 2.39767 9.85812
H 0.56567 2.59002 7.50086
O -1.28974 -4.63051 4.67824
C -2.23149 -3.04244 0.69181
C -4.81773 -6.50994 2.80484
C -4.88057 -8.02356 2.60923
C -4.23414 -8.49957 3.89287
C -4.00786 -7.16053 4.60504
O -5.08987 -6.36789 4.17625
H -2.85325 -6.60151 1.86308
H -1.91972 -7.13018 3.95344
H -1.8352 -2.35356 1.4684
H -5.51782 -5.99934 2.10768
H -5.95479 -8.31679 2.62272
H -4.40963 -8.39523 1.67379
H -4.97752 -9.10964 4.45303
H -3.29103 -9.07397 3.76732
H -3.9258 -7.33084 5.70128
H -3.18795 -2.64522 0.28961
H -1.49617 -3.10906 -0.13603
H 1.67684 1.385 3.95313
H 0.8281 -0.20836 3.95058
H 2.35783 0.01265 4.90796
H -3.24285 -2.37939 5.24639
H -4.60721 -2.66352 6.37412
H -1.78865 -3.77987 6.77896
H -3.22912 -4.20041 7.723
$end

$opt
CONSTRAINT
tors           1           2           3           4     -75.574
tors           3           4           5           6     +94.171
tors           4           5           6           7    +176.375
tors           5           6           7           8    +104.902
tors           6           7           8           9    -178.373
tors           7           8           9          10    +132.703
tors           8           9          10          11    -177.290
tors           9          10          11          12    +103.115
tors          11          12          13          14     -83.352
ENDCONSTRAINT
$end

$rem
JOBTYPE                   OPT
METHOD                    B3LYP
DFT_D                     d3_op
BASIS                     STO-3G
GEOM_OPT_MAX_CYCLES       100
GEOM_OPT_TOL_GRADIENT     300
GEOM_OPT_TOL_DISPLACEMENT 1200
GEOM_OPT_TOL_ENERGY       100
SYMMETRY                  False
THRESH                    12
SCF_CONVERGENCE           8
MAX_SUB_FILE_NUM          128
MEM_STATIC                400
MEM_TOTAL                 4000
$end
