$molecule
0  1
O -3.94934 -3.66094 2.70899
C -3.26408 -4.56952 2.26188
C -3.36658 -6.02376 2.66595
C -2.77152 -6.41828 4.02761
C -2.29931 -5.28492 4.91112
O -3.37003 -4.55226 5.33795
C -3.02083 -3.55455 6.30329
C -2.19163 -2.45556 5.64696
O -1.81213 -1.4771 6.62751
C -1.62482 -1.95266 7.88366
C -1.7958 -0.89266 8.94565
C -3.12711 -0.9499 9.70895
C -3.91889 -2.23362 9.56111
O -3.48321 -3.28871 9.12345
O -2.42711 -4.29964 1.22551
O -5.17237 -2.21572 10.08559
O -0.87789 -2.90453 8.08433
C -6.02782 -3.29749 10.08883
C -0.81085 -0.99806 10.13608
C -0.66992 0.36596 10.8117
C -2.02948 0.49986 11.46759
C -2.62066 -0.87961 11.15632
O -1.50322 -1.73429 11.11533
H -1.62885 0.09836 8.46323
H -3.79924 -0.11991 9.39778
H 0.19287 -1.38177 9.85088
H 0.09821 0.24919 11.60993
H -0.37798 1.2086 10.14877
H -1.87972 0.63506 12.5617
H -2.67307 1.31218 11.06528
H -3.41037 -1.1437 11.89411
O -1.15742 -5.20913 5.34994
C -2.23329 -3.04343 0.69012
C -4.81638 -6.51301 2.83457
C -4.8786 -8.03125 2.66407
C -4.22411 -8.48978 3.95286
C -3.98747 -7.14192 4.64214
O -5.07415 -6.35535 4.20932
H -2.86859 -6.60765 1.85777
H -1.90368 -7.10493 3.90358
H -1.83559 -2.35481 1.46623
H -5.52654 -6.01449 2.13905
H -5.95213 -8.32606 2.68913
H -4.41382 -8.41678 1.7312
H -4.96527 -9.08676 4.52964
H -3.28444 -9.07036 3.82926
H -3.88378 -7.27647 5.74139
H -3.19014 -2.6457 0.28935
H -1.4992 -3.11043 -0.13879
H -6.98155 -3.00578 10.57436
H -5.57902 -4.13924 10.65835
H -6.24002 -3.61972 9.04678
H -1.26491 -2.83196 5.17155
H -2.79132 -1.96154 4.85343
H -2.5451 -4.1115 7.12993
H -3.96104 -3.09477 6.67431
$end

$opt
CONSTRAINT
tors           1           2           3           4     -75.574
tors           3           4           5           6     +67.971
tors           4           5           6           7    +173.186
tors           5           6           7           8     +68.969
tors           6           7           8           9    -178.373
tors           7           8           9          10     +31.633
tors           8           9          10          11    -156.206
tors           9          10          11          12    +103.115
tors          11          12          13          14     +15.222
ENDCONSTRAINT
$end

$rem
JOBTYPE                   OPT
METHOD                    B3LYP
DFT_D                     d3_op
BASIS                     STO-3G
GEOM_OPT_MAX_CYCLES       100
GEOM_OPT_TOL_GRADIENT     300
GEOM_OPT_TOL_DISPLACEMENT 1200
GEOM_OPT_TOL_ENERGY       100
SYMMETRY                  False
THRESH                    12
SCF_CONVERGENCE           8
MAX_SUB_FILE_NUM          128
MEM_STATIC                400
MEM_TOTAL                 4000
$end
