$molecule
0  1
O -3.94934 -3.66094 2.70899
C -3.26408 -4.56952 2.26188
C -3.36658 -6.02376 2.66595
C -3.87849 -6.32454 4.08416
C -4.39871 -5.14631 4.87741
O -5.48167 -5.52702 5.61747
C -5.982 -4.48424 6.46099
C -6.31904 -3.25129 5.62891
O -6.78457 -2.19575 6.48448
C -5.92144 -1.16472 6.66099
C -4.67498 -1.56333 7.41471
C -3.41423 -0.76693 7.04792
C -3.6445 0.51458 6.27241
O -4.56372 0.71524 5.49181
O -2.25232 -4.2619 1.4083
O -2.62436 1.41463 6.29439
O -6.41203 -0.05915 6.84374
C -2.61062 2.59733 5.58472
C -4.77404 -1.31885 8.93002
C -3.79033 -2.2256 9.66621
C -2.47503 -1.58966 9.26852
C -2.98307 -0.3726 8.48409
O -4.20216 -0.04931 9.10731
H -4.39551 -2.59308 7.22561
H -2.61705 -1.34319 6.52718
H -5.80279 -1.4558 9.32946
H -3.95091 -2.06294 10.75621
H -3.88038 -3.30993 9.43986
H -1.94837 -1.27022 10.19525
H -1.80623 -2.22526 8.64861
H -2.20906 0.42498 8.50257
O -3.63475 -4.24891 5.21992
C -1.97586 -2.98781 0.95828
C -4.43348 -6.74405 1.81557
C -4.1204 -8.23543 1.75116
C -4.43382 -8.6433 3.17216
C -5.0079 -7.32757 3.71738
O -5.59861 -6.71711 2.59984
H -2.38214 -6.49846 2.44902
H -3.09645 -6.80528 4.71265
H -1.73149 -2.32356 1.81473
H -4.53027 -6.3326 0.7863
H -4.87767 -8.69187 1.07356
H -3.10309 -8.50386 1.39356
H -5.20906 -9.44113 3.14226
H -3.56206 -8.98131 3.77331
H -5.69338 -7.57371 4.55549
H -2.84831 -2.58053 0.40381
H -1.10336 -3.02482 0.27428
H -1.66248 3.13459 5.7917
H -3.46187 3.23966 5.89633
H -2.67403 2.39126 4.49482
H -5.47569 -2.8778 5.01229
H -7.1181 -3.50195 4.89933
H -5.27914 -4.36231 7.2986
H -6.91567 -4.84219 6.94383
$end

$opt
CONSTRAINT
tors           1           2           3           4     -27.578
tors           3           4           5           6    +142.386
tors           4           5           6           7    +176.375
tors           5           6           7           8     +56.105
tors           6           7           8           9    -178.373
tors           7           8           9          10    +107.584
tors           8           9          10          11     -66.489
tors           9          10          11          12    +149.754
tors          11          12          13          14     -30.395
ENDCONSTRAINT
$end

$rem
JOBTYPE                   OPT
METHOD                    B3LYP
DFT_D                     d3_op
BASIS                     STO-3G
GEOM_OPT_MAX_CYCLES       100
GEOM_OPT_TOL_GRADIENT     300
GEOM_OPT_TOL_DISPLACEMENT 1200
GEOM_OPT_TOL_ENERGY       100
SYMMETRY                  False
THRESH                    12
SCF_CONVERGENCE           8
MAX_SUB_FILE_NUM          128
MEM_STATIC                400
MEM_TOTAL                 4000
$end
