$molecule
0  1
O -3.94934 -3.66094 2.70899
C -3.26408 -4.56952 2.26188
C -3.36658 -6.02376 2.66595
C -2.77152 -6.41828 4.02761
C -2.29931 -5.28492 4.91112
O -3.19446 -5.08097 5.92233
C -2.77422 -4.07724 6.85248
C -3.56385 -2.7914 6.63063
O -3.12976 -1.7843 7.5581
C -2.8686 -0.568 7.01814
C -1.425 -0.15278 7.17396
C -0.8273 0.57803 5.96278
C -1.82417 1.09625 4.94572
O -2.26736 0.46068 4.0001
O -2.42595 -4.29868 1.22649
O -2.19264 2.40551 5.03913
O -3.77131 0.19344 6.70203
C -3.07075 3.0368 4.18287
C -1.21321 0.89517 8.28565
C 0.22368 0.80971 8.79635
C 0.97753 1.34721 7.59735
C -0.19789 1.77966 6.70992
O -1.20892 2.13147 7.62183
H -0.83821 -1.06021 7.44862
H -0.04968 0.00298 5.41403
H -1.93054 0.79463 9.12949
H 0.30903 1.54299 9.63055
H 0.55566 -0.18824 9.15521
H 1.58027 2.22228 7.92706
H 1.62398 0.61082 7.07255
H 0.12905 2.58163 6.0114
O -1.33424 -4.57702 4.64787
C -2.23309 -3.0423 0.69095
C -4.81802 -6.5103 2.80601
C -4.88169 -8.02052 2.59177
C -4.21831 -8.51143 3.86056
C -4.00027 -7.1821 4.59496
O -5.08574 -6.38729 4.18088
H -2.85474 -6.60188 1.8622
H -1.90849 -7.11491 3.94002
H -1.8374 -2.35266 1.46721
H -5.52211 -5.99178 2.11878
H -5.95643 -8.3114 2.61693
H -4.42523 -8.38386 1.64595
H -4.94779 -9.14477 4.41306
H -3.26694 -9.06757 3.7162
H -3.91873 -7.37818 5.68664
H -3.18996 -2.64603 0.28875
H -1.49785 -3.10857 -0.13699
H -3.18684 4.09448 4.4963
H -4.06426 2.54095 4.22131
H -2.67753 3.01228 3.14418
H -3.44463 -2.46242 5.57093
H -4.63893 -3.00809 6.80759
H -1.68919 -3.82985 6.80011
H -2.94555 -4.45304 7.8834
$end

$opt
CONSTRAINT
tors           1           2           3           4     -75.574
tors           3           4           5           6    +104.603
tors           4           5           6           7    +176.278
tors           5           6           7           8    +104.902
tors           6           7           8           9    -179.475
tors           7           8           9          10    +131.989
tors           8           9          10          11    -117.256
tors           9          10          11          12    +141.276
tors          11          12          13          14     -87.557
ENDCONSTRAINT
$end

$rem
JOBTYPE                   OPT
METHOD                    B3LYP
DFT_D                     d3_op
BASIS                     STO-3G
GEOM_OPT_MAX_CYCLES       100
GEOM_OPT_TOL_GRADIENT     300
GEOM_OPT_TOL_DISPLACEMENT 1200
GEOM_OPT_TOL_ENERGY       100
SYMMETRY                  False
THRESH                    12
SCF_CONVERGENCE           8
MAX_SUB_FILE_NUM          128
MEM_STATIC                400
MEM_TOTAL                 4000
$end
