$molecule
0  1
O -3.94934 -3.66094 2.70899
C -3.26408 -4.56952 2.26188
C -3.36658 -6.02376 2.66595
C -2.77152 -6.41828 4.02761
C -2.29931 -5.28492 4.91112
O -2.9964 -5.29078 6.08562
C -2.49339 -4.35359 7.0437
C -3.63218 -3.82432 7.90924
O -3.13889 -2.8137 8.80265
C -4.08748 -2.05396 9.40441
C -3.52042 -0.82218 10.0691
C -3.45222 0.42337 9.17342
C -4.26772 0.36512 7.89739
O -3.90945 -0.15436 6.85032
O -2.42969 -4.30052 1.22294
O -5.46553 1.01522 7.8898
O -5.28917 -2.19203 9.20494
C -6.31904 1.07435 6.80777
C -4.35594 -0.30501 11.25472
C -3.46002 0.49132 12.20087
C -3.18215 1.71788 11.3565
C -4.09484 1.43584 10.15519
O -5.16385 0.7013 10.70122
H -2.51017 -1.10124 10.44835
H -2.42206 0.74076 8.90019
H -4.8846 -1.11228 11.80729
H -4.09318 0.78997 13.06723
H -2.55838 -0.03986 12.57475
H -3.52603 2.61412 11.91905
H -2.12499 1.84749 11.03851
H -4.3643 2.39287 9.65608
O -1.35684 -4.5523 4.63402
C -2.24118 -3.04618 0.68132
C -4.81821 -6.51116 2.81238
C -4.88299 -8.01776 2.57978
C -4.19817 -8.52327 3.83116
C -3.98809 -7.20485 4.5891
O -5.07819 -6.4086 4.19168
H -2.85939 -6.60354 1.86013
H -1.89129 -7.08923 3.91319
H -1.84426 -2.35246 1.45312
H -5.52864 -5.98512 2.13749
H -5.95788 -8.30663 2.62072
H -4.44485 -8.37309 1.62234
H -4.91051 -9.1823 4.37587
H -3.2381 -9.05806 3.66497
H -3.90809 -7.4293 5.67472
H -3.20015 -2.65374 0.28042
H -1.50849 -3.11466 -0.14871
H -7.21652 1.6645 7.08462
H -6.63912 0.05068 6.51775
H -5.81611 1.56894 5.94951
H -4.36926 -3.37635 7.20285
H -4.12095 -4.64639 8.47677
H -2.038 -3.45235 6.57086
H -1.73529 -4.84826 7.6883
$end

$opt
CONSTRAINT
tors           1           2           3           4     -75.574
tors           3           4           5           6    +119.432
tors           4           5           6           7    +172.597
tors           5           6           7           8    +148.017
tors           6           7           8           9    -175.829
tors           7           8           9          10    +165.557
tors           8           9          10          11    -166.686
tors           9          10          11          12     +90.020
tors          11          12          13          14     -83.352
ENDCONSTRAINT
$end

$rem
JOBTYPE                   OPT
METHOD                    B3LYP
DFT_D                     d3_op
BASIS                     STO-3G
GEOM_OPT_MAX_CYCLES       100
GEOM_OPT_TOL_GRADIENT     300
GEOM_OPT_TOL_DISPLACEMENT 1200
GEOM_OPT_TOL_ENERGY       100
SYMMETRY                  False
THRESH                    12
SCF_CONVERGENCE           8
MAX_SUB_FILE_NUM          128
MEM_STATIC                400
MEM_TOTAL                 4000
$end
