$molecule
0  1
O -3.94934 -3.66094 2.70899
C -3.26408 -4.56952 2.26188
C -3.36658 -6.02376 2.66595
C -2.77152 -6.41828 4.02761
C -2.29931 -5.28492 4.91112
O -3.29289 -4.92676 5.77712
C -2.89295 -3.91223 6.7045
C -2.73132 -2.57696 5.98543
O -2.02454 -1.65103 6.82566
C -1.01103 -0.97725 6.22736
C -0.23278 -0.11035 7.18834
C 1.22232 0.16299 6.78061
C 1.57584 -0.15348 5.34132
O 2.1684 -1.15258 4.96022
O -2.41992 -4.29704 1.23186
O 1.12975 0.71493 4.39016
O -1.0222 -0.75509 5.0226
C 1.33688 0.56571 3.0345
C -0.75815 1.33682 7.3098
C -0.34975 1.91092 8.66618
C 1.14858 2.05565 8.47275
C 1.26923 1.68811 6.98798
O 0.03997 2.0947 6.43433
H -0.30453 -0.58478 8.19467
H 1.93169 -0.40754 7.42
H -1.85777 1.41913 7.16722
H -0.80025 2.92776 8.72862
H -0.65714 1.32414 9.55838
H 1.42396 3.11855 8.65145
H 1.77524 1.38538 9.10032
H 2.18143 2.14032 6.53977
O -1.17241 -4.80632 4.85656
C -2.21655 -3.03818 0.70612
C -4.81827 -6.50776 2.80042
C -4.88246 -8.02181 2.60875
C -4.24477 -8.49453 3.89755
C -4.01467 -7.15307 4.60391
O -5.09375 -6.35948 4.16998
H -2.85072 -6.60034 1.86395
H -1.93012 -7.14374 3.96385
H -1.81892 -2.35705 1.48904
H -5.51488 -5.99807 2.0991
H -5.95673 -8.31499 2.61558
H -4.40473 -8.39506 1.67736
H -4.99502 -9.09559 4.45837
H -3.30577 -9.07718 3.77965
H -3.93705 -7.32076 5.70091
H -3.16905 -2.63242 0.30311
H -1.47837 -3.10343 -0.11928
H 0.86691 1.4161 2.49943
H 0.87514 -0.38001 2.67828
H 2.42537 0.56018 2.81244
H -2.23055 -2.71316 5.00632
H -3.74417 -2.18352 5.75397
H -1.93753 -4.21445 7.19286
H -3.64917 -3.80138 7.51022
$end

$opt
CONSTRAINT
tors           1           2           3           4     -75.574
tors           3           4           5           6     +94.171
tors           4           5           6           7    +176.375
tors           5           6           7           8     +70.927
tors           6           7           8           9    -165.887
tors           7           8           9          10    +132.703
tors           8           9          10          11    -175.048
tors           9          10          11          12    +153.819
tors          11          12          13          14    -101.308
ENDCONSTRAINT
$end

$rem
JOBTYPE                   OPT
METHOD                    B3LYP
DFT_D                     d3_op
BASIS                     STO-3G
GEOM_OPT_MAX_CYCLES       100
GEOM_OPT_TOL_GRADIENT     300
GEOM_OPT_TOL_DISPLACEMENT 1200
GEOM_OPT_TOL_ENERGY       100
SYMMETRY                  False
THRESH                    12
SCF_CONVERGENCE           8
MAX_SUB_FILE_NUM          128
MEM_STATIC                400
MEM_TOTAL                 4000
$end
