$molecule
0  1
O -3.94934 -3.66094 2.70899
C -3.26408 -4.56952 2.26188
C -3.36658 -6.02376 2.66595
C -4.06229 -6.33461 4.00132
C -4.73478 -5.17248 4.69797
O -6.0891 -5.34915 4.69284
C -6.79803 -4.28681 5.33945
C -7.46117 -3.38862 4.30039
O -8.17057 -2.32474 4.95443
C -8.21706 -1.15143 4.27595
C -8.91891 -0.05585 5.04262
C -7.98752 0.91455 5.78365
C -6.52934 0.87444 5.37276
O -5.77972 -0.08119 5.51203
O -2.45085 -4.31021 1.20446
O -6.01447 1.99055 4.78557
O -7.60845 -0.93229 3.23469
C -4.71548 2.11221 4.33756
C -9.73909 0.91846 4.1771
C -10.85175 1.53392 5.02227
C -10.04261 2.41304 5.95556
C -8.64221 2.24585 5.34839
O -8.88596 2.02018 3.97988
H -9.60425 -0.55615 5.76631
H -8.00932 0.76453 6.88535
H -10.15835 0.44954 3.26029
H -11.44413 2.18638 4.341
H -11.53624 0.81641 5.5238
H -10.40694 3.45921 5.85268
H -10.0526 2.10692 7.02414
H -8.01833 3.13172 5.59782
O -4.12265 -4.25753 5.23859
C -2.27525 -3.06091 0.64713
C -4.19534 -6.8594 1.67825
C -3.75931 -8.31982 1.74933
C -4.31109 -8.71019 3.10331
C -5.04933 -7.42065 3.48783
O -5.47769 -6.89644 2.25429
H -2.31519 -6.39025 2.70095
H -3.37184 -6.78037 4.7513
H -1.86474 -2.35891 1.4042
H -4.13808 -6.48894 0.6312
H -4.32453 -8.86938 0.96264
H -2.67095 -8.49683 1.61101
H -5.03302 -9.54459 2.95792
H -3.55145 -8.99443 3.86319
H -5.84543 -7.67053 4.22267
H -3.24261 -2.67395 0.26133
H -1.55874 -3.13624 -0.19632
H -4.57335 3.12371 3.90502
H -4.50985 1.35461 3.55128
H -4.0054 1.9807 5.18179
H -6.63956 -3.0166 3.64739
H -8.16887 -3.98667 3.6869
H -6.17721 -3.64332 6.00253
H -7.57367 -4.73205 5.99775
$end

$opt
CONSTRAINT
tors           1           2           3           4     -19.113
tors           3           4           5           6    +112.349
tors           4           5           6           7    +179.877
tors           5           6           7           8    +104.902
tors           6           7           8           9    -179.990
tors           7           8           9          10    +147.861
tors           8           9          10          11    -177.290
tors           9          10          11          12     +98.281
tors          11          12          13          14     -64.134
ENDCONSTRAINT
$end

$rem
JOBTYPE                   OPT
METHOD                    B3LYP
DFT_D                     d3_op
BASIS                     STO-3G
GEOM_OPT_MAX_CYCLES       100
GEOM_OPT_TOL_GRADIENT     300
GEOM_OPT_TOL_DISPLACEMENT 1200
GEOM_OPT_TOL_ENERGY       100
SYMMETRY                  False
THRESH                    12
SCF_CONVERGENCE           8
MAX_SUB_FILE_NUM          128
MEM_STATIC                400
MEM_TOTAL                 4000
$end
