$molecule
0  1
O -3.94934 -3.66094 2.70899
C -3.26408 -4.56952 2.26188
C -3.36658 -6.02376 2.66595
C -3.31333 -6.34067 4.16947
C -3.34238 -5.15619 5.10982
O -4.34364 -5.31482 6.0251
C -4.38266 -4.27073 7.00367
C -5.75285 -3.60086 7.00323
O -5.70869 -2.39574 7.78337
C -6.26495 -1.30407 7.20202
C -6.10312 -0.05055 8.02856
C -6.02855 1.25286 7.21995
C -6.47623 1.1606 5.77504
O -5.78345 0.78339 4.84105
O -2.29378 -4.26941 1.35871
O -7.72421 1.61946 5.47399
O -7.13159 -1.40022 6.33983
C -8.27303 1.62923 4.20846
C -7.31171 0.23539 8.94272
C -6.85923 1.08097 10.13101
C -6.56443 2.39641 9.44012
C -7.06422 2.07742 8.02409
O -8.10006 1.14752 8.22382
H -5.20764 -0.19193 8.67727
H -5.03215 1.74619 7.23413
H -7.82613 -0.68526 9.29562
H -7.75083 1.21265 10.78566
H -6.0236 0.66629 10.73486
H -7.18139 3.18857 9.9193
H -5.49454 2.69768 9.42715
H -7.34721 3.01902 7.50348
O -2.46202 -4.30354 5.13526
C -2.0372 -2.99907 0.88694
C -4.73945 -6.62555 2.29874
C -4.6018 -8.13152 2.09859
C -4.35587 -8.57881 3.52276
C -4.56389 -7.25337 4.27031
O -5.4955 -6.55533 3.48343
H -2.58036 -6.57569 2.10054
H -2.38226 -6.89432 4.42265
H -1.75257 -2.32923 1.72644
H -5.19869 -6.16091 1.39841
H -5.60168 -8.50182 1.77601
H -3.83803 -8.45794 1.36038
H -5.13604 -9.32459 3.79349
H -3.34467 -8.99541 3.72153
H -4.8697 -7.48129 5.31396
H -2.93383 -2.59437 0.37052
H -1.19726 -3.04227 0.16366
H -9.29664 2.0535 4.25952
H -8.33411 0.59359 3.81085
H -7.65854 2.25782 3.52916
H -6.00927 -3.40455 5.93623
H -6.50462 -4.3063 7.41706
H -3.64288 -3.45557 6.84296
H -4.1792 -4.68785 8.0128
$end

$opt
CONSTRAINT
tors           1           2           3           4     -51.713
tors           3           4           5           6    +126.640
tors           4           5           6           7    +176.375
tors           5           6           7           8    +123.140
tors           6           7           8           9    -168.555
tors           7           8           9          10    +132.703
tors           8           9          10          11    -176.036
tors           9          10          11          12    +150.211
tors          11          12          13          14     -83.352
ENDCONSTRAINT
$end

$rem
JOBTYPE                   OPT
METHOD                    B3LYP
DFT_D                     d3_op
BASIS                     STO-3G
GEOM_OPT_MAX_CYCLES       100
GEOM_OPT_TOL_GRADIENT     300
GEOM_OPT_TOL_DISPLACEMENT 1200
GEOM_OPT_TOL_ENERGY       100
SYMMETRY                  False
THRESH                    12
SCF_CONVERGENCE           8
MAX_SUB_FILE_NUM          128
MEM_STATIC                400
MEM_TOTAL                 4000
$end
