$molecule
0  1
O -3.94934 -3.66094 2.70899
C -3.26408 -4.56952 2.26188
C -3.36658 -6.02376 2.66595
C -3.82413 -6.32317 4.10291
C -4.29854 -5.14164 4.91963
O -5.65592 -5.02546 4.82245
C -6.1894 -3.96694 5.62507
C -6.57364 -2.78224 4.74475
O -7.07272 -1.70924 5.55868
C -6.5593 -0.4838 5.28696
C -7.07355 0.58902 6.21715
C -6.26767 0.7632 7.51272
C -4.89753 0.11583 7.53073
O -4.49505 -0.66804 8.37815
O -2.22864 -4.25599 1.43926
O -4.0524 0.44587 6.51569
O -5.95398 -0.21403 4.2556
C -2.78322 -0.06954 6.35692
C -6.97439 2.03048 5.65546
C -7.9982 2.92545 6.35468
C -7.38798 3.02501 7.73846
C -6.06412 2.28787 7.50512
O -5.76353 2.54039 6.15435
H -8.15635 0.38688 6.38415
H -6.82023 0.39978 8.40717
H -7.11368 2.08819 4.55394
H -7.93492 3.92489 5.86681
H -9.05224 2.57489 6.32517
H -7.21449 4.09943 7.96925
H -7.97572 2.54787 8.55251
H -5.29704 2.61037 8.2438
O -3.54048 -4.30162 5.39159
C -1.94063 -2.97906 1.00466
C -4.46567 -6.74971 1.86094
C -4.16058 -8.24515 1.80162
C -4.43622 -8.64238 3.23555
C -4.97376 -7.31595 3.78802
O -5.60203 -6.71391 2.68441
H -2.39476 -6.50535 2.41124
H -3.0488 -6.83516 4.71416
H -1.72094 -2.31957 1.87142
H -4.59602 -6.34637 0.83237
H -4.93669 -8.70671 1.14942
H -3.15398 -8.51832 1.41825
H -5.22797 -9.42418 3.23636
H -3.55211 -8.99391 3.81014
H -5.61672 -7.51001 4.67497
H -2.79759 -2.56917 0.42836
H -1.04927 -3.01149 0.34519
H -2.3231 0.37142 5.44907
H -2.83238 -1.17272 6.23278
H -2.15405 0.18347 7.23685
H -5.68045 -2.50405 4.14655
H -7.37142 -3.11142 4.0453
H -5.49203 -3.59904 6.41281
H -7.08222 -4.34244 6.16837
$end

$opt
CONSTRAINT
tors           1           2           3           4     -29.988
tors           3           4           5           6     +94.171
tors           4           5           6           7    +177.028
tors           5           6           7           8    +104.902
tors           6           7           8           9    -178.373
tors           7           8           9          10    +132.703
tors           8           9          10          11    -177.290
tors           9          10          11          12     +87.798
tors          11          12          13          14    -126.102
ENDCONSTRAINT
$end

$rem
JOBTYPE                   OPT
METHOD                    B3LYP
DFT_D                     d3_op
BASIS                     STO-3G
GEOM_OPT_MAX_CYCLES       100
GEOM_OPT_TOL_GRADIENT     300
GEOM_OPT_TOL_DISPLACEMENT 1200
GEOM_OPT_TOL_ENERGY       100
SYMMETRY                  False
THRESH                    12
SCF_CONVERGENCE           8
MAX_SUB_FILE_NUM          128
MEM_STATIC                400
MEM_TOTAL                 4000
$end
