$molecule
0  1
O -3.94934 -3.66094 2.70899
C -3.26408 -4.56952 2.26188
C -3.36658 -6.02376 2.66595
C -2.88888 -6.39567 4.07922
C -2.52808 -5.2459 4.99352
O -3.55026 -5.01021 5.86817
C -3.26722 -3.95588 6.79419
C -4.46731 -3.0218 6.91005
O -4.01963 -1.6744 7.12676
C -4.39569 -0.77609 6.18295
C -3.84089 0.60621 6.43214
C -2.56011 0.93977 5.65327
C -2.22827 0.01446 4.49985
O -1.10392 -0.34069 4.17694
O -2.52483 -4.39624 1.12816
O -3.2478 -0.18973 3.62858
O -5.31902 -0.9616 5.39761
C -3.08749 -0.73192 2.3856
C -4.75973 1.75902 5.96293
C -4.42238 3.03444 6.73562
C -3.07268 3.37707 6.13812
C -2.97391 2.299 5.05266
O -4.30966 2.07607 4.6711
H -3.71671 0.71817 7.5339
H -1.65529 1.02408 6.29476
H -5.84292 1.52893 6.06314
H -5.15772 3.80843 6.41798
H -4.44261 2.94729 7.84323
H -3.13695 4.39137 5.68533
H -2.21367 3.32575 6.84174
H -2.28486 2.62329 4.2413
O -1.52442 -4.55974 4.84012
C -2.27809 -3.24264 0.42168
C -4.82165 -6.52549 2.69274
C -4.85369 -8.03792 2.48592
C -4.28661 -8.51225 3.80628
C -4.14943 -7.17519 4.54612
O -5.20596 -6.39731 4.03828
H -2.79605 -6.6141 1.91126
H -2.01136 -7.07951 4.08294
H -1.53577 -2.61707 0.95188
H -5.47311 -6.02085 1.94569
H -5.92489 -8.33778 2.43063
H -4.32337 -8.40618 1.58145
H -5.04673 -9.15681 4.30141
H -3.31632 -9.05044 3.74202
H -4.15523 -7.36005 5.64295
H -3.2242 -2.7025 0.20686
H -1.80695 -3.51728 -0.54409
H -4.07772 -0.84468 1.89879
H -2.61235 -1.70962 2.52345
H -2.43929 -0.08065 1.76119
H -5.03242 -3.13188 5.95763
H -5.15467 -3.36323 7.71281
H -2.40969 -3.31825 6.48373
H -3.00904 -4.35455 7.79837
$end

$opt
CONSTRAINT
tors           1           2           3           4     -70.118
tors           3           4           5           6    +101.157
tors           4           5           6           7    +178.372
tors           5           6           7           8    +134.755
tors           6           7           8           9    -146.124
tors           7           8           9          10    +120.007
tors           8           9          10          11    -177.290
tors           9          10          11          12     +96.970
tors          11          12          13          14    -142.938
ENDCONSTRAINT
$end

$rem
JOBTYPE                   OPT
METHOD                    B3LYP
DFT_D                     d3_op
BASIS                     STO-3G
GEOM_OPT_MAX_CYCLES       100
GEOM_OPT_TOL_GRADIENT     300
GEOM_OPT_TOL_DISPLACEMENT 1200
GEOM_OPT_TOL_ENERGY       100
SYMMETRY                  False
THRESH                    12
SCF_CONVERGENCE           8
MAX_SUB_FILE_NUM          128
MEM_STATIC                400
MEM_TOTAL                 4000
$end
