$molecule
0  1
O -3.94934 -3.66094 2.70899
C -3.26408 -4.56952 2.26188
C -3.36658 -6.02376 2.66595
C -3.82588 -6.3232 4.10234
C -4.30178 -5.14177 4.91833
O -5.66668 -5.13112 4.96703
C -6.19293 -4.07727 5.78048
C -7.32455 -3.36332 5.04846
O -7.8233 -2.28325 5.85318
C -8.02006 -1.11154 5.19933
C -8.51741 -0.00928 6.10394
C -7.42953 0.68621 6.93526
C -6.00114 0.43949 6.49308
O -5.09972 0.02462 7.20714
O -2.22964 -4.25619 1.43789
O -5.71028 0.70639 5.1901
O -7.9932 -0.99423 3.97945
C -4.47584 0.5065 4.60865
C -9.10326 1.21982 5.36352
C -10.06608 1.96481 6.28867
C -9.09389 2.56437 7.28484
C -7.76223 2.15918 6.64247
O -8.03979 2.13314 5.26366
H -9.34164 -0.44085 6.71644
H -7.49326 0.43025 8.01595
H -9.61892 0.96208 4.41294
H -10.51233 2.79036 5.68851
H -10.88382 1.35629 6.73114
H -9.22207 3.6695 7.2791
H -9.17564 2.17427 8.32259
H -6.94527 2.84346 6.96248
O -3.54844 -4.29062 5.37718
C -1.94269 -2.97949 1.00185
C -4.46583 -6.7471 1.85843
C -4.15494 -8.24013 1.78712
C -4.41677 -8.64625 3.22052
C -4.96562 -7.32776 3.78245
O -5.60046 -6.72222 2.6853
H -2.39466 -6.50552 2.41159
H -3.04626 -6.82901 4.71326
H -1.72254 -2.31905 1.86776
H -4.60128 -6.33742 0.83299
H -4.93554 -8.69933 1.13853
H -3.15112 -8.50888 1.39348
H -5.19722 -9.43932 3.22235
H -3.52439 -8.98725 3.78868
H -5.60565 -7.54136 4.66687
H -2.80041 -2.57056 0.426
H -1.05196 -3.01207 0.34154
H -4.52394 0.80634 3.54182
H -4.19682 -0.56773 4.66557
H -3.70676 1.12367 5.12025
H -6.92346 -3.03857 4.06178
H -8.14173 -4.09422 4.86795
H -5.45748 -3.29941 6.08466
H -6.61162 -4.51768 6.71069
$end

$opt
CONSTRAINT
tors           1           2           3           4     -29.911
tors           3           4           5           6    +102.266
tors           4           5           6           7    +177.028
tors           5           6           7           8    +133.349
tors           6           7           8           9    -178.373
tors           7           8           9          10    +134.695
tors           8           9          10          11    -178.824
tors           9          10          11          12     +80.579
tors          11          12          13          14    -126.102
ENDCONSTRAINT
$end

$rem
JOBTYPE                   OPT
METHOD                    B3LYP
DFT_D                     d3_op
BASIS                     STO-3G
GEOM_OPT_MAX_CYCLES       100
GEOM_OPT_TOL_GRADIENT     300
GEOM_OPT_TOL_DISPLACEMENT 1200
GEOM_OPT_TOL_ENERGY       100
SYMMETRY                  False
THRESH                    12
SCF_CONVERGENCE           8
MAX_SUB_FILE_NUM          128
MEM_STATIC                400
MEM_TOTAL                 4000
$end
