$molecule
0  1
O -3.94934 -3.66094 2.70899
C -3.26408 -4.56952 2.26188
C -3.36658 -6.02376 2.66595
C -4.15352 -6.34311 3.94759
C -4.89986 -5.1922 4.58514
O -6.23624 -5.47129 4.62542
C -7.00409 -4.45587 5.28009
C -7.51066 -3.44073 4.26077
O -8.01523 -2.27833 4.93687
C -7.77304 -1.09455 4.32111
C -7.89422 0.08846 5.25193
C -6.62771 0.40966 6.05882
C -5.35055 -0.24538 5.5725
O -4.62361 -0.96499 6.24204
O -2.42672 -4.30215 1.2257
O -4.98307 0.01406 4.28792
O -7.64529 -0.98367 3.10765
C -3.77965 -0.36363 3.73187
C -8.09402 1.45126 4.53997
C -8.77478 2.43221 5.49525
C -7.65437 2.68717 6.48442
C -6.51282 1.92156 5.80487
O -6.80855 2.01011 4.43239
H -8.80187 -0.07827 5.87599
H -6.74472 0.14634 7.13325
H -8.67648 1.37719 3.59587
H -8.95564 3.36644 4.91607
H -9.73399 2.09351 5.94239
H -7.44957 3.78037 6.50896
H -7.83373 2.30692 7.51353
H -5.52365 2.32317 6.11815
O -4.34639 -4.25428 5.15026
C -2.23955 -3.04734 0.68431
C -4.10311 -6.88307 1.6262
C -3.63756 -8.33157 1.73606
C -4.27087 -8.72906 3.05169
C -5.071 -7.45908 3.37386
O -5.4225 -6.95117 2.10972
H -2.31299 -6.36703 2.78026
H -3.49909 -6.75599 4.74716
H -1.84768 -2.35188 1.45734
H -3.98124 -6.51595 0.58356
H -4.13531 -8.89732 0.91593
H -2.53863 -8.48425 1.6727
H -4.95462 -9.58679 2.86377
H -3.5579 -8.98396 3.86535
H -5.91099 -7.73334 4.04801
H -3.19838 -2.65722 0.28071
H -1.50403 -3.11395 -0.14332
H -3.75455 -0.05254 2.66746
H -3.65756 -1.46153 3.79286
H -2.94198 0.12838 4.27045
H -6.63835 -3.16705 3.6218
H -8.29012 -3.89969 3.61569
H -6.43121 -3.93372 6.08031
H -7.8693 -4.91694 5.80127
$end

$opt
CONSTRAINT
tors           1           2           3           4     -14.662
tors           3           4           5           6    +119.642
tors           4           5           6           7    +176.942
tors           5           6           7           8     +92.238
tors           6           7           8           9    -167.120
tors           7           8           9          10    +143.082
tors           8           9          10          11    -160.706
tors           9          10          11          12     +84.990
tors          11          12          13          14    -123.271
ENDCONSTRAINT
$end

$rem
JOBTYPE                   OPT
METHOD                    B3LYP
DFT_D                     d3_op
BASIS                     STO-3G
GEOM_OPT_MAX_CYCLES       100
GEOM_OPT_TOL_GRADIENT     300
GEOM_OPT_TOL_DISPLACEMENT 1200
GEOM_OPT_TOL_ENERGY       100
SYMMETRY                  False
THRESH                    12
SCF_CONVERGENCE           8
MAX_SUB_FILE_NUM          128
MEM_STATIC                400
MEM_TOTAL                 4000
$end
