$molecule
0  1
O -3.94934 -3.66094 2.70899
C -3.26408 -4.56952 2.26188
C -3.36658 -6.02376 2.66595
C -4.11142 -6.33887 3.97353
C -4.82383 -5.18249 4.63938
O -6.13072 -5.15281 4.24367
C -6.88313 -4.10455 4.86357
C -6.57654 -2.76977 4.19237
O -7.30488 -1.71634 4.84251
C -6.54532 -0.75636 5.42616
C -7.36635 0.28603 6.14725
C -7.59127 0.01295 7.64161
C -6.69137 -1.03531 8.26454
O -7.07142 -2.01545 8.8886
O -2.43919 -4.30712 1.21434
O -5.35004 -0.85498 8.11757
O -5.35721 -0.57938 5.18078
C -4.3884 -1.72059 8.59461
C -6.70219 1.68326 6.23399
C -7.77799 2.75256 6.427
C -8.21447 2.4608 7.84898
C -7.19685 1.37893 8.22936
O -6.05198 1.70599 7.47986
H -8.31144 0.41821 5.57194
H -8.6424 -0.27355 7.86634
H -6.07615 1.93161 5.34934
H -7.25674 3.73689 6.41116
H -8.59426 2.76347 5.67312
H -8.06836 3.38107 8.45683
H -9.25646 2.08959 7.95959
H -7.06113 1.33508 9.33285
O -4.27298 -4.3706 5.37445
C -2.25918 -3.05647 0.66156
C -4.13926 -6.87101 1.64519
C -3.71422 -8.33336 1.75986
C -4.36262 -8.71109 3.07446
C -5.09299 -7.4055 3.41104
O -5.44969 -6.88975 2.15054
H -2.31257 -6.37313 2.75067
H -3.48112 -6.81791 4.75531
H -1.85816 -2.35539 1.42454
H -4.02065 -6.51345 0.59887
H -4.21816 -8.89498 0.94093
H -2.61756 -8.50455 1.7043
H -5.10222 -9.51957 2.87938
H -3.66307 -9.02515 3.87886
H -5.93163 -7.62013 4.10977
H -3.22283 -2.6702 0.26587
H -1.53331 -3.12908 -0.17409
H -3.38453 -1.32839 8.33238
H -4.51317 -2.72246 8.13049
H -4.46302 -1.80485 9.69981
H -5.48571 -2.61051 4.21087
H -6.87594 -2.81435 3.12362
H -6.69889 -4.06853 5.9624
H -7.96487 -4.31193 4.72168
$end

$opt
CONSTRAINT
tors           1           2           3           4     -16.742
tors           3           4           5           6     +94.171
tors           4           5           6           7    +178.315
tors           5           6           7           8     +77.867
tors           6           7           8           9    -178.373
tors           7           8           9          10    +117.823
tors           8           9          10          11    -177.290
tors           9          10          11          12     +93.203
tors          11          12          13          14    -126.102
ENDCONSTRAINT
$end

$rem
JOBTYPE                   OPT
METHOD                    B3LYP
DFT_D                     d3_op
BASIS                     STO-3G
GEOM_OPT_MAX_CYCLES       100
GEOM_OPT_TOL_GRADIENT     300
GEOM_OPT_TOL_DISPLACEMENT 1200
GEOM_OPT_TOL_ENERGY       100
SYMMETRY                  False
THRESH                    12
SCF_CONVERGENCE           8
MAX_SUB_FILE_NUM          128
MEM_STATIC                400
MEM_TOTAL                 4000
$end
