$molecule
0  1
O -3.94934 -3.66094 2.70899
C -3.26408 -4.56952 2.26188
C -3.36658 -6.02376 2.66595
C -3.39558 -6.33432 4.17146
C -3.49808 -5.14707 5.10314
O -4.80646 -4.91883 5.42169
C -4.98424 -3.81368 6.31404
C -4.8675 -2.49814 5.55125
O -4.63887 -1.41823 6.47016
C -3.53127 -0.67328 6.23053
C -3.0773 0.11138 7.43836
C -2.28136 -0.69677 8.47358
C -1.75543 -2.03776 8.00257
O -1.94674 -3.10931 8.55911
O -2.26989 -4.26344 1.38726
O -0.91864 -2.01625 6.92902
O -3.04187 -0.51825 5.11771
C -0.00839 -3.00998 6.63015
C -2.04717 1.22985 7.13776
C -2.10934 2.29108 8.23686
C -1.50322 1.53012 9.3996
C -1.0801 0.23936 8.6886
O -0.78855 0.65071 7.37512
H -3.98127 0.60995 7.85676
H -2.86959 -0.88011 9.39979
H -2.18725 1.70765 6.14378
H -1.40546 3.10122 7.93826
H -3.1096 2.7347 8.4303
H -0.61861 2.09611 9.76678
H -2.1977 1.31567 10.24073
H -0.25305 -0.26294 9.23778
O -2.56412 -4.39666 5.34379
C -1.9974 -2.9887 0.93661
C -4.70482 -6.64382 2.21554
C -4.54984 -8.1557 2.06443
C -4.43156 -8.57004 3.51511
C -4.66858 -7.22111 4.20603
O -5.54166 -6.54194 3.33835
H -2.54276 -6.56537 2.14689
H -2.52259 -6.92999 4.51822
H -1.73244 -2.32933 1.79087
H -5.09679 -6.2033 1.27228
H -5.5139 -8.54199 1.66197
H -3.71958 -8.48983 1.40572
H -5.25601 -9.28131 3.74435
H -3.45443 -9.01304 3.80543
H -5.0367 -7.38937 5.24231
H -2.87934 -2.57517 0.40222
H -1.13932 -3.02651 0.23466
H 0.51088 -2.75591 5.68352
H -0.50306 -3.99338 6.522
H 0.74612 -3.08137 7.44214
H -4.04047 -2.57701 4.82598
H -5.79217 -2.32646 4.96043
H -4.23182 -3.86818 7.1347
H -5.98252 -3.86001 6.79797
$end

$opt
CONSTRAINT
tors           1           2           3           4     -48.255
tors           3           4           5           6     +94.171
tors           4           5           6           7    +179.445
tors           5           6           7           8     +77.867
tors           6           7           8           9    -162.579
tors           7           8           9          10    +124.288
tors           8           9          10          11    -160.272
tors           9          10          11          12     +79.715
tors          11          12          13          14    -126.315
ENDCONSTRAINT
$end

$rem
JOBTYPE                   OPT
METHOD                    B3LYP
DFT_D                     d3_op
BASIS                     STO-3G
GEOM_OPT_MAX_CYCLES       100
GEOM_OPT_TOL_GRADIENT     300
GEOM_OPT_TOL_DISPLACEMENT 1200
GEOM_OPT_TOL_ENERGY       100
SYMMETRY                  False
THRESH                    12
SCF_CONVERGENCE           8
MAX_SUB_FILE_NUM          128
MEM_STATIC                400
MEM_TOTAL                 4000
$end
