$molecule
0  1
O -3.94934 -3.66094 2.70899
C -3.26408 -4.56952 2.26188
C -3.36658 -6.02376 2.66595
C -4.19297 -6.34761 3.92136
C -4.97084 -5.20232 4.53071
O -6.1498 -5.03439 3.86192
C -6.95081 -3.97227 4.39064
C -6.39968 -2.62362 3.93949
O -7.18416 -1.56091 4.50351
C -6.61194 -0.90103 5.54094
C -7.62465 -0.29392 6.48248
C -8.10869 -1.22716 7.60188
C -7.27251 -2.46956 7.83418
O -7.61049 -3.6125 7.56212
O -2.42066 -4.3029 1.23049
O -6.0188 -2.2723 8.32661
O -5.41382 -0.65504 5.60572
C -5.17718 -3.27448 8.75954
C -7.09666 0.87968 7.34866
C -8.26751 1.76925 7.76871
C -8.97793 0.85761 8.75132
C -7.97577 -0.30126 8.82048
O -6.72963 0.30686 8.57996
H -8.44331 0.12553 5.8536
H -9.14488 -1.57523 7.39543
H -6.31889 1.49098 6.84138
H -7.82836 2.62421 8.33198
H -8.90218 2.1673 6.94805
H -9.05757 1.38655 9.7267
H -9.9783 0.49763 8.42639
H -8.073 -0.85778 9.77876
O -4.7026 -4.71354 5.61938
C -2.23225 -3.05012 0.68541
C -4.07134 -6.90542 1.6203
C -3.61938 -8.35655 1.77942
C -4.3201 -8.73313 3.07026
C -5.11014 -7.44859 3.34528
O -5.40829 -6.95989 2.05745
H -2.31455 -6.3607 2.80909
H -3.5392 -6.74272 4.73157
H -1.84557 -2.35127 1.45775
H -3.90917 -6.56063 0.57572
H -4.07602 -8.9382 0.94676
H -2.5188 -8.51022 1.77357
H -5.01649 -9.57483 2.85847
H -3.64938 -8.99953 3.91554
H -5.97864 -7.65991 4.00721
H -3.18928 -2.66352 0.27421
H -1.4917 -3.11903 -0.13757
H -4.2224 -2.82503 9.10108
H -4.96403 -3.98606 7.94162
H -5.64145 -3.81812 9.60969
H -5.34512 -2.56535 4.27474
H -6.40695 -2.54074 2.83205
H -7.03309 -4.06455 5.47051
H -7.97726 -4.06654 3.97783
$end

$opt
CONSTRAINT
tors           1           2           3           4     -12.668
tors           3           4           5           6     +82.270
tors           4           5           6           7    +179.445
tors           5           6           7           8     +77.015
tors           6           7           8           9    -178.373
tors           7           8           9          10    +104.320
tors           8           9          10          11    -153.024
tors           9          10          11          12     +87.578
tors          11          12          13          14    -109.129
ENDCONSTRAINT
$end

$rem
JOBTYPE                   OPT
METHOD                    B3LYP
DFT_D                     d3_op
BASIS                     STO-3G
GEOM_OPT_MAX_CYCLES       100
GEOM_OPT_TOL_GRADIENT     300
GEOM_OPT_TOL_DISPLACEMENT 1200
GEOM_OPT_TOL_ENERGY       100
SYMMETRY                  False
THRESH                    12
SCF_CONVERGENCE           8
MAX_SUB_FILE_NUM          128
MEM_STATIC                400
MEM_TOTAL                 4000
$end
