$molecule
0  1
O -3.94934 -3.66094 2.70899
C -3.26408 -4.56952 2.26188
C -3.36658 -6.02376 2.66595
C -4.242 -6.35399 3.88597
C -5.05867 -5.21639 4.4578
O -6.34808 -5.30288 4.01578
C -7.18936 -4.2633 4.52644
C -7.5526 -3.28646 3.4129
O -8.36517 -2.22522 3.9386
C -7.80851 -0.98928 3.89711
C -8.62719 0.04952 4.62603
C -8.66702 -0.11205 6.15266
C -7.62461 -1.03799 6.74655
O -7.85813 -2.08571 7.33163
O -2.40002 -4.29731 1.24901
O -6.32338 -0.68458 6.56014
O -6.77761 -0.70868 3.29703
C -5.24532 -1.35261 7.10071
C -8.09965 1.50218 4.53181
C -9.25324 2.47945 4.75994
C -9.51266 2.27327 6.24009
C -8.3577 1.32802 6.59125
O -7.33357 1.6926 5.69643
H -9.64022 0.02863 4.16349
H -9.6593 -0.48521 6.49029
H -7.59439 1.73089 3.5685
H -8.83882 3.50284 4.61244
H -10.13835 2.3493 4.10083
H -9.40103 3.25263 6.75591
H -10.4951 1.8176 6.49104
H -8.10773 1.39001 7.67349
O -4.58281 -4.3257 5.1521
C -2.20257 -3.04214 0.71275
C -4.00074 -6.89977 1.57461
C -3.53872 -8.34539 1.74049
C -4.29941 -8.74049 2.98762
C -5.11384 -7.46429 3.23389
O -5.35563 -6.96631 1.94005
H -2.31762 -6.3423 2.86157
H -3.67939 -6.79614 4.73788
H -1.83263 -2.34565 1.49535
H -3.78766 -6.54225 0.54339
H -3.94248 -8.92477 0.8794
H -2.43708 -8.48218 1.79239
H -4.97782 -9.58431 2.72999
H -3.67141 -9.01364 3.86292
H -6.0114 -7.71454 3.84143
H -3.15174 -2.65548 0.28376
H -1.44549 -3.10676 -0.09541
H -4.30892 -0.85319 6.77822
H -5.22837 -2.40394 6.75347
H -5.30084 -1.32926 8.20989
H -6.5975 -2.94899 2.95577
H -8.11679 -3.8177 2.61747
H -6.74767 -3.67229 5.35645
H -8.11204 -4.71993 4.94265
$end

$opt
CONSTRAINT
tors           1           2           3           4     -10.120
tors           3           4           5           6     +99.770
tors           4           5           6           7    +179.445
tors           5           6           7           8    +109.282
tors           6           7           8           9    -178.373
tors           7           8           9          10    +115.228
tors           8           9          10          11    -172.347
tors           9          10          11          12     +68.862
tors          11          12          13          14    -115.709
ENDCONSTRAINT
$end

$rem
JOBTYPE                   OPT
METHOD                    B3LYP
DFT_D                     d3_op
BASIS                     STO-3G
GEOM_OPT_MAX_CYCLES       100
GEOM_OPT_TOL_GRADIENT     300
GEOM_OPT_TOL_DISPLACEMENT 1200
GEOM_OPT_TOL_ENERGY       100
SYMMETRY                  False
THRESH                    12
SCF_CONVERGENCE           8
MAX_SUB_FILE_NUM          128
MEM_STATIC                400
MEM_TOTAL                 4000
$end
