$molecule
0  1
O -3.94934 -3.66094 2.70899
C -3.26408 -4.56952 2.26188
C -3.36658 -6.02376 2.66595
C -4.21631 -6.35054 3.90491
C -5.0127 -5.2088 4.49676
O -6.31909 -5.30484 4.11004
C -7.14402 -4.26707 4.65021
C -7.85446 -3.52127 3.5254
O -8.59595 -2.41516 4.06354
C -8.44582 -1.238 3.40711
C -9.08727 -0.07634 4.12805
C -8.3698 0.36436 5.41229
C -6.95973 -0.1602 5.59468
O -6.621 -1.01868 6.39644
O -2.40856 -4.29903 1.24134
O -6.04041 0.2437 4.67537
O -7.92892 -1.12437 2.30186
C -4.73935 -0.21086 4.62022
C -9.08803 1.26817 3.359
C -10.22821 2.14807 3.87253
C -9.71171 2.50626 5.25306
C -8.31177 1.88384 5.19109
O -7.96068 1.96577 3.83013
H -10.15004 -0.3625 4.29966
H -8.94497 0.05392 6.3126
H -9.16745 1.15075 2.2565
H -10.22799 3.06823 3.24469
H -11.24252 1.69489 3.84878
H -9.65698 3.61468 5.33084
H -10.29739 2.09059 6.10161
H -7.6215 2.38327 5.90634
O -4.51665 -4.32841 5.19157
C -2.21593 -3.04457 0.70154
C -4.02879 -6.89417 1.58727
C -3.5705 -8.34226 1.74025
C -4.30484 -8.73557 3.00355
C -5.1076 -7.4559 3.26999
O -5.37559 -6.95439 1.98271
H -2.31553 -6.3481 2.83986
H -3.63709 -6.79735 4.74319
H -1.84014 -2.34666 1.48011
H -3.83669 -6.53539 0.55236
H -3.99657 -8.91796 0.88748
H -2.46869 -8.48475 1.76709
H -4.99262 -9.57598 2.76
H -3.65864 -9.01289 3.86417
H -5.99252 -7.70476 3.89628
H -3.16868 -2.65889 0.27965
H -1.46538 -3.11012 -0.11261
H -4.21677 0.28397 3.7762
H -4.72543 -1.30952 4.4541
H -4.20799 0.03412 5.56455
H -7.07248 -3.2146 2.7942
H -8.54811 -4.22421 3.01653
H -6.60907 -3.50331 5.25503
H -7.90892 -4.71932 5.31675
$end

$opt
CONSTRAINT
tors           1           2           3           4     -11.466
tors           3           4           5           6    +101.229
tors           4           5           6           7    +179.051
tors           5           6           7           8    +124.145
tors           6           7           8           9    -175.422
tors           7           8           9          10    +133.413
tors           8           9          10          11    -171.809
tors           9          10          11          12     +71.269
tors          11          12          13          14    -107.754
ENDCONSTRAINT
$end

$rem
JOBTYPE                   OPT
METHOD                    B3LYP
DFT_D                     d3_op
BASIS                     STO-3G
GEOM_OPT_MAX_CYCLES       100
GEOM_OPT_TOL_GRADIENT     300
GEOM_OPT_TOL_DISPLACEMENT 1200
GEOM_OPT_TOL_ENERGY       100
SYMMETRY                  False
THRESH                    12
SCF_CONVERGENCE           8
MAX_SUB_FILE_NUM          128
MEM_STATIC                400
MEM_TOTAL                 4000
$end
