$molecule
0  1
O -3.94934 -3.66094 2.70899
C -3.26408 -4.56952 2.26188
C -3.36658 -6.02376 2.66595
C -4.242 -6.35399 3.88597
C -5.05867 -5.21639 4.4578
O -6.39012 -5.47268 4.29354
C -7.23118 -4.43766 4.81374
C -8.02362 -3.78711 3.68459
O -8.77013 -2.66959 4.19129
C -8.66832 -1.52535 3.47053
C -9.07937 -0.2997 4.25122
C -8.10127 0.12108 5.3578
C -6.72146 -0.50225 5.29223
O -6.27681 -1.32418 6.08045
O -2.40038 -4.29637 1.24905
O -5.9626 -0.18134 4.20969
O -8.34482 -1.48629 2.28947
C -4.66209 -0.59558 4.02487
C -9.13276 1.01936 3.44092
C -10.09221 1.99626 4.12143
C -9.3012 2.35153 5.36615
C -7.98365 1.62556 5.06908
O -7.89184 1.64384 3.6643
H -10.10795 -0.499 4.6295
H -8.51437 -0.1226 6.36166
H -9.42674 0.87746 2.37834
H -10.14651 2.89641 3.46746
H -11.12183 1.62097 4.30527
H -9.15821 3.45456 5.38843
H -9.74267 2.00236 6.32481
H -7.13803 2.0913 5.6218
O -4.56922 -4.30105 5.11138
C -2.20366 -3.04001 0.715
C -4.0052 -6.90042 1.57657
C -3.52514 -8.34043 1.72988
C -4.25487 -8.7445 2.99217
C -5.09529 -7.48533 3.24549
O -5.35642 -6.98802 1.95576
H -2.31745 -6.34473 2.8579
H -3.65392 -6.76489 4.73647
H -1.83446 -2.34456 1.49897
H -3.80863 -6.53642 0.54432
H -3.94503 -8.91836 0.87542
H -2.42205 -8.47265 1.75588
H -4.91113 -9.61089 2.75293
H -3.60527 -8.98948 3.86009
H -5.98085 -7.76678 3.85588
H -3.15315 -2.65296 0.28702
H -1.44664 -3.10261 -0.09336
H -4.29124 -0.21587 3.05088
H -4.61626 -1.70028 4.02692
H -4.01701 -0.19805 4.8371
H -7.29386 -3.49805 2.89336
H -8.71917 -4.5407 3.25766
H -6.69671 -3.62273 5.33659
H -7.93144 -4.87247 5.55805
$end

$opt
CONSTRAINT
tors           1           2           3           4     -10.120
tors           3           4           5           6    +114.451
tors           4           5           6           7    +179.914
tors           5           6           7           8    +116.117
tors           6           7           8           9    -174.640
tors           7           8           9          10    +131.989
tors           8           9          10          11    -161.342
tors           9          10          11          12     +71.269
tors          11          12          13          14    -110.705
ENDCONSTRAINT
$end

$rem
JOBTYPE                   OPT
METHOD                    B3LYP
DFT_D                     d3_op
BASIS                     STO-3G
GEOM_OPT_MAX_CYCLES       100
GEOM_OPT_TOL_GRADIENT     300
GEOM_OPT_TOL_DISPLACEMENT 1200
GEOM_OPT_TOL_ENERGY       100
SYMMETRY                  False
THRESH                    12
SCF_CONVERGENCE           8
MAX_SUB_FILE_NUM          128
MEM_STATIC                400
MEM_TOTAL                 4000
$end
