$molecule
0  1
O -3.94934 -3.66094 2.70899
C -3.26408 -4.56952 2.26188
C -3.36658 -6.02376 2.66595
C -4.17892 -6.34595 3.93092
C -4.94558 -5.1986 4.55052
O -6.18607 -5.1108 3.9858
C -6.98283 -4.05737 4.53782
C -7.28967 -3.01456 3.46799
O -8.07004 -1.94915 4.03262
C -7.67041 -0.69578 3.70321
C -8.18758 0.35602 4.65553
C -7.43276 0.44863 5.98968
C -6.08738 -0.24733 6.0374
O -5.79767 -1.18034 6.77234
O -2.42053 -4.30178 1.23079
O -5.15973 0.15689 5.12671
O -7.06304 -0.42627 2.67384
C -3.91123 -0.41016 4.97971
C -8.01951 1.81769 4.16742
C -9.05205 2.70859 4.85899
C -8.51082 2.72285 6.27546
C -7.19402 1.96434 6.07127
O -6.82224 2.27126 4.74933
H -9.28105 0.17678 4.76947
H -8.03996 0.04223 6.82854
H -8.10178 1.93012 3.06449
H -8.93473 3.72771 4.42473
H -10.1132 2.39407 4.76007
H -8.32669 3.77958 6.5705
H -9.1495 2.21857 7.03286
H -6.45606 2.22869 6.86076
O -4.42343 -4.36261 5.27981
C -2.23281 -3.04819 0.68718
C -4.07158 -6.88884 1.61075
C -3.63655 -8.34555 1.76102
C -4.35629 -8.72344 3.0386
C -5.11764 -7.42413 3.32497
O -5.40814 -6.92084 2.04216
H -2.31373 -6.35752 2.80771
H -3.58055 -6.8071 4.74784
H -1.84717 -2.34981 1.46057
H -3.89907 -6.53795 0.56975
H -4.08464 -8.91945 0.91851
H -2.53645 -8.50282 1.77076
H -5.0763 -9.5396 2.80594
H -3.70124 -9.02701 3.8835
H -5.99225 -7.63668 3.97884
H -3.18998 -2.6618 0.27609
H -1.49189 -3.11556 -0.13559
H -3.36777 0.11307 4.1666
H -4.0092 -1.48355 4.71046
H -3.3314 -0.30935 5.9219
H -6.3242 -2.66216 3.04129
H -7.8719 -3.50519 2.65895
H -6.52994 -3.52489 5.40326
H -7.93525 -4.49012 4.91098
$end

$opt
CONSTRAINT
tors           1           2           3           4     -13.384
tors           3           4           5           6     +88.281
tors           4           5           6           7    +179.051
tors           5           6           7           8    +116.207
tors           6           7           8           9    -179.036
tors           7           8           9          10    +134.648
tors           8           9          10          11    -160.351
tors           9          10          11          12     +77.928
tors          11          12          13          14    -117.619
ENDCONSTRAINT
$end

$rem
JOBTYPE                   OPT
METHOD                    B3LYP
DFT_D                     d3_op
BASIS                     STO-3G
GEOM_OPT_MAX_CYCLES       100
GEOM_OPT_TOL_GRADIENT     300
GEOM_OPT_TOL_DISPLACEMENT 1200
GEOM_OPT_TOL_ENERGY       100
SYMMETRY                  False
THRESH                    12
SCF_CONVERGENCE           8
MAX_SUB_FILE_NUM          128
MEM_STATIC                400
MEM_TOTAL                 4000
$end
