$molecule
0  1
O -3.94934 -3.66094 2.70899
C -3.26408 -4.56952 2.26188
C -3.36658 -6.02376 2.66595
C -4.242 -6.35399 3.88597
C -5.05867 -5.21639 4.4578
O -6.38949 -5.46223 4.27365
C -7.2312 -4.43601 4.80997
C -7.7404 -3.53497 3.68971
O -8.34198 -2.35522 4.24574
C -8.04146 -1.19392 3.61312
C -8.53817 0.02502 4.35347
C -7.78991 0.34022 5.65694
C -6.46279 -0.36704 5.84462
O -6.20479 -1.16588 6.73336
O -2.40017 -4.29679 1.24909
O -5.50983 -0.12195 4.90389
O -7.50351 -1.1268 2.51399
C -4.24527 -0.66962 4.90562
C -8.35178 1.37281 3.61421
C -9.37139 2.38592 4.13562
C -8.82721 2.64687 5.52705
C -7.52372 1.84191 5.46622
O -7.14715 1.90288 4.11105
H -9.63119 -0.12506 4.50653
H -8.41255 0.10221 6.54772
H -8.43254 1.28917 2.50873
H -9.24379 3.30986 3.52661
H -10.43588 2.06979 4.09438
H -8.62244 3.73594 5.62546
H -9.4741 2.30137 6.36249
H -6.78183 2.23052 6.19848
O -4.572 -4.30075 5.11133
C -2.20275 -3.04085 0.71447
C -4.00475 -6.9005 1.57646
C -3.52541 -8.34073 1.73049
C -4.2567 -8.7444 2.99203
C -5.09598 -7.48444 3.24485
O -5.35615 -6.98719 1.95487
H -2.31746 -6.34451 2.85823
H -3.65561 -6.76673 4.73672
H -1.83316 -2.34526 1.49812
H -3.80732 -6.53683 0.54425
H -3.94439 -8.91882 0.8757
H -2.42236 -8.47305 1.75785
H -4.91398 -9.60977 2.75191
H -3.60816 -8.99066 3.86038
H -5.98211 -7.76419 3.85527
H -3.15193 -2.65363 0.286
H -1.44562 -3.10429 -0.09373
H -3.68498 -0.29351 4.02529
H -4.30883 -1.7733 4.84027
H -3.7025 -0.37684 5.82952
H -6.85692 -3.29362 3.05528
H -8.47348 -4.09587 3.0718
H -6.72331 -3.78106 5.55236
H -8.08006 -4.89007 5.36323
$end

$opt
CONSTRAINT
tors           1           2           3           4     -10.120
tors           3           4           5           6    +113.448
tors           4           5           6           7    +179.051
tors           5           6           7           8    +102.203
tors           6           7           8           9    -167.829
tors           7           8           9          10    +137.724
tors           8           9          10          11    -171.809
tors           9          10          11          12     +70.671
tors          11          12          13          14    -117.006
ENDCONSTRAINT
$end

$rem
JOBTYPE                   OPT
METHOD                    B3LYP
DFT_D                     d3_op
BASIS                     STO-3G
GEOM_OPT_MAX_CYCLES       100
GEOM_OPT_TOL_GRADIENT     300
GEOM_OPT_TOL_DISPLACEMENT 1200
GEOM_OPT_TOL_ENERGY       100
SYMMETRY                  False
THRESH                    12
SCF_CONVERGENCE           8
MAX_SUB_FILE_NUM          128
MEM_STATIC                400
MEM_TOTAL                 4000
$end
