$molecule
0  1
O -3.94934 -3.66094 2.70899
C -3.26408 -4.56952 2.26188
C -3.36658 -6.02376 2.66595
C -4.02525 -6.33186 4.0206
C -4.6674 -5.16583 4.73901
O -6.02046 -5.34343 4.79481
C -6.70069 -4.27971 5.46939
C -7.47337 -3.43003 4.46583
O -7.7472 -2.13691 5.02773
C -7.63285 -1.09245 4.1703
C -7.90917 0.23976 4.82567
C -6.84364 0.69986 5.83127
C -5.51916 -0.03434 5.77287
O -5.03628 -0.69835 6.67867
O -2.45259 -4.30906 1.20353
O -4.85149 0.01084 4.58746
O -7.4229 -1.20402 2.96791
C -3.63388 -0.59219 4.35381
C -7.91516 1.46016 3.87328
C -8.7526 2.58262 4.48692
C -7.85683 3.01212 5.63283
C -6.62329 2.1449 5.35569
O -6.6174 1.99668 3.95562
H -8.92321 0.16037 5.27957
H -7.21204 0.62307 6.87827
H -8.28619 1.22628 2.8519
H -8.78535 3.40474 3.73601
H -9.79173 2.31211 4.77296
H -7.62268 4.09271 5.50946
H -8.26263 2.82166 6.6501
H -5.71106 2.59737 5.80376
O -4.02486 -4.26062 5.25972
C -2.27562 -3.05756 0.65127
C -4.23392 -6.84807 1.70186
C -3.80868 -8.3124 1.75336
C -4.31877 -8.7029 3.12352
C -5.03537 -7.40941 3.53517
O -5.49793 -6.87716 2.31766
H -2.31863 -6.40173 2.66589
H -3.3146 -6.78286 4.74828
H -1.86298 -2.35948 1.41101
H -4.20654 -6.47379 0.65493
H -4.405 -8.85342 0.98388
H -2.72734 -8.49937 1.57814
H -5.04978 -9.53282 2.99959
H -3.53658 -8.99318 3.85783
H -5.81 -7.65693 4.2933
H -3.24295 -2.66691 0.26908
H -1.56065 -3.13035 -0.19368
H -3.32925 -0.40393 3.30391
H -3.71376 -1.68665 4.51298
H -2.86256 -0.17117 5.0333
H -6.80273 -3.34515 3.57997
H -8.40337 -3.94903 4.15047
H -6.02107 -3.58251 6.00761
H -7.37665 -4.67812 6.25489
$end

$opt
CONSTRAINT
tors           1           2           3           4     -20.867
tors           3           4           5           6    +113.448
tors           4           5           6           7    +179.680
tors           5           6           7           8    +108.021
tors           6           7           8           9    -159.473
tors           7           8           9          10    +140.595
tors           8           9          10          11    -178.992
tors           9          10          11          12     +69.756
tors          11          12          13          14    -117.954
ENDCONSTRAINT
$end

$rem
JOBTYPE                   OPT
METHOD                    B3LYP
DFT_D                     d3_op
BASIS                     STO-3G
GEOM_OPT_MAX_CYCLES       100
GEOM_OPT_TOL_GRADIENT     300
GEOM_OPT_TOL_DISPLACEMENT 1200
GEOM_OPT_TOL_ENERGY       100
SYMMETRY                  False
THRESH                    12
SCF_CONVERGENCE           8
MAX_SUB_FILE_NUM          128
MEM_STATIC                400
MEM_TOTAL                 4000
$end
