$molecule
0  1
O -3.94934 -3.66094 2.70899
C -3.26408 -4.56952 2.26188
C -3.36658 -6.02376 2.66595
C -4.17805 -6.34585 3.9315
C -4.94402 -5.19837 4.55173
O -6.28667 -5.41557 4.42705
C -7.08157 -4.37857 5.01186
C -7.62337 -3.45552 3.92532
O -8.19153 -2.27874 4.52136
C -7.92929 -1.11434 3.87751
C -8.29325 0.10367 4.69277
C -7.23094 0.54183 5.7115
C -5.85104 -0.05664 5.52605
O -5.20991 -0.64032 6.38793
O -2.41997 -4.30081 1.23152
O -5.27881 0.09374 4.29995
O -7.6166 -1.05233 2.69407
C -4.01704 -0.35314 3.96896
C -8.41863 1.4119 3.87111
C -9.31781 2.40009 4.61468
C -8.42144 2.77813 5.77688
C -7.13708 2.04105 5.37999
O -7.16394 2.03641 3.97367
H -9.29486 -0.09075 5.13977
H -7.54249 0.34513 6.76108
H -8.80428 1.25356 2.84045
H -9.4328 3.28837 3.95238
H -10.32559 2.02537 4.89525
H -8.27305 3.88062 5.76175
H -8.77867 2.45283 6.77805
H -6.24752 2.51742 5.84886
O -4.40909 -4.27632 5.15881
C -2.23139 -3.04601 0.69072
C -4.0741 -6.88784 1.61054
C -3.60838 -8.33536 1.73601
C -4.27806 -8.73238 3.03357
C -5.08292 -7.46064 3.33452
O -5.40439 -6.95562 2.06121
H -2.31348 -6.35937 2.80385
H -3.55172 -6.77026 4.7473
H -1.84627 -2.34931 1.46598
H -3.92655 -6.52321 0.57035
H -4.07978 -8.90513 0.90325
H -2.50736 -8.48301 1.70515
H -4.96121 -9.58607 2.82602
H -3.58836 -8.99269 3.86532
H -5.93914 -7.72801 3.99145
H -3.18816 -2.65816 0.28005
H -1.49 -3.11176 -0.13174
H -3.8125 -0.1138 2.90533
H -3.95296 -1.45169 4.10977
H -3.25567 0.14863 4.60338
H -6.76291 -3.20151 3.26319
H -8.38415 -3.99834 3.32487
H -6.52816 -3.74367 5.73969
H -7.91464 -4.82394 5.5954
$end

$opt
CONSTRAINT
tors           1           2           3           4     -13.428
tors           3           4           5           6    +112.749
tors           4           5           6           7    +179.051
tors           5           6           7           8    +102.203
tors           6           7           8           9    -168.647
tors           7           8           9          10    +139.212
tors           8           9          10          11    -167.779
tors           9          10          11          12     +83.094
tors          11          12          13          14    -127.016
ENDCONSTRAINT
$end

$rem
JOBTYPE                   OPT
METHOD                    B3LYP
DFT_D                     d3_op
BASIS                     STO-3G
GEOM_OPT_MAX_CYCLES       100
GEOM_OPT_TOL_GRADIENT     300
GEOM_OPT_TOL_DISPLACEMENT 1200
GEOM_OPT_TOL_ENERGY       100
SYMMETRY                  False
THRESH                    12
SCF_CONVERGENCE           8
MAX_SUB_FILE_NUM          128
MEM_STATIC                400
MEM_TOTAL                 4000
$end
