$molecule
0  1
O -3.94934 -3.66094 2.70899
C -3.26408 -4.56952 2.26188
C -3.36658 -6.02376 2.66595
C -4.242 -6.35399 3.88597
C -5.05867 -5.21639 4.4578
O -6.388 -5.44684 4.24515
C -7.2291 -4.4111 4.76386
C -7.61542 -3.44143 3.65183
O -8.20775 -2.2608 4.21587
C -7.83737 -1.09034 3.63968
C -8.26197 0.11894 4.43844
C -7.52606 0.30386 5.77354
C -6.25965 -0.51002 5.94826
O -6.06757 -1.34344 6.8218
O -2.40005 -4.29669 1.24923
O -5.2675 -0.27442 5.04624
O -7.27405 -1.00583 2.55462
C -4.00519 -0.8232 5.09747
C -7.96269 1.48821 3.78155
C -8.91867 2.54221 4.34096
C -8.38878 2.68519 5.75488
C -7.14645 1.79038 5.67325
O -6.73484 1.89931 4.33121
H -9.36584 0.03828 4.56306
H -8.18595 0.06697 6.63741
H -8.0234 1.47222 2.67175
H -8.71203 3.487 3.78826
H -10.00168 2.30633 4.26205
H -8.10664 3.74889 5.91817
H -9.07833 2.34404 6.55732
H -6.39569 2.08192 6.4407
O -4.57752 -4.30921 5.12461
C -2.20285 -3.04072 0.71459
C -4.00397 -6.90008 1.57586
C -3.52645 -8.34089 1.73084
C -4.26108 -8.74395 2.99059
C -5.09772 -7.48223 3.24285
O -5.3558 -6.98459 1.95259
H -2.31747 -6.34412 2.85879
H -3.65919 -6.77119 4.73698
H -1.83361 -2.345 1.4983
H -3.80465 -6.53677 0.5439
H -3.94363 -8.91889 0.87512
H -2.42352 -8.47362 1.76099
H -4.92069 -9.60695 2.74827
H -3.61485 -8.99341 3.85974
H -5.98513 -7.75931 3.85276
H -3.15207 -2.6538 0.28593
H -1.44556 -3.104 -0.09347
H -3.41113 -0.44817 4.23907
H -4.06328 -1.92369 5.0313
H -3.49886 -0.52879 6.04128
H -6.67674 -3.20521 3.10051
H -8.31873 -3.94057 2.95172
H -6.75382 -3.82813 5.58428
H -8.13861 -4.85451 5.22097
$end

$opt
CONSTRAINT
tors           1           2           3           4     -10.120
tors           3           4           5           6    +112.002
tors           4           5           6           7    +179.832
tors           5           6           7           8     +97.805
tors           6           7           8           9    -167.584
tors           7           8           9          10    +139.228
tors           8           9          10          11    -168.348
tors           9          10          11          12     +69.036
tors          11          12          13          14    -119.550
ENDCONSTRAINT
$end

$rem
JOBTYPE                   OPT
METHOD                    B3LYP
DFT_D                     d3_op
BASIS                     STO-3G
GEOM_OPT_MAX_CYCLES       100
GEOM_OPT_TOL_GRADIENT     300
GEOM_OPT_TOL_DISPLACEMENT 1200
GEOM_OPT_TOL_ENERGY       100
SYMMETRY                  False
THRESH                    12
SCF_CONVERGENCE           8
MAX_SUB_FILE_NUM          128
MEM_STATIC                400
MEM_TOTAL                 4000
$end
