$molecule
0  1
O -3.94934 -3.66094 2.70899
C -3.26408 -4.56952 2.26188
C -3.36658 -6.02376 2.66595
C -4.242 -6.35399 3.88597
C -5.05867 -5.21639 4.4578
O -6.38922 -5.5139 4.37682
C -7.23006 -4.48187 4.90327
C -7.8403 -3.66968 3.76569
O -8.44569 -2.47592 4.28659
C -8.22631 -1.34848 3.56556
C -8.71674 -0.10074 4.26075
C -7.91823 0.30084 5.50951
C -6.56845 -0.36826 5.67416
O -6.26335 -1.13654 6.57484
O -2.40032 -4.29677 1.24898
O -5.65697 -0.13911 4.68949
O -7.75048 -1.33289 2.4363
C -4.38058 -0.65805 4.66634
C -8.59817 1.20864 3.44326
C -9.61798 2.22507 3.95777
C -9.01772 2.57297 5.30661
C -7.69852 1.7956 5.22779
O -7.38573 1.79173 3.85496
H -9.79689 -0.26755 4.47548
H -8.49553 0.09492 6.43805
H -8.72684 1.06351 2.34876
H -9.54155 3.11751 3.29555
H -10.67495 1.88309 3.98319
H -8.83601 3.67011 5.33761
H -9.61716 2.25861 6.18846
H -6.93409 2.23955 5.90316
O -4.56334 -4.29206 5.09276
C -2.20244 -3.04061 0.715
C -4.00698 -6.90079 1.57759
C -3.52365 -8.33974 1.72863
C -4.24673 -8.74505 2.99437
C -5.09222 -7.48932 3.24917
O -5.35735 -6.9924 1.96016
H -2.31743 -6.34564 2.85662
H -3.64593 -6.75543 4.73548
H -1.83236 -2.34564 1.49898
H -3.81414 -6.5359 0.54494
H -3.9473 -8.91757 0.87593
H -2.42038 -8.47142 1.74898
H -4.89843 -9.61602 2.75931
H -3.59261 -8.98398 3.8606
H -5.97532 -7.77714 3.8597
H -3.15154 -2.65266 0.28701
H -1.44551 -3.10394 -0.0934
H -3.86203 -0.30831 3.75027
H -4.42074 -1.7646 4.65173
H -3.81138 -0.31373 5.55592
H -7.00732 -3.44294 3.06124
H -8.59144 -4.29076 3.2329
H -6.69993 -3.76306 5.5661
H -8.02526 -4.92512 5.5389
$end

$opt
CONSTRAINT
tors           1           2           3           4     -10.120
tors           3           4           5           6    +118.597
tors           4           5           6           7    +179.872
tors           5           6           7           8    +102.203
tors           6           7           8           9    -167.829
tors           7           8           9          10    +137.724
tors           8           9          10          11    -171.809
tors           9          10          11          12     +69.312
tors          11          12          13          14    -115.159
ENDCONSTRAINT
$end

$rem
JOBTYPE                   OPT
METHOD                    B3LYP
DFT_D                     d3_op
BASIS                     STO-3G
GEOM_OPT_MAX_CYCLES       100
GEOM_OPT_TOL_GRADIENT     300
GEOM_OPT_TOL_DISPLACEMENT 1200
GEOM_OPT_TOL_ENERGY       100
SYMMETRY                  False
THRESH                    12
SCF_CONVERGENCE           8
MAX_SUB_FILE_NUM          128
MEM_STATIC                400
MEM_TOTAL                 4000
$end
