$molecule
0  1
O -3.94934 -3.66094 2.70899
C -3.26408 -4.56952 2.26188
C -3.36658 -6.02376 2.66595
C -4.17061 -6.34499 3.93646
C -4.93063 -5.19646 4.56201
O -6.27433 -5.4187 4.45951
C -7.06364 -4.37428 5.03867
C -7.61834 -3.46685 3.9455
O -8.11912 -2.25196 4.52526
C -7.87222 -1.12252 3.81635
C -8.22574 0.13593 4.57265
C -7.26768 0.49334 5.71836
C -5.93547 -0.2291 5.71539
O -5.58378 -1.0708 6.52928
O -2.4212 -4.30151 1.23032
O -5.12118 0.00511 4.65004
O -7.50208 -1.11279 2.64811
C -3.88015 -0.56912 4.47478
C -8.14609 1.4487 3.75378
C -9.05838 2.49993 4.38682
C -8.29677 2.80666 5.66227
C -7.0257 1.98215 5.42634
O -6.87278 1.98126 4.0269
H -9.28217 0.01717 4.90536
H -7.7393 0.29119 6.7055
H -8.40449 1.32028 2.6803
H -9.01789 3.39587 3.7261
H -10.11991 2.20343 4.52832
H -8.07282 3.89615 5.68421
H -8.80345 2.50006 6.60308
H -6.17205 2.38873 6.01243
O -4.38874 -4.27695 5.16617
C -2.23093 -3.0468 0.69006
C -4.08221 -6.88611 1.61466
C -3.61772 -8.33432 1.73621
C -4.27921 -8.73105 3.03805
C -5.08064 -7.45853 3.34491
O -5.40967 -6.95236 2.07399
H -2.31325 -6.36129 2.79736
H -3.53883 -6.76977 4.74788
H -1.84296 -2.35157 1.46522
H -3.94093 -6.52099 0.57377
H -4.0956 -8.90289 0.90632
H -2.51717 -8.48364 1.69783
H -4.96456 -9.58399 2.83472
H -3.58429 -8.99233 3.86514
H -5.9329 -7.72589 4.0069
H -3.18749 -2.65671 0.2811
H -1.4909 -3.11356 -0.13354
H -3.44349 -0.20958 3.52059
H -3.97342 -1.67292 4.43297
H -3.20573 -0.28262 5.30967
H -6.76643 -3.26212 3.25642
H -8.41238 -3.99792 3.37861
H -6.49891 -3.72855 5.74741
H -7.88743 -4.80689 5.64441
$end

$opt
CONSTRAINT
tors           1           2           3           4     -13.804
tors           3           4           5           6    +113.448
tors           4           5           6           7    +179.651
tors           5           6           7           8    +101.985
tors           6           7           8           9    -165.712
tors           7           8           9          10    +140.765
tors           8           9          10          11    -170.937
tors           9          10          11          12     +72.811
tors          11          12          13          14    -111.030
ENDCONSTRAINT
$end

$rem
JOBTYPE                   OPT
METHOD                    B3LYP
DFT_D                     d3_op
BASIS                     STO-3G
GEOM_OPT_MAX_CYCLES       100
GEOM_OPT_TOL_GRADIENT     300
GEOM_OPT_TOL_DISPLACEMENT 1200
GEOM_OPT_TOL_ENERGY       100
SYMMETRY                  False
THRESH                    12
SCF_CONVERGENCE           8
MAX_SUB_FILE_NUM          128
MEM_STATIC                400
MEM_TOTAL                 4000
$end
