$molecule
0  1
O -3.94934 -3.66094 2.70899
C -3.26408 -4.56952 2.26188
C -3.36658 -6.02376 2.66595
C -4.242 -6.35399 3.88597
C -5.05867 -5.21639 4.4578
O -6.38302 -5.41531 4.18954
C -7.22473 -4.38165 4.71139
C -7.64829 -3.43432 3.59368
O -8.24726 -2.25465 4.15269
C -7.88198 -1.08443 3.57277
C -8.3852 0.12606 4.32254
C -7.77472 0.32322 5.71779
C -6.52411 -0.48079 6.01149
O -6.43997 -1.38828 6.82632
O -2.40033 -4.297 1.24887
O -5.4355 -0.19549 5.24571
O -7.24925 -0.99815 2.52683
C -4.19951 -0.78829 5.37866
C -8.0469 1.49759 3.69089
C -9.0642 2.53872 4.15876
C -8.6675 2.69083 5.61513
C -7.40964 1.81471 5.64971
O -6.87992 1.92724 4.34956
H -9.49439 0.02934 4.35474
H -8.5114 0.07031 6.51235
H -8.00606 1.47871 2.58029
H -8.82089 3.48561 3.6249
H -10.13223 2.28801 3.98205
H -8.41779 3.75886 5.80124
H -9.42217 2.33965 6.35198
H -6.73608 2.11759 6.4816
O -4.5779 -4.31625 5.13468
C -2.20372 -3.0415 0.71297
C -4.00287 -6.89973 1.57518
C -3.52872 -8.34161 1.73229
C -4.26938 -8.74323 2.98899
C -5.10108 -7.47825 3.24001
O -5.35543 -6.98024 1.94907
H -2.31749 -6.34356 2.8596
H -3.66495 -6.77831 4.73737
H -1.83441 -2.34491 1.49583
H -3.80025 -6.53743 0.5435
H -3.9427 -8.9197 0.87511
H -2.42603 -8.47515 1.76749
H -4.93326 -9.60189 2.74292
H -3.62732 -8.99829 3.85958
H -5.99083 -7.74965 3.84933
H -3.15319 -2.65535 0.28416
H -1.44666 -3.10533 -0.09525
H -3.50576 -0.35327 4.63049
H -4.27839 -1.87507 5.19557
H -3.7937 -0.60366 6.39607
H -6.72656 -3.20186 3.01366
H -8.36228 -3.95621 2.92163
H -6.73918 -3.76555 5.49967
H -8.11408 -4.82715 5.20476
$end

$opt
CONSTRAINT
tors           1           2           3           4     -10.120
tors           3           4           5           6    +109.142
tors           4           5           6           7    +179.487
tors           5           6           7           8    +102.526
tors           6           7           8           9    -167.829
tors           7           8           9          10    +137.724
tors           8           9          10          11    -171.809
tors           9          10          11          12     +66.361
tors          11          12          13          14    -112.858
ENDCONSTRAINT
$end

$rem
JOBTYPE                   OPT
METHOD                    B3LYP
DFT_D                     d3_op
BASIS                     STO-3G
GEOM_OPT_MAX_CYCLES       100
GEOM_OPT_TOL_GRADIENT     300
GEOM_OPT_TOL_DISPLACEMENT 1200
GEOM_OPT_TOL_ENERGY       100
SYMMETRY                  False
THRESH                    12
SCF_CONVERGENCE           8
MAX_SUB_FILE_NUM          128
MEM_STATIC                400
MEM_TOTAL                 4000
$end
