$molecule
0  1
O -3.94934 -3.66094 2.70899
C -3.26408 -4.56952 2.26188
C -3.36658 -6.02376 2.66595
C -4.36176 -6.37377 3.78441
C -5.27118 -5.25881 4.25122
O -6.54557 -5.48649 3.81588
C -7.47198 -4.47836 4.23385
C -7.85977 -3.59774 3.05053
O -8.56702 -2.43723 3.51517
C -8.29321 -1.2845 2.85532
C -8.65075 -0.05183 3.65115
C -7.85561 0.13201 4.95201
C -6.60621 -0.71486 5.08805
O -6.44574 -1.61642 5.89799
O -2.3544 -4.28445 1.29356
O -5.59878 -0.44751 4.21405
O -7.79124 -1.23838 1.73864
C -4.30036 -0.88044 4.37076
C -8.35425 1.30245 2.96537
C -9.26609 2.38043 3.55191
C -8.67604 2.52813 4.94189
C -7.45402 1.60995 4.82042
O -7.09702 1.69605 3.4605
H -9.74791 -0.11252 3.83323
H -8.49063 -0.09165 5.83788
H -8.46049 1.27399 1.85931
H -9.06437 3.31512 2.98055
H -10.35573 2.1649 3.52001
H -8.36894 3.5882 5.082
H -9.33819 2.20758 5.7753
H -6.66712 1.89497 5.55321
O -4.90417 -4.35833 4.99702
C -2.13314 -3.02148 0.78537
C -3.86346 -6.91989 1.51812
C -3.36944 -8.34803 1.73029
C -4.22428 -8.76643 2.90605
C -5.1139 -7.52551 3.05921
O -5.24486 -7.03828 1.74659
H -2.33382 -6.31767 2.96097
H -3.87229 -6.77804 4.69806
H -1.79974 -2.33649 1.59426
H -3.56403 -6.55654 0.51068
H -3.67857 -8.93822 0.8378
H -2.27313 -8.45344 1.87845
H -4.83223 -9.64675 2.59954
H -3.66897 -8.99612 3.84099
H -6.0552 -7.8193 3.57343
H -3.06216 -2.62812 0.31986
H -1.34014 -3.0743 0.01155
H -3.69816 -0.55682 3.4972
H -4.26549 -1.97964 4.4519
H -3.86477 -0.43808 5.29177
H -6.90408 -3.30977 2.55283
H -8.47671 -4.17788 2.33157
H -7.08776 -3.81464 5.03137
H -8.37461 -4.9548 4.67095
$end

$opt
CONSTRAINT
tors           1           2           3           4      -3.486
tors           3           4           5           6    +107.886
tors           4           5           6           7    +179.265
tors           5           6           7           8    +107.027
tors           6           7           8           9    -168.459
tors           7           8           9          10    +142.172
tors           8           9          10          11    -159.544
tors           9          10          11          12     +63.696
tors          11          12          13          14    -113.135
ENDCONSTRAINT
$end

$rem
JOBTYPE                   OPT
METHOD                    B3LYP
DFT_D                     d3_op
BASIS                     STO-3G
GEOM_OPT_MAX_CYCLES       100
GEOM_OPT_TOL_GRADIENT     300
GEOM_OPT_TOL_DISPLACEMENT 1200
GEOM_OPT_TOL_ENERGY       100
SYMMETRY                  False
THRESH                    12
SCF_CONVERGENCE           8
MAX_SUB_FILE_NUM          128
MEM_STATIC                400
MEM_TOTAL                 4000
$end
