$molecule
0  1
O -3.94934 -3.66094 2.70899
C -3.26408 -4.56952 2.26188
C -3.36658 -6.02376 2.66595
C -4.36176 -6.37377 3.78441
C -5.27118 -5.25881 4.25122
O -6.54593 -5.48745 3.81745
C -7.46964 -4.47209 4.22374
C -7.91121 -3.65002 3.01736
O -8.59197 -2.46387 3.45609
C -8.31531 -1.33849 2.75171
C -8.78947 -0.08135 3.44122
C -8.03365 0.27463 4.72974
C -6.71873 -0.44731 4.9454
O -6.49609 -1.26706 5.8246
O -2.35512 -4.2846 1.29282
O -5.73604 -0.20394 4.0365
O -7.78282 -1.33278 1.64809
C -4.44291 -0.66601 4.15127
C -8.58632 1.23288 2.64878
C -9.59229 2.27873 3.13043
C -9.04454 2.58627 4.51125
C -7.75039 1.76447 4.48172
O -7.37472 1.76733 3.1246
H -9.88347 -0.21068 3.60595
H -8.66103 0.07209 5.62598
H -8.66856 1.10604 1.54756
H -9.45227 3.17649 2.48603
H -10.66102 1.97586 3.10107
H -8.82779 3.67596 4.56831
H -9.69494 2.27975 5.3591
H -7.0032 2.17188 5.19811
O -4.90038 -4.34945 4.9859
C -2.13542 -3.02199 0.78304
C -3.86378 -6.9201 1.51835
C -3.36936 -8.34812 1.73046
C -4.22345 -8.76654 2.90679
C -5.11362 -7.52602 3.05995
O -5.24511 -7.03898 1.7473
H -2.33379 -6.31782 2.96072
H -3.87144 -6.77666 4.69819
H -1.80235 -2.33565 1.5909
H -3.56483 -6.5568 0.51075
H -3.67898 -8.93841 0.8382
H -2.27295 -8.45347 1.87794
H -4.83097 -9.64739 2.60094
H -3.66758 -8.99543 3.84159
H -6.05465 -7.82002 3.57454
H -3.0651 -2.63016 0.31754
H -1.34279 -3.0749 0.00885
H -3.86125 -0.35249 3.26029
H -4.43741 -1.76978 4.2213
H -3.96763 -0.2401 5.06041
H -6.98006 -3.39959 2.45735
H -8.56516 -4.26479 2.36285
H -7.06084 -3.75028 4.96281
H -8.34892 -4.9333 4.72078
$end

$opt
CONSTRAINT
tors           1           2           3           4      -3.486
tors           3           4           5           6    +107.970
tors           4           5           6           7    +179.881
tors           5           6           7           8    +110.032
tors           6           7           8           9    -167.271
tors           7           8           9          10    +140.243
tors           8           9          10          11    -166.417
tors           9          10          11          12     +68.414
tors          11          12          13          14    -112.858
ENDCONSTRAINT
$end

$rem
JOBTYPE                   OPT
METHOD                    B3LYP
DFT_D                     d3_op
BASIS                     STO-3G
GEOM_OPT_MAX_CYCLES       100
GEOM_OPT_TOL_GRADIENT     300
GEOM_OPT_TOL_DISPLACEMENT 1200
GEOM_OPT_TOL_ENERGY       100
SYMMETRY                  False
THRESH                    12
SCF_CONVERGENCE           8
MAX_SUB_FILE_NUM          128
MEM_STATIC                400
MEM_TOTAL                 4000
$end
