$molecule
0  1
O -3.94934 -3.66094 2.70899
C -3.26408 -4.56952 2.26188
C -3.36658 -6.02376 2.66595
C -2.05424 -6.81773 2.77194
C -0.77335 -6.02476 2.63554
O 0.16784 -6.51174 3.49718
C 1.50244 -6.12934 3.14811
C 1.90716 -6.77857 1.8287
O 3.28738 -7.17254 1.8802
C 3.50903 -8.50024 2.04517
C 4.90213 -8.80704 2.54096
C 5.20298 -10.2992 2.74401
C 4.2277 -11.26359 2.09944
O 4.06388 -11.40779 0.89656
O -2.67088 -4.34125 1.06056
O 3.56164 -12.08846 2.95012
O 2.61054 -9.32787 1.96169
C 2.6573 -13.05036 2.55142
C 6.02313 -8.44057 1.54462
C 7.32805 -8.22074 2.30888
C 7.65077 -9.64075 2.73439
C 6.54293 -10.40602 1.9997
O 6.29757 -9.63279 0.84882
H 5.04464 -8.21854 3.47607
H 5.2649 -10.54971 3.82678
H 5.7875 -7.5521 0.91926
H 8.08531 -7.89406 1.56017
H 7.2883 -7.47643 3.13304
H 8.65497 -9.90661 2.33617
H 7.61009 -9.82923 3.82919
H 6.84059 -11.46366 1.82466
O -0.50066 -5.34938 1.65259
C -2.60193 -3.11191 0.43687
C -3.94401 -6.219 4.08252
C -4.58973 -7.59729 4.1915
C -3.36319 -8.48112 4.18428
C -2.25395 -7.42117 4.18869
O -2.8111 -6.34776 4.90536
H -4.05244 -6.48597 1.92015
H -1.99942 -7.60884 1.99146
H -2.05486 -2.38896 1.07914
H -4.67748 -5.43834 4.37969
H -5.06413 -7.65694 5.1975
H -5.34896 -7.83093 3.41439
H -3.35073 -9.06727 5.13032
H -3.27452 -9.16586 3.31321
H -1.34106 -7.8778 4.62568
H -3.62344 -2.72988 0.22506
H -2.05622 -3.22148 -0.52262
H 2.26452 -13.57393 3.447
H 3.15417 -13.79343 1.89163
H 1.80873 -12.57697 2.01259
H 1.21954 -7.63345 1.65049
H 1.73228 -6.10779 0.96236
H 2.1318 -6.57727 3.94693
H 1.68501 -5.03213 3.16776
$end

$opt
CONSTRAINT
tors           1           2           3           4    -142.105
tors           3           4           5           6    +142.105
tors           4           5           6           7    +161.053
tors           5           6           7           8     -66.316
tors           6           7           8           9    -142.105
tors           7           8           9          10    +104.211
tors           8           9          10          11    -161.053
tors           9          10          11          12    -180.000
tors          11          12          13          14     +66.316
ENDCONSTRAINT
$end

$rem
JOBTYPE                   OPT
METHOD                    B3LYP
DFT_D                     d3_op
BASIS                     STO-3G
GEOM_OPT_MAX_CYCLES       100
GEOM_OPT_TOL_GRADIENT     300
GEOM_OPT_TOL_DISPLACEMENT 1200
GEOM_OPT_TOL_ENERGY       100
SYMMETRY                  False
THRESH                    12
SCF_CONVERGENCE           8
MAX_SUB_FILE_NUM          128
MEM_STATIC                400
MEM_TOTAL                 4000
$end
