$molecule
0  1
O -3.94934 -3.66094 2.70899
C -3.26408 -4.56952 2.26188
C -3.36658 -6.02376 2.66595
C -2.09215 -6.69516 3.20345
C -0.90361 -5.79095 3.44399
O -0.19755 -5.63459 2.28535
C -0.40944 -4.36244 1.66408
C -0.45395 -4.51895 0.14762
O 0.77727 -4.05532 -0.42859
C 0.85871 -4.14399 -1.77938
C 1.32217 -5.501 -2.25306
C 2.26199 -5.47656 -3.46732
C 2.87622 -4.13179 -3.80053
O 2.37202 -3.04378 -3.56268
O -3.11614 -4.49801 0.91057
O 3.9726 -4.16034 -4.60575
O 0.13677 -3.44953 -2.48287
C 4.63355 -3.03994 -5.06468
C 2.18706 -6.29521 -1.24035
C 2.11221 -7.78758 -1.55805
C 2.92321 -7.84375 -2.83203
C 3.38809 -6.38661 -2.92324
O 3.50899 -5.97733 -1.58488
H 0.39812 -6.08609 -2.46218
H 1.82384 -5.88854 -4.40262
H 1.9162 -6.146 -0.17413
H 2.67322 -8.32239 -0.75798
H 1.08582 -8.20788 -1.62751
H 3.79017 -8.52135 -2.66541
H 2.36416 -8.15637 -3.74047
H 4.32058 -6.33646 -3.52627
O -0.4574 -5.46503 4.53455
C -3.6617 -3.50457 0.10909
C -4.32776 -6.23315 3.85397
C -4.82386 -7.67887 3.88642
C -3.57822 -8.39149 4.36194
C -2.63575 -7.20077 4.56008
O -3.48924 -6.16426 4.97846
H -3.75762 -6.59007 1.78824
H -1.74498 -7.56058 2.59455
H -3.25582 -2.51051 0.39632
H -5.19872 -5.54208 3.84709
H -5.59953 -7.75477 4.68182
H -5.24457 -8.04473 2.92511
H -3.79802 -8.86235 5.34628
H -3.1672 -9.15216 3.66361
H -1.82583 -7.48279 5.26866
H -4.76869 -3.4999 0.20612
H -3.41172 -3.7063 -0.95296
H 5.4903 -3.35559 -5.6947
H 5.01926 -2.44677 -4.20778
H 3.94978 -2.41439 -5.67756
H -0.71595 -5.55802 -0.15364
H -1.20019 -3.81703 -0.2494
H 0.4998 -3.75906 1.87778
H -1.12903 -3.67001 2.12521
$end

$opt
CONSTRAINT
tors           1           2           3           4    -123.158
tors           3           4           5           6     -85.263
tors           4           5           6           7    +104.211
tors           5           6           7           8    -142.105
tors           6           7           8           9    -104.211
tors           7           8           9          10    -180.000
tors           8           9          10          11     -85.263
tors           9          10          11          12    -142.105
tors          11          12          13          14     -28.421
ENDCONSTRAINT
$end

$rem
JOBTYPE                   OPT
METHOD                    B3LYP
DFT_D                     d3_op
BASIS                     STO-3G
GEOM_OPT_MAX_CYCLES       100
GEOM_OPT_TOL_GRADIENT     300
GEOM_OPT_TOL_DISPLACEMENT 1200
GEOM_OPT_TOL_ENERGY       100
SYMMETRY                  False
THRESH                    12
SCF_CONVERGENCE           8
MAX_SUB_FILE_NUM          128
MEM_STATIC                400
MEM_TOTAL                 4000
$end
