$molecule
0  1
O -3.94934 -3.66094 2.70899
C -3.26408 -4.56952 2.26188
C -3.36658 -6.02376 2.66595
C -2.57813 -6.46456 3.91009
C -1.91791 -5.36653 4.71416
O -2.62235 -4.20431 4.57834
C -3.71494 -4.09741 5.49707
C -4.71346 -3.05383 5.00716
O -5.86951 -3.70363 4.45563
C -5.61229 -4.71378 3.58812
C -4.57962 -4.34804 2.54866
C -5.04553 -4.49688 1.09296
C -6.54077 -4.63544 0.88862
O -7.13382 -4.43855 -0.16214
O -1.98228 -4.28598 1.82654
O -7.46281 -4.52472 1.88028
O -6.54258 -5.62835 3.5682
C -8.84441 -4.52525 1.7657
C -5.58105 -2.46187 2.1635
C -4.46381 -1.40283 1.8827
C -3.91892 -1.998 0.56692
C -5.00161 -3.04254 0.31582
O -6.07711 -2.35189 0.87528
H -4.73345 -5.06629 3.72602
H -4.57434 -5.30537 0.47057
H -6.28818 -2.06684 2.92251
H -4.96742 -0.42763 1.6756
H -3.68625 -1.20196 2.64393
H -3.9416 -1.18744 -0.19499
H -2.94179 -2.47218 0.52178
H -5.12995 -3.18907 -0.78161
O -0.71197 -5.33982 4.91148
C -1.2061 -3.18099 2.13765
C -4.4418 -7.2022 2.7232
C -3.82832 -8.59415 2.4512
C -3.17984 -8.8929 3.79609
C -3.44091 -7.57805 4.53217
O -4.74523 -7.30283 4.10289
H -2.80964 -6.41124 1.77934
H -1.65921 -6.97856 3.53619
H -0.2974 -3.52416 2.6728
H -5.28953 -7.05473 2.02315
H -4.6341 -9.34391 2.28658
H -3.14071 -8.6012 1.57876
H -3.7726 -9.68202 4.31226
H -2.11727 -9.21507 3.74827
H -3.2921 -7.68521 5.62776
H -1.73857 -2.46175 2.79141
H -0.87035 -2.6741 1.21024
H -9.2914 -4.434 2.7767
H -9.18708 -5.47761 1.30785
H -9.18278 -3.66457 1.15039
H -5.11991 -2.57796 5.92552
H -4.30069 -2.17776 4.48286
H -3.25124 -3.66894 6.41361
H -4.16839 -5.05324 5.85201
$end

$opt
CONSTRAINT
tors           1           2           3           4     -85.263
tors           3           4           5           6     +28.421
tors           4           5           6           7     +85.263
tors           5           6           7           8    -161.053
tors           6           7           8           9    +104.211
tors           7           8           9          10     -47.368
tors           8           9          10          11     -47.368
tors           9          10          11          12    -123.158
tors          11          12          13          14    +161.053
ENDCONSTRAINT
$end

$rem
JOBTYPE                   OPT
METHOD                    B3LYP
DFT_D                     d3_op
BASIS                     STO-3G
GEOM_OPT_MAX_CYCLES       100
GEOM_OPT_TOL_GRADIENT     300
GEOM_OPT_TOL_DISPLACEMENT 1200
GEOM_OPT_TOL_ENERGY       100
SYMMETRY                  False
THRESH                    12
SCF_CONVERGENCE           8
MAX_SUB_FILE_NUM          128
MEM_STATIC                400
MEM_TOTAL                 4000
$end
