$molecule
0  1
O -3.94934 -3.66094 2.70899
C -3.26408 -4.56952 2.26188
C -3.36658 -6.02376 2.66595
C -2.97353 -6.38153 4.10864
C -2.69204 -5.22192 5.03825
O -2.77315 -5.63783 6.33665
C -1.57574 -5.39339 7.08211
C -1.88528 -4.54322 8.30992
O -3.2359 -4.77677 8.73906
C -3.99889 -5.50953 7.89051
C -3.30287 -6.75761 7.40212
C -2.77819 -6.68423 5.96073
C -2.70191 -5.2971 5.35511
O -1.76889 -4.51773 5.48402
O -2.37902 -4.287 1.26817
O -4.54218 -4.63729 5.65034
O -5.21938 -5.45231 7.99926
C -5.28623 -3.42582 5.52217
C -2.28522 -7.88204 8.08612
C -2.497 -9.33724 7.68091
C -1.8934 -9.33789 6.25807
C -1.50111 -7.8467 6.11914
O -1.02547 -7.77821 7.43528
H -4.22334 -7.40689 7.51342
H -3.36501 -7.66904 5.79733
H -2.24977 -7.76482 9.19208
H -1.79757 -9.93023 8.32907
H -3.51863 -9.72667 7.81583
H -0.9307 -9.91245 6.28542
H -2.51864 -9.77545 5.46745
H -0.70194 -7.70978 5.35683
O -3.04547 -3.52776 4.48164
C -2.19425 -3.03669 0.71787
C -4.74566 -6.52568 2.25811
C -4.82252 -8.04766 2.17353
C -4.64568 -8.39157 3.61192
C -4.61162 -6.96748 4.18294
O -5.45309 -6.21179 3.37405
H -2.657 -6.52506 1.96014
H -2.16334 -7.15667 3.84762
H -1.83382 -2.32729 1.49218
H -5.13228 -6.0728 1.31905
H -5.86524 -8.31181 1.88392
H -4.10378 -8.53459 1.48209
H -5.51895 -8.97882 3.97296
H -3.70616 -8.93732 3.82713
H -5.11032 -7.01367 5.18204
H -3.14655 -2.66714 0.28001
H -1.43674 -3.10512 -0.08986
H -6.17884 -3.61664 4.89409
H -4.82874 -2.53519 5.03193
H -5.57694 -3.03147 6.51128
H -1.19178 -4.38739 9.20044
H -1.89245 -3.50236 7.91924
H -0.47817 -5.49842 6.72096
H -1.24046 -5.87703 7.98371
$end

$opt
CONSTRAINT
tors           1           2           3           4     -66.316
tors           3           4           5           6    +161.053
tors           4           5           6           7    +123.158
tors           5           6           7           8    +123.158
tors           6           7           8           9     +28.421
tors           7           8           9          10      -9.474
tors           8           9          10          11     +47.368
tors           9          10          11          12    -104.211
tors          11          12          13          14     +85.263
ENDCONSTRAINT
$end

$rem
JOBTYPE                   OPT
METHOD                    B3LYP
DFT_D                     d3_op
BASIS                     STO-3G
GEOM_OPT_MAX_CYCLES       100
GEOM_OPT_TOL_GRADIENT     300
GEOM_OPT_TOL_DISPLACEMENT 1200
GEOM_OPT_TOL_ENERGY       100
SYMMETRY                  False
THRESH                    12
SCF_CONVERGENCE           8
MAX_SUB_FILE_NUM          128
MEM_STATIC                400
MEM_TOTAL                 4000
$end
