$molecule
0  1
O -3.94934 -3.66094 2.70899
C -3.26408 -4.56952 2.26188
C -3.36658 -6.02376 2.66595
C -4.55778 -6.42467 3.55148
C -5.60993 -5.36381 3.78738
O -5.37997 -4.29275 2.97168
C -4.37078 -4.54107 1.98724
C -3.99766 -6.01987 1.97842
O -4.91618 -6.76125 2.79668
C -6.00231 -6.07176 3.2257
C -6.13989 -4.72048 2.56556
C -5.18309 -4.47394 1.38997
C -4.49914 -5.70297 0.8257
O -4.76863 -6.85979 1.11505
O -1.93763 -4.24126 1.82058
O -3.91728 -5.49099 -0.45704
O -7.06114 -6.9211 3.26625
C -3.65896 -6.44556 -1.4269
C -7.55093 -4.95918 1.66637
C -8.24845 -3.70184 1.04683
C -7.43666 -3.54506 -0.17456
C -6.34196 -4.61423 0.13359
O -7.14251 -5.66549 0.55143
H -7.23568 -4.03899 3.0632
H -5.59999 -3.27919 0.97494
H -8.39351 -5.47836 2.19685
H -9.29442 -3.92455 0.73533
H -8.25584 -2.80808 1.70849
H -8.02371 -3.91082 -1.05097
H -7.09796 -2.50797 -0.39317
H -5.94395 -4.74986 -0.89758
O -5.86783 -4.92544 5.07233
C -1.32782 -3.0102 1.97671
C -2.23838 -7.16739 3.37088
C -1.68283 -6.96848 4.82844
C -2.8873 -7.34703 5.67134
C -3.88543 -7.71398 4.55051
O -3.02854 -8.31721 3.60155
H -2.55529 -5.47157 3.41976
H -4.10079 -5.84666 4.49095
H -1.2548 -2.76427 3.05695
H -1.36754 -7.33915 2.69833
H -0.89856 -7.74156 4.99514
H -1.2344 -5.97648 5.0546
H -2.64077 -8.25953 6.25889
H -3.26071 -6.55873 6.36045
H -4.69579 -8.3775 4.92216
H -1.8858 -2.20616 1.45569
H -0.3042 -3.0581 1.55269
H -2.57056 -6.46379 -1.64045
H -4.20123 -6.17372 -2.35545
H -3.98456 -7.46085 -1.1173
H -2.8059 -6.84217 1.00561
H -2.8059 -6.84217 1.00561
H -3.70823 -3.38289 0.7401
H -3.70823 -3.38289 0.7401
$end

$opt
CONSTRAINT
tors           1           2           3           4      +9.474
tors           3           4           5           6      +9.474
tors           4           5           6           7      +9.474
tors           5           6           7           8      +9.474
tors           6           7           8           9      +9.474
tors           7           8           9          10      +9.474
tors           8           9          10          11      +9.474
tors           9          10          11          12      +9.474
tors          11          12          13          14      +9.474
ENDCONSTRAINT
$end

$rem
JOBTYPE                   OPT
METHOD                    B3LYP
DFT_D                     d3_op
BASIS                     STO-3G
GEOM_OPT_MAX_CYCLES       100
GEOM_OPT_TOL_GRADIENT     300
GEOM_OPT_TOL_DISPLACEMENT 1200
GEOM_OPT_TOL_ENERGY       100
SYMMETRY                  False
THRESH                    12
SCF_CONVERGENCE           8
MAX_SUB_FILE_NUM          128
MEM_STATIC                400
MEM_TOTAL                 4000
$end
