$molecule
0  1
O -3.94934 -3.66094 2.70899
C -3.26408 -4.56952 2.26188
C -3.36658 -6.02376 2.66595
C -4.73745 -6.52338 3.15068
C -5.89497 -5.55994 3.00924
O -7.04 -6.13828 3.47813
C -7.24113 -7.46789 2.98728
C -8.58697 -7.56792 2.27677
O -8.57301 -6.76404 1.08661
C -8.85473 -7.42239 -0.06506
C -8.02617 -6.94453 -1.23374
C -6.52274 -7.23772 -1.12421
C -6.12238 -8.25289 -0.07261
O -4.97902 -8.61573 0.16329
O -2.36035 -4.29119 1.28732
O -7.05886 -9.20048 0.22244
O -9.69656 -8.30896 -0.14519
C -6.8265 -10.40498 0.85929
C -8.34474 -7.64831 -2.5722
C -7.91508 -6.75597 -3.73627
C -6.40716 -6.85171 -3.62458
C -6.28164 -7.88474 -2.49939
O -7.41711 -8.70137 -2.65306
H -8.24249 -5.85868 -1.35196
H -5.91487 -6.32356 -0.94677
H -9.41507 -7.92693 -2.68448
H -8.23435 -7.26973 -4.67157
H -8.32682 -5.72387 -3.72943
H -6.00942 -7.25645 -4.58162
H -5.88809 -5.90375 -3.36429
H -5.29891 -8.40343 -2.55537
O -6.00442 -4.72369 2.12699
C -2.14008 -3.03249 0.76879
C -2.55787 -7.23218 2.22351
C -1.95518 -7.94633 3.43245
C -3.23036 -8.44708 4.10635
C -4.31036 -8.05673 3.05719
O -3.55087 -8.13608 1.87887
H -2.86781 -5.75914 3.63101
H -4.75515 -6.43139 4.26293
H -1.80017 -2.34242 1.57045
H -1.81784 -7.00431 1.42754
H -1.38234 -8.81773 3.04092
H -1.28765 -7.33547 4.07791
H -3.14369 -9.55336 4.19695
H -3.43796 -8.01939 5.11038
H -5.09575 -8.82005 3.18876
H -3.07106 -2.64118 0.30552
H -1.35175 -3.0925 -0.00929
H -7.78498 -10.95515 0.95239
H -6.416 -10.23693 1.87463
H -6.1188 -11.02127 0.26516
H -8.794 -8.64366 2.07478
H -9.38598 -7.20507 2.95764
H -7.23846 -8.16807 3.85014
H -6.56536 -7.77774 2.21024
$end

$opt
CONSTRAINT
tors           1           2           3           4     +28.421
tors           3           4           5           6    -180.000
tors           4           5           6           7     -47.368
tors           5           6           7           8    -123.158
tors           6           7           8           9     +66.316
tors           7           8           9          10    +123.158
tors           8           9          10          11    -142.105
tors           9          10          11          12     +66.316
tors          11          12          13          14    -180.000
ENDCONSTRAINT
$end

$rem
JOBTYPE                   OPT
METHOD                    B3LYP
DFT_D                     d3_op
BASIS                     STO-3G
GEOM_OPT_MAX_CYCLES       100
GEOM_OPT_TOL_GRADIENT     300
GEOM_OPT_TOL_DISPLACEMENT 1200
GEOM_OPT_TOL_ENERGY       100
SYMMETRY                  False
THRESH                    12
SCF_CONVERGENCE           8
MAX_SUB_FILE_NUM          128
MEM_STATIC                400
MEM_TOTAL                 4000
$end
