$molecule
0  1
O -3.94934 -3.66094 2.70899
C -3.26408 -4.56952 2.26188
C -3.36658 -6.02376 2.66595
C -4.77372 -6.64113 2.71769
C -5.90468 -5.78727 2.1886
O -6.07579 -4.695 2.99054
C -7.13303 -3.83494 2.55259
C -7.01103 -3.57262 1.05512
O -6.92763 -2.15971 0.81097
C -5.68461 -1.62488 0.90037
C -5.42904 -0.55412 -0.13346
C -6.54297 0.4943 -0.26853
C -7.55292 0.5346 0.86067
O -7.33282 0.21576 2.02017
O -2.40475 -4.28351 1.24641
O -8.83033 0.82194 0.49748
O -5.0265 -1.68703 1.91876
C -9.89721 0.85628 1.37079
C -4.21332 0.3453 0.17134
C -3.71603 0.99743 -1.118
C -4.82465 1.99616 -1.37311
C -5.68889 1.77128 -0.12802
O -4.75983 1.43168 0.87242
H -5.25358 -1.0927 -1.09138
H -7.08168 0.48192 -1.24228
H -3.37718 -0.1898 0.67039
H -2.78519 1.55657 -0.87072
H -3.51045 0.29161 -1.95138
H -4.38582 3.01869 -1.35551
H -5.39714 1.84409 -2.3136
H -6.31006 2.67252 0.07454
O -6.69187 -6.18342 1.33318
C -2.23559 -3.03971 0.67756
C -2.65966 -7.01362 1.71477
C -2.32859 -8.30952 2.45571
C -3.704 -8.92767 2.57408
C -4.54474 -7.88515 1.83279
O -3.67817 -7.41116 0.82964
H -2.89875 -6.06606 3.6749
H -5.06191 -6.92974 3.75378
H -1.91828 -2.30404 1.44708
H -1.73239 -6.61348 1.25192
H -1.71487 -8.94445 1.77724
H -1.78702 -8.1645 3.41522
H -3.70918 -9.88351 2.00366
H -4.05882 -9.10687 3.61201
H -5.49108 -8.3527 1.48378
H -3.17919 -2.71096 0.19746
H -1.45076 -3.10203 -0.10362
H -10.81784 1.11872 0.81043
H -9.72443 1.62432 2.1549
H -10.03728 -0.13919 1.84393
H -6.16817 -4.05108 0.50679
H -7.94354 -3.93238 0.56863
H -7.1174 -2.89867 3.15012
H -8.10992 -4.32809 2.7584
$end

$opt
CONSTRAINT
tors           1           2           3           4     +47.368
tors           3           4           5           6     -66.316
tors           4           5           6           7    -180.000
tors           5           6           7           8     -47.368
tors           6           7           8           9    -123.158
tors           7           8           9          10     +85.263
tors           8           9          10          11    +142.105
tors           9          10          11          12     +47.368
tors          11          12          13          14     +28.421
ENDCONSTRAINT
$end

$rem
JOBTYPE                   OPT
METHOD                    B3LYP
DFT_D                     d3_op
BASIS                     STO-3G
GEOM_OPT_MAX_CYCLES       100
GEOM_OPT_TOL_GRADIENT     300
GEOM_OPT_TOL_DISPLACEMENT 1200
GEOM_OPT_TOL_ENERGY       100
SYMMETRY                  False
THRESH                    12
SCF_CONVERGENCE           8
MAX_SUB_FILE_NUM          128
MEM_STATIC                400
MEM_TOTAL                 4000
$end
