$molecule
0  1
O -3.94934 -3.66094 2.70899
C -3.26408 -4.56952 2.26188
C -3.36658 -6.02376 2.66595
C -4.66266 -6.76517 2.29943
C -5.63801 -6.02118 1.41441
O -5.09206 -5.83475 0.17642
C -3.70527 -6.18427 0.11408
C -3.39003 -7.26903 1.1388
O -3.55058 -6.74841 2.46774
C -3.69552 -7.6779 3.44456
C -4.98066 -8.46193 3.32469
C -5.52203 -8.60275 1.89453
C -4.54827 -8.26583 0.78323
O -4.55904 -7.24008 0.11817
O -2.19639 -4.1427 1.50378
O -4.09323 -9.40699 0.11426
O -3.51389 -7.50842 4.66494
C -3.65023 -9.46149 -1.19474
C -4.7823 -9.94759 3.72391
C -6.10711 -10.53758 4.20098
C -6.87825 -10.55705 2.90142
C -5.76616 -10.14538 1.92169
O -4.58785 -10.62608 2.51432
H -5.74879 -8.08681 4.05984
H -6.55541 -8.22349 1.69939
H -3.9984 -10.10458 4.49703
H -5.89337 -11.58678 4.50876
H -6.60928 -10.01082 5.04072
H -7.22227 -11.59905 2.71761
H -7.73927 -9.85639 2.84941
H -6.00999 -10.55642 0.9167
O -6.82472 -5.77957 1.63046
C -1.93201 -2.83122 1.16361
C -1.60862 -5.89285 3.26651
C -1.10366 -6.60856 4.53192
C -1.06708 -8.00852 3.98126
C -1.66885 -7.67747 2.58993
O -0.92064 -6.55365 2.29205
H -3.61587 -5.41419 3.83527
H -5.37467 -6.21126 3.17197
H -1.77201 -2.22383 2.07987
H -1.21977 -4.8576 3.43276
H -0.05434 -6.30518 4.75245
H -1.69633 -6.3965 5.44487
H -0.00454 -8.31413 3.83481
H -1.55763 -8.80753 4.57718
H -1.35586 -8.58523 2.00903
H -2.77537 -2.41211 0.5749
H -1.01095 -2.79534 0.54684
H -3.37353 -10.50721 -1.43879
H -2.75951 -8.81997 -1.34784
H -4.46077 -9.13832 -1.88096
H -2.37731 -6.96656 0.67682
H -2.44998 -7.78834 0.59947
H -3.17895 -5.23285 -0.00105
H -3.2705 -6.22471 -1.01476
$end

$opt
CONSTRAINT
tors           1           2           3           4     +66.316
tors           3           4           5           6     +66.316
tors           4           5           6           7      -9.474
tors           5           6           7           8     +28.421
tors           6           7           8           9     -66.316
tors           7           8           9          10    +161.053
tors           8           9          10          11     -66.316
tors           9          10          11          12     +28.421
tors          11          12          13          14    -104.211
ENDCONSTRAINT
$end

$rem
JOBTYPE                   OPT
METHOD                    B3LYP
DFT_D                     d3_op
BASIS                     STO-3G
GEOM_OPT_MAX_CYCLES       100
GEOM_OPT_TOL_GRADIENT     300
GEOM_OPT_TOL_DISPLACEMENT 1200
GEOM_OPT_TOL_ENERGY       100
SYMMETRY                  False
THRESH                    12
SCF_CONVERGENCE           8
MAX_SUB_FILE_NUM          128
MEM_STATIC                400
MEM_TOTAL                 4000
$end
