$molecule
0  1
O -3.94934 -3.66094 2.70899
C -3.26408 -4.56952 2.26188
C -3.36658 -6.02376 2.66595
C -4.41631 -6.88207 1.94122
C -5.12384 -6.23632 0.77054
O -6.43614 -6.61459 0.75547
C -6.72859 -7.5933 -0.24745
C -7.45409 -6.94293 -1.42082
O -7.8249 -5.59738 -1.08189
C -7.02224 -4.9812 -0.17899
C -6.35814 -5.94689 0.77341
C -4.82408 -5.88091 0.79705
C -4.20559 -4.65318 0.15919
O -4.25037 -4.37356 -1.03008
O -2.01015 -4.29949 1.76609
O -4.66741 -3.4462 0.67125
O -6.65213 -3.90309 -0.77804
C -4.36569 -2.13875 0.27979
C -7.53899 -5.51261 2.24351
C -7.5586 -6.66267 3.24643
C -6.29438 -6.29033 3.90223
C -5.76381 -5.19726 2.87605
O -6.93086 -4.45219 2.87008
H -6.61549 -4.69987 0.94905
H -3.30719 -5.7298 0.33111
H -8.58055 -5.31241 1.89906
H -8.38489 -6.63209 3.9914
H -7.54586 -7.64146 2.72159
H -6.60291 -5.77864 4.85808
H -5.66811 -7.10974 4.32381
H -5.21088 -4.81848 3.75199
O -4.51856 -7.21621 -0.60828
C -1.49887 -3.27839 1.00157
C -2.05359 -6.85807 2.49663
C -2.03152 -8.04385 3.4603
C -3.02449 -8.95107 2.78918
C -3.40898 -8.09251 1.57712
O -2.19365 -7.47422 1.2505
H -3.49788 -6.008 3.77003
H -5.07671 -7.611 2.46192
H -1.67512 -2.28867 1.45833
H -1.1191 -6.27827 2.6559
H -1.02575 -8.52159 3.41071
H -2.26174 -7.77951 4.51381
H -2.47451 -9.84739 2.41795
H -3.88043 -9.28091 3.41385
H -3.80438 -8.80648 0.82371
H -1.88704 -3.35215 -0.03254
H -0.40472 -3.44584 0.90396
H -3.92353 -1.59477 1.14098
H -5.29008 -1.61019 -0.01965
H -3.64227 -2.09527 -0.56066
H -6.71425 -6.86309 -2.24557
H -8.31299 -7.53345 -1.80734
H -7.59755 -8.10943 0.22919
H -6.17544 -8.56096 -0.34176
$end

$opt
CONSTRAINT
tors           1           2           3           4     +85.263
tors           3           4           5           6    -142.105
tors           4           5           6           7    -104.211
tors           5           6           7           8    -104.211
tors           6           7           8           9      -9.474
tors           7           8           9          10     +28.421
tors           8           9          10          11     -28.421
tors           9          10          11          12    +123.158
tors          11          12          13          14     -66.316
ENDCONSTRAINT
$end

$rem
JOBTYPE                   OPT
METHOD                    B3LYP
DFT_D                     d3_op
BASIS                     STO-3G
GEOM_OPT_MAX_CYCLES       100
GEOM_OPT_TOL_GRADIENT     300
GEOM_OPT_TOL_DISPLACEMENT 1200
GEOM_OPT_TOL_ENERGY       100
SYMMETRY                  False
THRESH                    12
SCF_CONVERGENCE           8
MAX_SUB_FILE_NUM          128
MEM_STATIC                400
MEM_TOTAL                 4000
$end
