$molecule
0  1
O -3.94934 -3.66094 2.70899
C -3.26408 -4.56952 2.26188
C -3.36658 -6.02376 2.66595
C -3.63629 -7.04588 1.54953
C -3.59671 -6.52161 0.1312
O -3.9461 -5.20135 0.11461
C -3.18988 -4.43048 -0.82514
C -4.03756 -4.12208 -2.05497
O -5.01378 -5.15762 -2.24871
C -5.70734 -5.51978 -1.14103
C -5.84348 -4.398 -0.13915
C -7.22761 -3.73433 -0.09459
C -8.34799 -4.49641 -0.77332
O -9.22133 -5.13198 -0.2007
O -2.05733 -4.22347 1.7284
O -8.30427 -4.52821 -2.13192
O -6.36861 -6.54666 -1.1012
C -9.20826 -5.20458 -2.92352
C -6.14643 -4.52821 1.49337
C -6.14737 -3.08679 2.25484
C -7.45862 -2.5401 2.08898
C -7.91962 -3.65223 1.27388
O -7.46485 -4.85562 1.77829
H -5.25072 -3.46113 -0.15449
H -7.24598 -2.73998 -0.6023
H -5.54774 -5.28492 1.9612
H -6.0592 -3.23826 3.36077
H -5.43478 -2.3269 1.85018
H -8.02521 -2.51542 3.05145
H -7.52608 -1.56688 1.55165
H -9.0304 -3.49822 1.30119
O -3.38495 -7.20228 -0.86599
C -1.50801 -2.95605 1.79846
C -2.03682 -6.55325 3.23658
C -2.28143 -7.79541 4.09337
C -2.58156 -8.81772 3.02048
C -2.40753 -7.96117 1.76326
O -1.37772 -7.06923 2.10975
H -4.13527 -6.08343 3.46964
H -4.57162 -7.63661 1.66425
H -1.3288 -2.68191 2.85983
H -1.48225 -5.78806 3.82366
H -1.32054 -8.06953 4.58461
H -3.07015 -7.67022 4.86616
H -1.78801 -9.59784 3.04857
H -3.58254 -9.2966 3.08298
H -2.20215 -8.62131 0.892
H -2.18313 -2.20276 1.33986
H -0.53814 -2.94969 1.26042
H -8.93685 -5.06089 -3.98934
H -10.23296 -4.80852 -2.75804
H -9.18228 -6.29071 -2.69121
H -4.54971 -3.13646 -2.0132
H -3.39369 -4.01159 -2.95327
H -2.30333 -5.00387 -1.18966
H -2.79198 -3.48499 -0.42623
$end

$opt
CONSTRAINT
tors           1           2           3           4    +123.158
tors           3           4           5           6     -28.421
tors           4           5           6           7    +142.105
tors           5           6           7           8    +104.211
tors           6           7           8           9     -28.421
tors           7           8           9          10     +47.368
tors           8           9          10          11     +28.421
tors           9          10          11          12    +104.211
tors          11          12          13          14    +104.211
ENDCONSTRAINT
$end

$rem
JOBTYPE                   OPT
METHOD                    B3LYP
DFT_D                     d3_op
BASIS                     STO-3G
GEOM_OPT_MAX_CYCLES       100
GEOM_OPT_TOL_GRADIENT     300
GEOM_OPT_TOL_DISPLACEMENT 1200
GEOM_OPT_TOL_ENERGY       100
SYMMETRY                  False
THRESH                    12
SCF_CONVERGENCE           8
MAX_SUB_FILE_NUM          128
MEM_STATIC                400
MEM_TOTAL                 4000
$end
