$molecule
0  1
O -3.94934 -3.66094 2.70899
C -3.26408 -4.56952 2.26188
C -3.36658 -6.02376 2.66595
C -3.18715 -7.07505 1.5585
C -2.74922 -6.56083 0.20502
O -1.42744 -6.84222 0.00721
C -0.55219 -5.85648 0.56534
C 0.85017 -6.43252 0.73172
O 1.79968 -5.62182 0.02174
C 2.98737 -6.21752 -0.24971
C 3.11725 -6.63998 -1.69377
C 4.55619 -6.8907 -2.16796
C 5.59656 -7.03364 -1.0753
O 5.48553 -7.73169 -0.07782
O -2.40127 -4.14673 1.31077
O 6.7099 -6.26664 -1.21326
O 3.8967 -5.99265 0.52946
C 7.75164 -6.23951 -0.30988
C 2.47661 -8.0014 -2.04812
C 2.17931 -8.05729 -3.5475
C 3.57837 -8.18072 -4.11111
C 4.38635 -8.27631 -2.81384
O 3.52187 -8.93099 -1.91811
H 2.63321 -5.84377 -2.30477
H 4.91617 -6.13144 -2.89816
H 1.54924 -8.23803 -1.49948
H 1.63753 -9.01137 -3.74016
H 1.57838 -7.21123 -3.94502
H 3.6448 -9.1333 -4.68248
H 3.91326 -7.33144 -4.74527
H 5.36314 -8.77592 -3.00069
O -3.41893 -5.87515 -0.55271
C -2.26289 -2.84267 0.86701
C -2.34278 -6.5236 3.71145
C -2.94421 -7.69246 4.49391
C -2.92852 -8.77828 3.43114
C -2.21264 -8.04044 2.28992
O -1.343 -7.17959 2.97576
H -4.36898 -6.10161 3.14571
H -4.13059 -7.62482 1.34602
H -1.95834 -2.18264 1.70705
H -2.00072 -5.72279 4.40227
H -2.21233 -7.9638 5.28847
H -3.93299 -7.5007 4.9634
H -2.30522 -9.62162 3.80324
H -3.92703 -9.15518 3.12122
H -1.74121 -8.77081 1.59707
H -3.21972 -2.48304 0.43182
H -1.4812 -2.79973 0.08208
H 8.52611 -5.53107 -0.66875
H 8.20518 -7.24963 -0.21847
H 7.38809 -5.89931 0.68338
H 1.14866 -6.53056 1.80035
H 0.84328 -7.4666 0.33932
H -0.77039 -5.53071 1.58341
H -0.52556 -4.98161 -0.11954
$end

$opt
CONSTRAINT
tors           1           2           3           4    +142.105
tors           3           4           5           6    +104.211
tors           4           5           6           7     -85.263
tors           5           6           7           8    +161.053
tors           6           7           8           9    +123.158
tors           7           8           9          10    -161.053
tors           8           9          10          11    +104.211
tors           9          10          11          12    +161.053
tors          11          12          13          14     +47.368
ENDCONSTRAINT
$end

$rem
JOBTYPE                   OPT
METHOD                    B3LYP
DFT_D                     d3_op
BASIS                     STO-3G
GEOM_OPT_MAX_CYCLES       100
GEOM_OPT_TOL_GRADIENT     300
GEOM_OPT_TOL_DISPLACEMENT 1200
GEOM_OPT_TOL_ENERGY       100
SYMMETRY                  False
THRESH                    12
SCF_CONVERGENCE           8
MAX_SUB_FILE_NUM          128
MEM_STATIC                400
MEM_TOTAL                 4000
$end
