$molecule
0  1
O -3.94934 -3.66094 2.70899
C -3.26408 -4.56952 2.26188
C -3.36658 -6.02376 2.66595
C -2.76261 -7.06348 1.7078
C -1.9673 -6.5228 0.54022
O -2.49374 -6.98349 -0.63283
C -1.49796 -7.29601 -1.61263
C -0.98029 -8.71506 -1.40184
O -0.33847 -9.18459 -2.59787
C -1.16226 -9.73413 -3.52443
C -0.42889 -10.20775 -4.75671
C -1.31097 -10.40929 -5.99752
C -2.68966 -9.78299 -5.93694
O -3.46888 -9.87388 -4.99933
O -2.12213 -4.16173 1.65055
O -3.04468 -8.96165 -6.96372
O -2.11632 -10.38916 -3.1243
C -4.23641 -8.27096 -7.03957
C 0.60675 -9.20763 -5.32986
C 1.67947 -9.97996 -6.09392
C 0.88152 -10.46114 -7.28879
C -0.43742 -9.71032 -7.0577
O -0.05855 -8.54051 -6.37575
H 0.11002 -11.13741 -4.4617
H -1.47842 -11.4927 -6.18273
H 1.08425 -8.55674 -4.56632
H 2.42194 -9.22573 -6.44192
H 2.21099 -10.77529 -5.5285
H 1.3952 -10.11729 -8.21375
H 0.70645 -11.55817 -7.33145
H -0.96154 -9.56785 -8.02736
O -0.83656 -6.05562 0.64469
C -1.8138 -2.85695 1.31957
C -2.524 -6.30843 3.92735
C -3.0507 -7.55574 4.63649
C -2.59137 -8.63793 3.68169
C -1.80939 -7.7978 2.66646
O -1.28071 -6.74496 3.43468
H -4.43736 -6.21828 2.90091
H -3.55544 -7.74335 1.31855
H -1.7705 -2.22756 2.23398
H -2.495 -5.45037 4.63476
H -2.48093 -7.65935 5.58777
H -4.13913 -7.54868 4.86033
H -1.90401 -9.32089 4.22884
H -3.40385 -9.22347 3.19953
H -1.07118 -8.42992 2.12461
H -2.57436 -2.45189 0.61818
H -0.82207 -2.83319 0.82336
H -4.25734 -7.68439 -7.98082
H -4.32903 -7.57228 -6.1807
H -5.09075 -8.98114 -7.04092
H -0.24935 -8.70072 -0.56643
H -1.80065 -9.39084 -1.07213
H -0.7001 -6.52977 -1.73791
H -2.05029 -7.31089 -2.57608
$end

$opt
CONSTRAINT
tors           1           2           3           4    +161.053
tors           3           4           5           6    -123.158
tors           4           5           6           7    -142.105
tors           5           6           7           8     +85.263
tors           6           7           8           9    +161.053
tors           7           8           9          10     -85.263
tors           8           9          10          11    -180.000
tors           9          10          11          12    -161.053
tors          11          12          13          14     -47.368
ENDCONSTRAINT
$end

$rem
JOBTYPE                   OPT
METHOD                    B3LYP
DFT_D                     d3_op
BASIS                     STO-3G
GEOM_OPT_MAX_CYCLES       100
GEOM_OPT_TOL_GRADIENT     300
GEOM_OPT_TOL_DISPLACEMENT 1200
GEOM_OPT_TOL_ENERGY       100
SYMMETRY                  False
THRESH                    12
SCF_CONVERGENCE           8
MAX_SUB_FILE_NUM          128
MEM_STATIC                400
MEM_TOTAL                 4000
$end
