$molecule
0  1
O -3.94934 -3.66094 2.70899
C -3.26408 -4.56952 2.26188
C -3.36658 -6.02376 2.66595
C -2.40867 -7.01244 1.98128
C -1.33566 -6.41165 1.10049
O -0.10337 -6.81477 1.52988
C -0.02547 -8.22291 1.77551
C -0.62961 -8.99454 0.60687
O -0.95629 -10.33093 1.01943
C -2.10291 -10.83719 0.50163
C -3.23959 -10.85562 1.49575
C -4.03517 -9.54576 1.59372
C -3.82248 -8.55744 0.46469
O -3.44633 -7.40165 0.59588
O -2.29568 -4.13012 1.42115
O -4.09004 -8.99103 -0.79779
O -2.27328 -10.92785 -0.70623
C -3.9535 -8.22047 -1.93362
C -4.35848 -11.85518 1.14365
C -5.13786 -12.22013 2.40699
C -5.89013 -10.92854 2.65626
C -5.46127 -10.11778 1.42632
O -5.29604 -11.09457 0.42607
H -2.79898 -11.1507 2.47553
H -4.00157 -9.08265 2.58873
H -3.98089 -12.7727 0.64162
H -5.87141 -13.00963 2.12636
H -4.51911 -12.58056 3.25683
H -6.98072 -11.14523 2.61352
H -5.64443 -10.40948 3.60798
H -6.20858 -9.32184 1.20986
O -1.48965 -5.92048 -0.01217
C -2.09729 -2.82213 1.02085
C -3.31276 -5.995 4.17481
C -3.62436 -7.35099 4.80193
C -2.31978 -8.02159 4.52215
C -1.70949 -6.97428 3.56265
O -1.97805 -5.80162 4.26783
H -4.41159 -6.30951 2.4088
H -2.3004 -8.08761 2.16563
H -1.88265 -2.17968 1.90141
H -3.94695 -5.20386 4.63529
H -3.77531 -7.29926 5.90297
H -4.52247 -7.78831 4.31905
H -1.71217 -7.97818 5.45771
H -2.36084 -9.08625 4.21067
H -0.621 -7.05762 3.72069
H -2.99612 -2.44497 0.48777
H -1.23012 -2.78169 0.3304
H -4.23855 -8.82476 -2.81891
H -2.89831 -7.8926 -2.04895
H -4.6187 -7.33262 -1.87573
H -1.43336 -8.54496 0.01966
H 0.17045 -9.04396 -0.1631
H -0.39096 -8.70953 2.6935
H 1.04605 -8.50047 1.87098
$end

$opt
CONSTRAINT
tors           1           2           3           4    -180.000
tors           3           4           5           6    +123.158
tors           4           5           6           7     +47.368
tors           5           6           7           8     +47.368
tors           6           7           8           9    -161.053
tors           7           8           9          10    +142.105
tors           8           9          10          11    -104.211
tors           9          10          11          12     +85.263
tors          11          12          13          14    -123.158
ENDCONSTRAINT
$end

$rem
JOBTYPE                   OPT
METHOD                    B3LYP
DFT_D                     d3_op
BASIS                     STO-3G
GEOM_OPT_MAX_CYCLES       100
GEOM_OPT_TOL_GRADIENT     300
GEOM_OPT_TOL_DISPLACEMENT 1200
GEOM_OPT_TOL_ENERGY       100
SYMMETRY                  False
THRESH                    12
SCF_CONVERGENCE           8
MAX_SUB_FILE_NUM          128
MEM_STATIC                400
MEM_TOTAL                 4000
$end
