$molecule
0  1
O -3.94934 -3.66094 2.70899
C -3.26408 -4.56952 2.26188
C -3.36658 -6.02376 2.66595
C -4.10165 -6.33796 3.97927
C -4.80615 -5.18039 4.65143
O -5.63937 -5.64789 5.62744
C -6.88542 -6.13513 5.11833
C -6.9975 -5.83476 3.62724
O -8.16363 -6.47464 3.0854
C -8.07262 -7.81894 2.93143
C -8.17743 -8.2544 1.48919
C -8.93947 -7.28485 0.57401
C -9.16616 -5.89285 1.12869
O -9.84856 -5.02383 0.60552
O -2.40341 -4.29856 1.2457
O -7.8996 -5.32382 1.17786
O -7.70131 -8.59193 3.79877
C -7.49594 -4.00367 0.95529
C -6.98744 -8.62968 0.59922
C -7.43337 -9.57109 -0.52869
C -8.18481 -8.61677 -1.432
C -8.00919 -7.31067 -0.66162
O -6.71655 -7.43735 -0.09954
H -8.79891 -9.17446 1.58486
H -9.96015 -7.66883 0.34949
H -6.1741 -9.14765 1.13998
H -6.52498 -9.922 -1.06909
H -8.01486 -10.45368 -0.18513
H -7.63994 -8.54401 -2.3999
H -9.25006 -8.87348 -1.61725
H -8.17223 -6.43872 -1.33225
O -4.15095 -4.20309 4.98309
C -2.20934 -3.04446 0.70585
C -3.80176 -7.133 1.71411
C -2.99103 -8.39596 1.99603
C -3.53369 -8.77159 3.3681
C -4.65514 -7.72329 3.53829
O -5.04818 -7.5134 2.20778
H -2.2854 -6.20149 2.87912
H -3.36305 -6.5911 4.77584
H -1.8379 -2.34564 1.48563
H -3.76016 -6.84102 0.64303
H -3.31901 -9.16213 1.25691
H -1.88677 -8.28545 1.93793
H -3.96032 -9.79708 3.2969
H -2.79552 -8.73366 4.19774
H -5.38551 -8.1442 4.2404
H -3.16044 -2.66025 0.27884
H -1.45469 -3.11002 -0.1045
H -6.90346 -3.62302 1.80593
H -8.33757 -3.30012 0.79561
H -6.84142 -3.97754 0.0614
H -7.20281 -4.74561 3.63285
H -6.23508 -5.88228 2.87585
H -7.73229 -5.65226 5.65272
H -6.92828 -7.19606 5.39947
$end

$opt
CONSTRAINT
tors           1           2           3           4     -17.218
tors           3           4           5           6    +167.084
tors           4           5           6           7     -80.229
tors           5           6           7           8      -6.906
tors           6           7           8           9    +172.542
tors           7           8           9          10     -73.880
tors           8           9          10          11    -117.006
tors           9          10          11          12     -25.197
tors          11          12          13          14    -173.153
ENDCONSTRAINT
$end

$rem
JOBTYPE                   OPT
METHOD                    B3LYP
DFT_D                     d3_op
BASIS                     STO-3G
GEOM_OPT_MAX_CYCLES       100
GEOM_OPT_TOL_GRADIENT     300
GEOM_OPT_TOL_DISPLACEMENT 1200
GEOM_OPT_TOL_ENERGY       100
SYMMETRY                  False
THRESH                    12
SCF_CONVERGENCE           8
MAX_SUB_FILE_NUM          128
MEM_STATIC                400
MEM_TOTAL                 4000
$end
