$molecule
0  1
O -3.94934 -3.66094 2.70899
C -3.26408 -4.56952 2.26188
C -3.36658 -6.02376 2.66595
C -2.75857 -6.42101 4.02108
C -2.27395 -5.28967 4.90046
O -3.33677 -4.69319 5.51693
C -2.95905 -3.59283 6.35107
C -4.19115 -2.78509 6.74553
O -3.81118 -1.70465 7.61222
C -3.81335 -1.9919 8.9376
C -2.42531 -2.1874 9.49953
C -1.90954 -1.03044 10.36769
C -2.95528 -0.03851 10.83589
O -4.16336 -0.22578 10.82865
O -2.43273 -4.30141 1.22039
O -2.47423 1.08142 11.43706
O -4.78612 -2.52087 9.46178
C -3.26435 2.07371 11.97847
C -2.2952 -3.35356 10.50652
C -0.84333 -3.82788 10.56035
C -0.18793 -2.65545 11.26314
C -1.42276 -1.81056 11.59787
O -2.45115 -2.75614 11.77113
H -1.72851 -2.38565 8.65541
H -1.12665 -0.44704 9.83418
H -2.96633 -4.21069 10.2802
H -0.8194 -4.70841 11.24209
H -0.39012 -4.11095 9.58593
H 0.30342 -3.03095 12.18799
H 0.53858 -2.0796 10.64959
H -1.21974 -1.14576 12.4665
O -1.10051 -5.11837 5.20849
C -2.24512 -3.0473 0.6779
C -4.81401 -6.51687 2.84706
C -4.87549 -8.03244 2.65694
C -4.19389 -8.50692 3.92578
C -3.9606 -7.16875 4.63583
O -5.05601 -6.38117 4.22743
H -2.87723 -6.60703 1.85182
H -1.88263 -7.09273 3.87457
H -1.84562 -2.35359 1.44841
H -5.53456 -6.01076 2.16794
H -5.94847 -8.32728 2.701
H -4.43145 -8.40768 1.70989
H -4.91669 -9.12704 4.50132
H -3.24726 -9.06961 3.77531
H -3.84317 -7.322 5.73119
H -3.20503 -2.65439 0.2797
H -1.51485 -3.11634 -0.15422
H -2.61391 2.86757 12.39941
H -3.89568 1.65905 12.79321
H -3.91031 2.51964 11.19212
H -4.6514 -2.36185 5.82752
H -4.94958 -3.45308 7.21308
H -2.27404 -2.89794 5.81173
H -2.45177 -3.99467 7.25343
$end

$opt
CONSTRAINT
tors           1           2           3           4     -76.193
tors           3           4           5           6     +78.057
tors           4           5           6           7    -178.930
tors           5           6           7           8    +167.050
tors           6           7           8           9    +178.407
tors           7           8           9          10     -89.688
tors           8           9          10          11    +104.116
tors           9          10          11          12    +105.855
tors          11          12          13          14     +16.392
ENDCONSTRAINT
$end

$rem
JOBTYPE                   OPT
METHOD                    B3LYP
DFT_D                     d3_op
BASIS                     STO-3G
GEOM_OPT_MAX_CYCLES       100
GEOM_OPT_TOL_GRADIENT     300
GEOM_OPT_TOL_DISPLACEMENT 1200
GEOM_OPT_TOL_ENERGY       100
SYMMETRY                  False
THRESH                    12
SCF_CONVERGENCE           8
MAX_SUB_FILE_NUM          128
MEM_STATIC                400
MEM_TOTAL                 4000
$end
