$molecule
0  1
O -3.94934 -3.66094 2.70899
C -3.26408 -4.56952 2.26188
C -3.36658 -6.02376 2.66595
C -2.11038 -6.89239 2.48901
C -0.841 -6.17013 2.0952
O -0.92188 -4.85672 2.46105
C 0.21967 -4.09001 2.06322
C 1.15817 -3.89076 3.24882
O 2.52315 -3.92052 2.80291
C 3.35247 -4.72157 3.51682
C 4.78901 -4.63903 3.05832
C 5.53246 -5.982 3.01377
C 4.66275 -7.22128 3.0807
O 3.44116 -7.22819 3.12818
O -2.82434 -4.39287 0.98023
O 5.32035 -8.41021 3.04219
O 3.08119 -5.14358 4.63669
C 4.70078 -9.64202 3.07018
C 5.01779 -4.16379 1.60079
C 6.42795 -3.58944 1.46245
C 7.26102 -4.85047 1.55847
C 6.15361 -5.90744 1.61055
O 5.10864 -5.3501 0.85009
H 5.28894 -3.92353 3.7499
H 6.27355 -6.0688 3.83886
H 4.28422 -3.41234 1.2394
H 6.515 -3.18791 0.42707
H 6.69237 -2.78868 2.18611
H 7.8574 -4.94956 0.62434
H 7.92754 -4.91401 2.4459
H 6.53925 -6.89062 1.2615
O 0.19899 -6.76023 1.82492
C -2.87684 -3.20174 0.28398
C -3.57779 -6.18049 4.18828
C -4.20943 -7.53924 4.49225
C -3.03548 -8.46046 4.23621
C -1.94382 -7.43543 3.91699
O -2.27975 -6.32426 4.71087
H -4.25037 -6.43865 2.1313
H -2.26929 -7.69195 1.73198
H -2.30027 -2.41835 0.81983
H -4.19612 -5.37149 4.63479
H -4.44344 -7.56161 5.58081
H -5.13028 -7.76865 3.91406
H -2.79415 -8.99427 5.18239
H -3.17581 -9.19294 3.41198
H -0.93642 -7.87427 4.09135
H -3.9311 -2.8728 0.16498
H -2.43315 -3.34884 -0.72186
H 5.47198 -10.4382 3.02758
H 4.02552 -9.75065 2.19459
H 4.11917 -9.75662 4.00987
H 0.91389 -2.93923 3.76685
H 0.94014 -4.71411 3.96671
H -0.07127 -3.12067 1.60863
H 0.79331 -4.59651 1.25136
$end

$opt
CONSTRAINT
tors           1           2           3           4    -154.613
tors           3           4           5           6     +23.168
tors           4           5           6           7    -177.174
tors           5           6           7           8    -100.808
tors           6           7           8           9    +144.177
tors           7           8           9          10    -131.446
tors           8           9          10          11    -176.141
tors           9          10          11          12    -139.295
tors          11          12          13          14      +2.146
ENDCONSTRAINT
$end

$rem
JOBTYPE                   OPT
METHOD                    B3LYP
DFT_D                     d3_op
BASIS                     STO-3G
GEOM_OPT_MAX_CYCLES       100
GEOM_OPT_TOL_GRADIENT     300
GEOM_OPT_TOL_DISPLACEMENT 1200
GEOM_OPT_TOL_ENERGY       100
SYMMETRY                  False
THRESH                    12
SCF_CONVERGENCE           8
MAX_SUB_FILE_NUM          128
MEM_STATIC                400
MEM_TOTAL                 4000
$end
