$molecule
0  1
O -3.94934 -3.66094 2.70899
C -3.26408 -4.56952 2.26188
C -3.36658 -6.02376 2.66595
C -2.05143 -6.77041 2.94297
C -0.79127 -5.93384 2.95822
O 0.24284 -6.66197 3.47385
C -0.178 -7.89301 4.07107
C 0.00082 -7.83117 5.58446
O -0.8913 -8.75949 6.22102
C -0.29468 -9.73585 6.94897
C 1.1896 -9.83901 6.69022
C 1.87075 -11.06814 7.30951
C 0.94371 -12.17311 7.77464
O 0.5895 -13.13096 7.10261
O -2.55719 -4.32139 1.124
O 0.61025 -12.1478 9.09337
O -0.96143 -10.42415 7.7031
C -0.17758 -13.09402 9.71497
C 1.51107 -10.31656 5.20664
C 2.84949 -9.72007 4.78952
C 3.77021 -10.52659 5.69727
C 2.77529 -11.58984 6.20438
O 1.83684 -11.68371 5.20258
H 1.79801 -8.9821 7.05222
H 2.46936 -10.772 8.20154
H 0.65266 -10.23693 4.53672
H 3.01191 -10.04437 3.73601
H 2.9709 -8.61824 4.84612
H 4.5875 -10.95565 5.07743
H 4.19081 -9.96644 6.56075
H 3.27525 -12.54117 6.49076
O -0.63059 -4.77357 2.62502
C -2.45043 -3.08368 0.52353
C -4.41306 -6.24101 3.72313
C -4.90679 -7.68591 3.69414
C -3.69025 -8.37026 4.23464
C -2.75643 -7.15939 4.37908
O -3.60844 -6.13596 4.81418
H -3.78083 -6.45237 1.72293
H -1.95581 -7.6297 2.23742
H -1.98102 -2.35916 1.22284
H -5.27064 -5.53491 3.66889
H -5.75289 -7.81728 4.40554
H -5.21328 -8.00753 2.67505
H -3.94611 -8.74453 5.25393
H -3.28582 -9.20886 3.62897
H -2.20691 -7.36904 5.22783
H -3.45408 -2.71695 0.21956
H -1.81372 -3.172 -0.38046
H -0.29053 -12.82682 10.78561
H 0.29807 -14.09548 9.64406
H -1.18399 -13.12165 9.24501
H 1.05264 -7.64065 5.83166
H -0.34533 -6.83139 5.92606
H 0.64654 -8.48616 3.67301
H -0.88751 -8.6462 3.66877
$end

$opt
CONSTRAINT
tors           1           2           3           4    -134.665
tors           3           4           5           6    +167.880
tors           4           5           6           7     -10.599
tors           5           6           7           8    -110.780
tors           6           7           8           9    +155.943
tors           7           8           9          10    +118.768
tors           8           9          10          11     -13.124
tors           9          10          11          12    -170.463
tors          11          12          13          14     +91.885
ENDCONSTRAINT
$end

$rem
JOBTYPE                   OPT
METHOD                    B3LYP
DFT_D                     d3_op
BASIS                     STO-3G
GEOM_OPT_MAX_CYCLES       100
GEOM_OPT_TOL_GRADIENT     300
GEOM_OPT_TOL_DISPLACEMENT 1200
GEOM_OPT_TOL_ENERGY       100
SYMMETRY                  False
THRESH                    12
SCF_CONVERGENCE           8
MAX_SUB_FILE_NUM          128
MEM_STATIC                400
MEM_TOTAL                 4000
$end
