$molecule
0  1
O -3.94934 -3.66094 2.70899
C -3.26408 -4.56952 2.26188
C -3.36658 -6.02376 2.66595
C -2.04979 -6.78841 2.87859
C -0.77942 -5.96833 2.83709
O -0.96777 -4.78734 3.4968
C -1.8659 -4.89889 4.60592
C -2.73041 -3.64674 4.71022
O -3.86433 -3.90374 5.55346
C -4.44582 -2.80677 6.09905
C -5.38709 -3.1416 7.23155
C -6.48873 -2.1025 7.48635
C -6.71049 -1.08995 6.38078
O -7.6457 -0.30531 6.31538
O -2.44824 -4.29628 1.20683
O -6.00438 -1.12455 5.21809
O -3.84332 -1.73564 6.14069
C -6.1917 -0.3094 4.11752
C -6.26235 -4.39714 6.988
C -6.71737 -4.97109 8.32901
C -7.70877 -3.91383 8.76776
C -7.72207 -3.01967 7.52306
O -7.46672 -3.90211 6.45839
H -4.75401 -3.32287 8.12963
H -6.32613 -1.52912 8.4249
H -5.76494 -5.19547 6.3972
H -7.27616 -5.90826 8.10449
H -5.90897 -5.19614 9.05745
H -8.69725 -4.40127 8.92026
H -7.42086 -3.33895 9.67464
H -8.67678 -2.45159 7.46496
O 0.12269 -6.1302 2.02984
C -2.26607 -3.03966 0.66875
C -4.29829 -6.63409 3.73883
C -4.7393 -8.03876 3.30106
C -3.44441 -8.82475 3.50588
C -2.51969 -7.72215 4.04799
O -3.45013 -6.96531 4.80232
H -3.78471 -6.39225 1.70053
H -1.87399 -7.47796 2.02042
H -1.85197 -2.35221 1.43708
H -5.16939 -5.98632 3.9734
H -5.49469 -8.40839 4.03076
H -5.17074 -8.0923 2.27836
H -3.61915 -9.57573 4.3087
H -3.05046 -9.34083 2.60423
H -1.66265 -8.16023 4.60277
H -3.23122 -2.64168 0.28886
H -1.54943 -3.10606 -0.17524
H -5.45506 -0.58362 3.33468
H -6.03658 0.75395 4.39876
H -7.21498 -0.44721 3.70764
H -2.07438 -3.00426 5.35355
H -2.66069 -2.73672 4.06989
H -1.10649 -4.68919 5.39953
H -1.7827 -5.71284 5.34365
$end

$opt
CONSTRAINT
tors           1           2           3           4    -137.466
tors           3           4           5           6     +41.264
tors           4           5           6           7     +33.139
tors           5           6           7           8    -142.589
tors           6           7           8           9    +163.615
tors           7           8           9          10    +158.205
tors           8           9          10          11    -165.359
tors           9          10          11          12    -155.087
tors          11          12          13          14    +169.685
ENDCONSTRAINT
$end

$rem
JOBTYPE                   OPT
METHOD                    B3LYP
DFT_D                     d3_op
BASIS                     STO-3G
GEOM_OPT_MAX_CYCLES       100
GEOM_OPT_TOL_GRADIENT     300
GEOM_OPT_TOL_DISPLACEMENT 1200
GEOM_OPT_TOL_ENERGY       100
SYMMETRY                  False
THRESH                    12
SCF_CONVERGENCE           8
MAX_SUB_FILE_NUM          128
MEM_STATIC                400
MEM_TOTAL                 4000
$end
