$molecule
0  1
O -3.94934 -3.66094 2.70899
C -3.26408 -4.56952 2.26188
C -3.36658 -6.02376 2.66595
C -2.27918 -6.57027 3.6055
C -1.31164 -5.55824 4.17799
O -1.83099 -5.01272 5.31734
C -0.99866 -3.99563 5.8848
C -1.62094 -3.46481 7.1721
O -0.61033 -2.85072 7.98724
C 0.20095 -1.97246 7.34722
C 1.54151 -2.56613 6.98514
C 2.69742 -1.5578 6.91164
C 2.43584 -0.2055 7.54375
O 3.29196 0.61337 7.84556
O -2.25549 -4.26681 1.40359
O 1.20468 0.1796 7.97121
O -0.29975 -1.1411 6.59499
C 0.88731 1.37138 8.59628
C 2.11153 -3.56015 8.02782
C 3.11448 -4.49459 7.35272
C 4.26309 -3.54173 7.10284
C 3.72928 -2.28389 7.79657
O 2.93921 -2.77761 8.84903
H 1.4581 -3.07121 6.00269
H 3.07492 -1.37393 5.88179
H 1.34413 -4.16875 8.55147
H 3.43242 -5.23876 8.11815
H 2.73795 -5.03213 6.45583
H 5.16265 -3.93111 7.62946
H 4.49895 -3.34992 6.03361
H 4.57523 -1.62569 8.09433
O -0.36363 -5.09851 3.55256
C -1.9667 -2.99243 0.96299
C -4.63073 -6.32277 3.50566
C -5.00535 -7.79882 3.37618
C -3.89997 -8.44059 4.18584
C -3.17823 -7.19128 4.70273
O -4.20335 -6.23908 4.84041
H -3.45049 -6.59845 1.71627
H -1.65691 -7.36441 3.13706
H -1.70782 -2.33974 1.82413
H -5.50297 -5.6901 3.23061
H -5.96843 -7.94137 3.91722
H -5.11233 -8.17384 2.33563
H -4.36216 -9.00041 5.02922
H -3.21758 -9.10731 3.61561
H -2.60629 -7.43464 5.62549
H -2.83774 -2.56924 0.41839
H -1.09922 -3.03408 0.27302
H -0.19973 1.38697 8.81646
H 1.1296 2.22795 7.93169
H 1.44611 1.46421 9.5519
H -2.45001 -2.76249 6.9371
H -2.03566 -4.30925 7.76278
H -0.79306 -3.17516 5.16113
H -0.06964 -4.53174 6.1738
$end

$opt
CONSTRAINT
tors           1           2           3           4    -103.765
tors           3           4           5           6     +86.418
tors           4           5           6           7    -177.174
tors           5           6           7           8    -178.304
tors           6           7           8           9    +158.373
tors           7           8           9          10     +48.402
tors           8           9          10          11    -100.598
tors           9          10          11          12    -151.489
tors          11          12          13          14    +163.298
ENDCONSTRAINT
$end

$rem
JOBTYPE                   OPT
METHOD                    B3LYP
DFT_D                     d3_op
BASIS                     STO-3G
GEOM_OPT_MAX_CYCLES       100
GEOM_OPT_TOL_GRADIENT     300
GEOM_OPT_TOL_DISPLACEMENT 1200
GEOM_OPT_TOL_ENERGY       100
SYMMETRY                  False
THRESH                    12
SCF_CONVERGENCE           8
MAX_SUB_FILE_NUM          128
MEM_STATIC                400
MEM_TOTAL                 4000
$end
