$molecule
0  1
O -3.94934 -3.66094 2.70899
C -3.26408 -4.56952 2.26188
C -3.36658 -6.02376 2.66595
C -3.75677 -6.32239 4.12281
C -4.17396 -5.13763 4.96566
O -4.72967 -5.57276 6.13496
C -5.20957 -4.50687 6.96129
C -5.77598 -5.06493 8.26278
O -4.91666 -4.71659 9.35964
C -5.54671 -4.43118 10.52615
C -4.67939 -3.65552 11.48884
C -4.06437 -4.48953 12.62218
C -4.10378 -5.99262 12.43281
O -3.29617 -6.78647 12.8934
O -2.22668 -4.25664 1.44164
O -5.30195 -6.52845 12.07765
O -6.7039 -4.74549 10.78021
C -5.56805 -7.87864 11.96991
C -3.38522 -3.05704 10.87528
C -2.91688 -1.86819 11.71348
C -2.43577 -2.57624 12.96081
C -2.59556 -4.03631 12.52302
O -2.38551 -4.00969 11.13365
H -5.29073 -2.79386 11.83982
H -4.52959 -4.27632 13.60923
H -3.49694 -2.7364 9.81643
H -2.03461 -1.43431 11.18967
H -3.66826 -1.06713 11.8822
H -1.36469 -2.31964 13.11881
H -3.0203 -2.36585 13.88269
H -1.90553 -4.68454 13.10646
O -3.47424 -4.13219 5.0074
C -1.9393 -2.98086 1.00342
C -4.55397 -6.68401 1.93136
C -4.34656 -8.19519 1.85549
C -4.57374 -8.57954 3.30022
C -4.98871 -7.22357 3.88299
O -5.63592 -6.57327 2.82021
H -2.43911 -6.54346 2.33335
H -2.94256 -6.84476 4.67282
H -1.72343 -2.31783 1.86832
H -4.72029 -6.2747 0.91003
H -5.18194 -8.60607 1.24391
H -3.37914 -8.52709 1.42105
H -5.41758 -9.30383 3.34135
H -3.68788 -8.99562 3.82724
H -5.60429 -7.38724 4.79362
H -2.79506 -2.57465 0.42268
H -1.04584 -3.01427 0.34682
H -6.6226 -8.01661 11.65469
H -5.41955 -8.38019 12.94983
H -4.90389 -8.33751 11.20647
H -6.76951 -4.57257 8.38924
H -5.96225 -6.15962 8.20979
H -6.03832 -4.01445 6.40082
H -4.44407 -3.72905 7.18524
$end

$opt
CONSTRAINT
tors           1           2           3           4     -32.932
tors           3           4           5           6    +168.477
tors           4           5           6           7    -177.174
tors           5           6           7           8    -178.304
tors           6           7           8           9    +110.108
tors           7           8           9          10    +143.580
tors           8           9          10          11    -161.274
tors           9          10          11          12    -101.761
tors          11          12          13          14    +151.188
ENDCONSTRAINT
$end

$rem
JOBTYPE                   OPT
METHOD                    B3LYP
DFT_D                     d3_op
BASIS                     STO-3G
GEOM_OPT_MAX_CYCLES       100
GEOM_OPT_TOL_GRADIENT     300
GEOM_OPT_TOL_DISPLACEMENT 1200
GEOM_OPT_TOL_ENERGY       100
SYMMETRY                  False
THRESH                    12
SCF_CONVERGENCE           8
MAX_SUB_FILE_NUM          128
MEM_STATIC                400
MEM_TOTAL                 4000
$end
