$molecule
0  1
O -3.94934 -3.66094 2.70899
C -3.26408 -4.56952 2.26188
C -3.36658 -6.02376 2.66595
C -2.05994 -6.74323 3.03864
C -0.82034 -5.88199 3.13746
O -0.25553 -6.02175 4.37313
C 0.89033 -5.18574 4.56636
C 1.48963 -5.42646 5.94803
O 1.83342 -6.81294 6.09759
C 2.76475 -7.27972 5.22932
C 3.01506 -8.76182 5.37561
C 4.39701 -9.23481 4.90151
C 5.43238 -8.14766 4.69456
O 5.46768 -7.08003 5.2891
O -2.49758 -4.31077 1.17003
O 6.29546 -8.34596 3.66387
O 3.22851 -6.634 4.29974
C 7.27263 -7.44951 3.28487
C 3.06176 -9.23967 6.8503
C 2.7682 -10.73834 6.91554
C 4.04335 -11.29985 6.32663
C 4.85116 -10.00988 6.15208
O 4.41847 -9.18514 7.2036
H 2.16783 -9.28095 4.87429
H 4.37559 -9.89276 4.00437
H 2.3646 -8.70325 7.52867
H 2.72465 -11.01625 7.99335
H 1.82989 -11.06368 6.41694
H 4.51888 -11.96138 7.08458
H 3.92499 -11.84421 5.36473
H 5.94071 -10.23769 6.13312
O -0.31144 -5.2835 2.1979
C -2.34456 -3.0635 0.60104
C -4.20535 -6.26122 3.93867
C -4.78711 -7.67187 3.91661
C -3.53884 -8.49314 4.15082
C -2.50932 -7.37892 4.38148
O -3.25496 -6.34356 4.97319
H -3.85567 -6.52646 1.80081
H -1.80761 -7.5298 2.29332
H -1.90171 -2.35966 1.33782
H -5.02248 -5.52132 4.08168
H -5.44632 -7.76574 4.80953
H -5.36599 -7.93616 3.0056
H -3.68472 -9.09308 5.07674
H -3.24246 -9.15828 3.31107
H -1.67178 -7.79284 4.98345
H -3.32664 -2.67692 0.2541
H -1.66374 -3.14298 -0.27108
H 7.83138 -7.86405 2.4209
H 7.98256 -7.28119 4.12281
H 6.81144 -6.48476 2.98329
H 2.37972 -4.77797 6.1069
H 0.73177 -5.17272 6.71935
H 0.56983 -4.11995 4.53319
H 1.59984 -5.28621 3.72783
$end

$opt
CONSTRAINT
tors           1           2           3           4    -130.481
tors           3           4           5           6    +123.705
tors           4           5           6           7    -177.174
tors           5           6           7           8    -178.304
tors           6           7           8           9     +57.397
tors           7           8           9          10     +61.705
tors           8           9          10          11    -176.141
tors           9          10          11          12    -155.087
tors          11          12          13          14     +28.246
ENDCONSTRAINT
$end

$rem
JOBTYPE                   OPT
METHOD                    B3LYP
DFT_D                     d3_op
BASIS                     STO-3G
GEOM_OPT_MAX_CYCLES       100
GEOM_OPT_TOL_GRADIENT     300
GEOM_OPT_TOL_DISPLACEMENT 1200
GEOM_OPT_TOL_ENERGY       100
SYMMETRY                  False
THRESH                    12
SCF_CONVERGENCE           8
MAX_SUB_FILE_NUM          128
MEM_STATIC                400
MEM_TOTAL                 4000
$end
