$molecule
0  1
O -3.94934 -3.66094 2.70899
C -3.26408 -4.56952 2.26188
C -3.36658 -6.02376 2.66595
C -2.11815 -6.89842 2.46535
C -0.85245 -6.18199 2.04961
O -0.98805 -4.8396 2.26183
C 0.00587 -4.05982 1.58855
C -0.06941 -2.60606 2.04357
O 1.23799 -2.14084 2.41394
C 2.01006 -1.69633 1.39146
C 3.48048 -1.66641 1.73441
C 4.36649 -0.92657 0.72154
C 3.6391 -0.03862 -0.26799
O 4.13876 0.88826 -0.8891
O -2.95755 -4.44382 0.93141
O 2.28596 0.00761 -0.38558
O 1.73142 -2.13668 0.27633
C 1.5472 0.84642 -1.20103
C 3.79546 -0.87312 3.02097
C 5.1258 -1.34896 3.6012
C 6.09347 -0.7928 2.57796
C 5.12675 0.00122 1.69129
O 4.1135 0.4192 2.57211
H 3.79954 -2.7248 1.87349
H 5.04514 -1.59084 0.1437
H 3.0008 -0.93697 3.79543
H 5.27266 -0.80408 4.56154
H 5.20638 -2.44176 3.78601
H 6.80312 -0.11338 3.10033
H 6.6529 -1.55205 1.98954
H 5.67491 0.81328 1.16463
O 0.18766 -6.7448 1.73095
C -3.07393 -3.30259 0.15548
C -3.53573 -6.17891 4.19528
C -4.17739 -7.52872 4.51661
C -3.02748 -8.46748 4.21733
C -1.92655 -7.45738 3.8808
O -2.22686 -6.34404 4.68557
H -4.27092 -6.43529 2.1634
H -2.30269 -7.67715 1.69273
H -3.41392 -2.41893 0.73589
H -4.12997 -5.36225 4.66032
H -4.37068 -7.54768 5.6133
H -5.12307 -7.74538 3.97483
H -2.77419 -9.02205 5.14822
H -3.20174 -9.18214 3.3839
H -0.92149 -7.91146 4.02678
H -3.79837 -3.49342 -0.66265
H -2.09152 -3.06438 -0.29858
H 0.46866 0.62443 -1.06683
H 1.81695 0.67889 -2.26557
H 1.72858 1.90763 -0.92694
H -0.64076 -1.92735 1.37278
H -0.62754 -2.60697 3.00474
H -0.02598 -4.15858 0.48163
H 0.99682 -4.43873 1.93341
$end

$opt
CONSTRAINT
tors           1           2           3           4    -155.687
tors           3           4           5           6     +15.438
tors           4           5           6           7    -164.834
tors           5           6           7           8    -171.040
tors           6           7           8           9    +130.207
tors           7           8           9          10     +84.108
tors           8           9          10          11    -160.490
tors           9          10          11          12    -168.861
tors          11          12          13          14    +158.748
ENDCONSTRAINT
$end

$rem
JOBTYPE                   OPT
METHOD                    B3LYP
DFT_D                     d3_op
BASIS                     STO-3G
GEOM_OPT_MAX_CYCLES       100
GEOM_OPT_TOL_GRADIENT     300
GEOM_OPT_TOL_DISPLACEMENT 1200
GEOM_OPT_TOL_ENERGY       100
SYMMETRY                  False
THRESH                    12
SCF_CONVERGENCE           8
MAX_SUB_FILE_NUM          128
MEM_STATIC                400
MEM_TOTAL                 4000
$end
