$molecule
0  1
O -3.94934 -3.66094 2.70899
C -3.26408 -4.56952 2.26188
C -3.36658 -6.02376 2.66595
C -4.7535 -6.54168 3.08075
C -5.91582 -5.59565 2.8754
O -6.39836 -5.72257 1.604
C -7.32202 -4.68901 1.24645
C -8.75477 -5.17298 1.44426
O -9.5434 -4.13452 2.04638
C -9.98393 -3.17143 1.1993
C -10.72664 -2.06194 1.90503
C -11.59381 -1.18146 0.99341
C -11.87486 -1.73655 -0.38848
O -12.9722 -1.77866 -0.92571
O -2.1913 -4.2413 1.49355
O -10.81788 -1.79681 -1.23968
O -9.32262 -2.93602 0.20006
C -10.89201 -2.12669 -2.57853
C -11.79752 -2.54784 2.91079
C -12.03706 -1.46327 3.95911
C -12.74472 -0.4161 3.12433
C -12.90404 -1.18097 1.80424
O -13.00654 -2.52837 2.193
H -9.96031 -1.4723 2.45795
H -11.16004 -0.16699 0.85298
H -11.54724 -3.5066 3.41364
H -12.76333 -1.88322 4.69202
H -11.13696 -1.10639 4.50435
H -13.73238 -0.20495 3.591
H -12.18193 0.53048 2.97241
H -13.76345 -0.77179 1.22925
O -6.52828 -5.07092 3.79805
C -1.89058 -2.96013 1.08042
C -3.0758 -7.00322 1.49734
C -2.59 -8.34134 2.05412
C -3.87222 -8.88095 2.65186
C -4.86117 -7.80139 2.19796
O -4.33556 -7.34702 0.976
H -2.57959 -6.18388 3.43674
H -4.7593 -6.79977 4.16348
H -1.71718 -2.30394 1.95999
H -2.33672 -6.62122 0.76072
H -2.31566 -8.97386 1.17913
H -1.72492 -8.29043 2.74967
H -4.10113 -9.85757 2.17044
H -3.87068 -8.99206 3.75785
H -5.89669 -8.20681 2.17089
H -2.72122 -2.55266 0.46512
H -0.96811 -2.98365 0.46488
H -9.87268 -2.10249 -3.01536
H -11.52942 -1.3957 -3.1204
H -11.30784 -3.15011 -2.69642
H -9.21065 -5.65128 0.5493
H -8.7184 -5.96036 2.22736
H -7.14714 -4.33861 0.20799
H -7.15718 -3.78003 1.87492
$end

$opt
CONSTRAINT
tors           1           2           3           4     +31.524
tors           3           4           5           6     +86.418
tors           4           5           6           7    -168.591
tors           5           6           7           8     -96.993
tors           6           7           8           9    +137.836
tors           7           8           9          10     +79.978
tors           8           9          10          11    -176.141
tors           9          10          11          12    -162.652
tors          11          12          13          14    +132.480
ENDCONSTRAINT
$end

$rem
JOBTYPE                   OPT
METHOD                    B3LYP
DFT_D                     d3_op
BASIS                     STO-3G
GEOM_OPT_MAX_CYCLES       100
GEOM_OPT_TOL_GRADIENT     300
GEOM_OPT_TOL_DISPLACEMENT 1200
GEOM_OPT_TOL_ENERGY       100
SYMMETRY                  False
THRESH                    12
SCF_CONVERGENCE           8
MAX_SUB_FILE_NUM          128
MEM_STATIC                400
MEM_TOTAL                 4000
$end
