$molecule
0  1
O -3.94934 -3.66094 2.70899
C -3.26408 -4.56952 2.26188
C -3.36658 -6.02376 2.66595
C -4.69009 -6.7454 2.36363
C -5.69856 -5.98426 1.53192
O -6.53778 -6.86005 0.90412
C -7.09608 -6.33618 -0.30547
C -8.41806 -5.63397 -0.01324
O -8.83976 -4.88579 -1.16445
C -9.1167 -5.62217 -2.26907
C -9.46407 -4.77429 -3.46953
C -10.66533 -5.27106 -4.28714
C -11.54526 -6.30191 -3.60907
O -12.58951 -6.74951 -4.06048
O -2.33822 -4.25482 1.3152
O -11.34546 -6.66094 -2.31166
O -8.85782 -6.81233 -2.39979
C -12.12787 -7.53031 -1.57583
C -9.91538 -3.32073 -3.18441
C -9.67931 -2.45516 -4.4225
C -10.7564 -2.98029 -5.34867
C -11.46566 -3.96556 -4.41493
O -11.31956 -3.39301 -3.13695
H -8.5441 -4.7523 -4.09652
H -10.35597 -5.71051 -5.26088
H -9.41921 -2.84684 -2.3111
H -9.93537 -1.40781 -4.14286
H -8.64643 -2.48069 -4.8316
H -11.43253 -2.13751 -5.61466
H -10.38886 -3.48037 -6.27093
H -12.51046 -4.13908 -4.75517
O -5.69081 -4.78489 1.29179
C -2.12383 -2.98456 0.82228
C -2.35327 -6.93352 1.93955
C -2.11784 -8.2107 2.74467
C -3.41504 -8.93946 2.49253
C -4.11435 -7.94762 1.55899
O -3.06126 -7.38646 0.81745
H -3.14223 -6.03527 3.75581
H -5.22481 -7.11708 3.26542
H -1.81628 -2.30214 1.64324
H -1.37368 -6.44714 1.74129
H -1.29278 -8.77859 2.25789
H -1.86782 -8.03819 3.81369
H -3.18641 -9.87549 1.93472
H -4.01407 -9.1786 3.39759
H -4.86871 -8.5068 0.96624
H -3.04824 -2.60069 0.34004
H -1.31416 -3.02036 0.06492
H -11.7044 -7.62257 -0.5547
H -12.13509 -8.53386 -2.05216
H -13.16541 -7.141 -1.49807
H -9.19512 -6.35777 0.31824
H -8.26374 -4.89926 0.80397
H -7.17313 -7.19394 -0.99312
H -6.39641 -5.63057 -0.81342
$end

$opt
CONSTRAINT
tors           1           2           3           4     +63.275
tors           3           4           5           6    +155.956
tors           4           5           6           7    -153.689
tors           5           6           7           8     -90.910
tors           6           7           8           9    +168.542
tors           7           8           9          10     +63.738
tors           8           9          10          11    -176.141
tors           9          10          11          12    -136.403
tors          11          12          13          14    +174.951
ENDCONSTRAINT
$end

$rem
JOBTYPE                   OPT
METHOD                    B3LYP
DFT_D                     d3_op
BASIS                     STO-3G
GEOM_OPT_MAX_CYCLES       100
GEOM_OPT_TOL_GRADIENT     300
GEOM_OPT_TOL_DISPLACEMENT 1200
GEOM_OPT_TOL_ENERGY       100
SYMMETRY                  False
THRESH                    12
SCF_CONVERGENCE           8
MAX_SUB_FILE_NUM          128
MEM_STATIC                400
MEM_TOTAL                 4000
$end
