$molecule
0  1
O -3.94934 -3.66094 2.70899
C -3.26408 -4.56952 2.26188
C -3.36658 -6.02376 2.66595
C -4.66056 -6.46868 3.36702
C -5.77909 -5.45211 3.42671
O -6.07737 -5.01592 2.16727
C -7.04522 -3.96129 2.15106
C -8.24475 -4.36174 1.29849
O -9.46205 -3.9646 1.94914
C -10.20995 -3.05229 1.2802
C -11.22805 -2.367 2.16028
C -12.6765 -2.83672 1.9612
C -12.85133 -4.13491 1.19907
O -13.79136 -4.90703 1.32048
O -2.22986 -4.25419 1.43804
O -12.14899 -4.26685 0.04233
O -10.04304 -2.7432 0.10604
C -12.25796 -5.32385 -0.83901
C -11.07427 -2.63277 3.68188
C -11.72676 -1.50057 4.47432
C -13.18952 -1.77622 4.20559
C -13.07934 -3.09107 3.42633
O -11.93232 -3.71214 3.94962
H -11.08543 -1.27278 2.01273
H -13.31049 -2.0762 1.45543
H -10.01971 -2.74836 4.01473
H -11.5206 -1.70073 5.55062
H -11.38311 -0.47391 4.22402
H -13.70223 -1.9315 5.18084
H -13.71951 -0.99863 3.61377
H -14.02709 -3.66575 3.5178
O -6.30702 -5.09397 4.47303
C -1.94773 -2.97826 0.99698
C -3.41299 -6.9625 1.43427
C -2.95104 -8.3651 1.83096
C -4.13971 -8.83427 2.64365
C -5.08327 -7.64104 2.46371
O -4.78034 -7.16204 1.17742
H -2.44537 -6.25798 3.24491
H -4.4692 -6.80314 4.41118
H -1.73123 -2.31321 1.86018
H -2.80733 -6.59905 0.57579
H -2.90134 -8.9714 0.89798
H -1.96969 -8.4127 2.35007
H -4.56374 -9.74044 2.15649
H -3.9313 -9.04125 3.71567
H -6.13923 -7.94546 2.63712
H -2.80656 -2.57569 0.4183
H -1.05606 -3.01008 0.33791
H -11.55761 -5.16498 -1.6844
H -13.29235 -5.38742 -1.23897
H -11.9917 -6.2739 -0.32822
H -8.09599 -4.04467 0.24231
H -8.29696 -5.4717 1.27366
H -6.60433 -3.0244 1.7493
H -7.43178 -3.67985 3.15533
$end

$opt
CONSTRAINT
tors           1           2           3           4     +18.520
tors           3           4           5           6     +55.192
tors           4           5           6           7    -174.680
tors           5           6           7           8    -122.823
tors           6           7           8           9    +137.836
tors           7           8           9          10    +117.074
tors           8           9          10          11    -162.570
tors           9          10          11          12    -104.855
tors          11          12          13          14    +152.905
ENDCONSTRAINT
$end

$rem
JOBTYPE                   OPT
METHOD                    B3LYP
DFT_D                     d3_op
BASIS                     STO-3G
GEOM_OPT_MAX_CYCLES       100
GEOM_OPT_TOL_GRADIENT     300
GEOM_OPT_TOL_DISPLACEMENT 1200
GEOM_OPT_TOL_ENERGY       100
SYMMETRY                  False
THRESH                    12
SCF_CONVERGENCE           8
MAX_SUB_FILE_NUM          128
MEM_STATIC                400
MEM_TOTAL                 4000
$end
