$molecule
0  1
O -3.94934 -3.66094 2.70899
C -3.26408 -4.56952 2.26188
C -3.36658 -6.02376 2.66595
C -4.70467 -6.49588 3.25794
C -5.84762 -5.50595 3.21554
O -6.49898 -5.60023 2.01877
C -7.59429 -4.68618 1.90024
C -8.90346 -5.38654 2.24908
O -9.51413 -4.74706 3.3809
C -10.65337 -4.05993 3.11796
C -11.19562 -3.33515 4.32681
C -12.64251 -3.69015 4.69931
C -13.20207 -4.94303 4.05596
O -13.87738 -5.78989 4.62283
O -2.20548 -4.24844 1.47166
O -13.22863 -4.96115 2.69764
O -11.06974 -3.82988 1.98857
C -13.79361 -5.96123 1.93279
C -10.49652 -3.61988 5.68206
C -10.71906 -2.44396 6.63266
C -12.19207 -2.60328 6.94217
C -12.48437 -3.91928 6.21333
O -11.27178 -4.62976 6.2802
H -11.0799 -2.25012 4.10425
H -13.34408 -2.8674 4.43851
H -9.40602 -3.81821 5.60498
H -10.13815 -2.66325 7.55758
H -10.42033 -1.44629 6.2451
H -12.30858 -2.72203 8.04234
H -12.84656 -1.7833 6.57463
H -13.36894 -4.41679 6.66759
O -6.31736 -4.98327 4.21976
C -1.90923 -2.96978 1.04795
C -3.27508 -6.98949 1.4556
C -2.76693 -8.35329 1.92223
C -3.97348 -8.8576 2.68606
C -4.97594 -7.73762 2.38428
O -4.60568 -7.28116 1.1074
H -2.48998 -6.22566 3.32182
H -4.57667 -6.76992 4.32915
H -1.71775 -2.31077 1.92162
H -2.6309 -6.61485 0.63086
H -2.64066 -8.97878 1.00913
H -1.81246 -8.34599 2.49115
H -4.30087 -9.81892 2.23154
H -3.82392 -8.98414 3.78021
H -6.01956 -8.10684 2.4941
H -2.75007 -2.56239 0.44669
H -0.99842 -2.99812 0.41541
H -13.66204 -5.71539 0.85915
H -14.87997 -6.04416 2.14984
H -13.29215 -6.93029 2.14195
H -9.54245 -5.42473 1.33799
H -8.72635 -6.45448 2.50038
H -7.63676 -4.3725 0.8351
H -7.45665 -3.72889 2.4561
$end

$opt
CONSTRAINT
tors           1           2           3           4     +23.581
tors           3           4           5           6     +86.418
tors           4           5           6           7    -179.726
tors           5           6           7           8     -96.993
tors           6           7           8           9    +118.930
tors           7           8           9          10    +110.522
tors           8           9          10          11    -176.141
tors           9          10          11          12    -123.677
tors          11          12          13          14    +137.462
ENDCONSTRAINT
$end

$rem
JOBTYPE                   OPT
METHOD                    B3LYP
DFT_D                     d3_op
BASIS                     STO-3G
GEOM_OPT_MAX_CYCLES       100
GEOM_OPT_TOL_GRADIENT     300
GEOM_OPT_TOL_DISPLACEMENT 1200
GEOM_OPT_TOL_ENERGY       100
SYMMETRY                  False
THRESH                    12
SCF_CONVERGENCE           8
MAX_SUB_FILE_NUM          128
MEM_STATIC                400
MEM_TOTAL                 4000
$end
