$molecule
0  1
O -3.94934 -3.66094 2.70899
C -3.26408 -4.56952 2.26188
C -3.36658 -6.02376 2.66595
C -4.5725 -6.42992 3.52889
C -5.63467 -5.37442 3.74293
O -6.53271 -5.40459 2.71433
C -7.18015 -4.14682 2.49498
C -8.68614 -4.28995 2.68901
O -9.26473 -3.01012 2.98923
C -9.79177 -2.34575 1.93094
C -10.16597 -0.9198 2.2585
C -11.12805 -0.25766 1.26139
C -11.84307 -1.19625 0.31033
O -12.74115 -0.87969 -0.45635
O -2.27082 -4.26576 1.38544
O -11.73856 -2.54845 0.4304
O -9.34884 -2.58337 0.80891
C -12.41204 -3.49236 -0.32216
C -10.98883 -0.76447 3.56018
C -10.8206 0.65386 4.10321
C -11.60212 1.44548 3.07453
C -12.17963 0.30254 2.23171
O -12.33181 -0.75806 3.14287
H -9.21252 -0.35501 2.37089
H -10.62352 0.51289 0.63861
H -10.72993 -1.50128 4.35063
H -11.36948 0.69324 5.07173
H -9.77374 0.98934 4.26542
H -12.4086 2.00361 3.59983
H -10.99876 2.13998 2.45044
H -13.10533 0.63267 1.7105
O -5.84871 -4.83164 4.8195
C -2.00823 -2.99503 0.91823
C -3.57531 -6.96785 1.45906
C -3.06505 -8.36599 1.80507
C -4.12298 -8.81682 2.79132
C -5.0941 -7.63283 2.7142
O -4.96499 -7.17306 1.39099
H -2.39479 -6.27518 3.14782
H -4.23878 -6.7395 4.54465
H -1.74972 -2.32179 1.76336
H -3.09066 -6.60843 0.52524
H -3.15755 -8.98188 0.8816
H -2.01804 -8.41806 2.17367
H -4.59752 -9.74329 2.39829
H -3.76398 -8.9837 3.82995
H -6.11355 -7.94398 3.03228
H -2.893 -2.59645 0.3771
H -1.14913 -3.03536 0.21767
H -12.10632 -4.50555 0.00997
H -12.15662 -3.37611 -1.39704
H -13.50872 -3.38634 -0.1803
H -9.18185 -4.84698 1.86132
H -8.84023 -4.89746 3.60636
H -6.96209 -3.76977 1.4739
H -6.82283 -3.358 3.19975
$end

$opt
CONSTRAINT
tors           1           2           3           4     +10.625
tors           3           4           5           6     +86.418
tors           4           5           6           7    -153.723
tors           5           6           7           8    -119.116
tors           6           7           8           9    +157.547
tors           7           8           9          10     +96.221
tors           8           9          10          11    -170.058
tors           9          10          11          12    -162.652
tors          11          12          13          14    +172.098
ENDCONSTRAINT
$end

$rem
JOBTYPE                   OPT
METHOD                    B3LYP
DFT_D                     d3_op
BASIS                     STO-3G
GEOM_OPT_MAX_CYCLES       100
GEOM_OPT_TOL_GRADIENT     300
GEOM_OPT_TOL_DISPLACEMENT 1200
GEOM_OPT_TOL_ENERGY       100
SYMMETRY                  False
THRESH                    12
SCF_CONVERGENCE           8
MAX_SUB_FILE_NUM          128
MEM_STATIC                400
MEM_TOTAL                 4000
$end
