$molecule
0  1
O -3.94934 -3.66094 2.70899
C -3.26408 -4.56952 2.26188
C -3.36658 -6.02376 2.66595
C -4.42968 -6.38823 3.71515
C -5.39011 -5.28909 4.11209
O -6.67705 -5.72478 3.97287
C -7.64823 -4.73495 4.32826
C -8.11941 -4.95202 5.76248
O -8.07141 -3.7124 6.48631
C -8.72362 -2.67367 5.90769
C -8.43115 -1.35053 6.57433
C -9.49574 -0.26576 6.35475
C -10.83082 -0.74799 5.82398
O -11.92342 -0.47257 6.29824
O -2.33003 -4.28021 1.31807
O -10.8438 -1.02245 4.4889
O -9.48063 -2.85698 4.97192
C -11.97503 -1.29771 3.74593
C -8.45085 -1.4126 8.12651
C -7.59098 -0.28248 8.68951
C -8.44519 0.91771 8.34315
C -9.69626 0.21192 7.80538
O -9.74168 -1.00566 8.50305
H -7.40149 -1.05749 6.26936
H -9.14306 0.54311 5.67758
H -8.10799 -2.37991 8.55203
H -7.58772 -0.40815 9.79652
H -6.54113 -0.23782 8.32809
H -8.66213 1.4761 9.28065
H -8.01614 1.60157 7.57886
H -10.58334 0.87294 7.91973
O -5.05968 -4.33911 4.81563
C -2.09706 -3.01667 0.81697
C -3.78474 -6.93016 1.49179
C -3.26755 -8.34528 1.72849
C -4.16162 -8.78029 2.86802
C -5.10194 -7.57017 2.96301
O -5.17374 -7.0881 1.64489
H -2.3475 -6.30757 3.01423
H -3.96614 -6.74049 4.66336
H -1.7844 -2.3322 1.63434
H -3.4429 -6.56085 0.50014
H -3.52893 -8.94007 0.82371
H -2.17652 -8.43254 1.92072
H -4.71538 -9.69099 2.54798
H -3.64381 -8.97013 3.83306
H -6.05801 -7.90733 3.41783
H -3.01422 -2.62406 0.32797
H -1.28468 -3.06828 0.06341
H -11.6805 -1.49215 2.6944
H -12.67089 -0.43205 3.76725
H -12.48363 -2.20013 4.14774
H -9.13389 -5.40796 5.78143
H -7.43241 -5.64725 6.29085
H -8.50751 -4.79506 3.62661
H -7.23763 -3.7111 4.15898
$end

$opt
CONSTRAINT
tors           1           2           3           4      +0.624
tors           3           4           5           6    +126.955
tors           4           5           6           7    -179.868
tors           5           6           7           8     -96.993
tors           6           7           8           9    +131.239
tors           7           8           9          10     +53.224
tors           8           9          10          11    -169.509
tors           9          10          11          12    -157.434
tors          11          12          13          14    +129.911
ENDCONSTRAINT
$end

$rem
JOBTYPE                   OPT
METHOD                    B3LYP
DFT_D                     d3_op
BASIS                     STO-3G
GEOM_OPT_MAX_CYCLES       100
GEOM_OPT_TOL_GRADIENT     300
GEOM_OPT_TOL_DISPLACEMENT 1200
GEOM_OPT_TOL_ENERGY       100
SYMMETRY                  False
THRESH                    12
SCF_CONVERGENCE           8
MAX_SUB_FILE_NUM          128
MEM_STATIC                400
MEM_TOTAL                 4000
$end
