$molecule
0  1
O -3.94934 -3.66094 2.70899
C -3.26408 -4.56952 2.26188
C -3.36658 -6.02376 2.66595
C -4.13329 -6.341 3.96031
C -4.86336 -5.1874 4.61168
O -6.06871 -4.99566 3.99867
C -6.72334 -3.79026 4.40821
C -7.74317 -4.09135 5.50156
O -7.6749 -3.08582 6.52485
C -8.31598 -1.92411 6.2445
C -8.11263 -0.86898 7.30564
C -9.11994 0.28956 7.26794
C -10.3651 0.05575 6.43632
O -11.50489 -0.01858 6.87212
O -2.43989 -4.30823 1.21359
O -10.2203 0.17542 5.08972
O -8.56441 -1.62832 5.08487
C -11.25352 0.08961 4.1792
C -8.32536 -1.37436 8.75234
C -7.54813 -0.48439 9.72016
C -8.35959 0.79151 9.64175
C -9.52135 0.32129 8.75753
O -9.65645 -1.0452 9.05859
H -7.06012 -0.52018 7.20244
H -8.67283 1.25188 6.93465
H -8.04008 -2.43669 8.90978
H -7.67725 -0.92551 10.73489
H -6.46311 -0.37034 9.5091
H -8.71136 1.04639 10.66606
H -7.83598 1.66114 9.18866
H -10.41859 0.95255 8.94169
O -4.55545 -4.72508 5.70407
C -2.26328 -3.05915 0.65621
C -4.13461 -6.89135 1.65394
C -3.6965 -8.34943 1.78622
C -4.33857 -8.72087 3.10873
C -5.09456 -7.42583 3.42678
O -5.4489 -6.92798 2.15674
H -2.31365 -6.3759 2.75675
H -3.44644 -6.74979 4.73559
H -1.86433 -2.35399 1.41645
H -4.01906 -6.54462 0.60379
H -4.20155 -8.92151 0.97519
H -2.5998 -8.51848 1.72608
H -5.05749 -9.55089 2.92852
H -3.63125 -9.00123 3.91894
H -5.93232 -7.62668 4.13034
H -3.228 -2.67725 0.25882
H -1.53725 -3.13291 -0.17921
H -10.84723 0.21957 3.15526
H -12.00149 0.88837 4.37111
H -11.74042 -0.90671 4.2473
H -8.7673 -4.32003 5.13212
H -7.39213 -5.01117 6.01666
H -7.19236 -3.27501 3.54433
H -5.98346 -3.04946 4.79733
$end

$opt
CONSTRAINT
tors           1           2           3           4     -15.667
tors           3           4           5           6     +81.929
tors           4           5           6           7    -170.342
tors           5           6           7           8     -96.993
tors           6           7           8           9    +137.836
tors           7           8           9          10     +79.978
tors           8           9          10          11    -175.243
tors           9          10          11          12    -162.652
tors          11          12          13          14    +114.505
ENDCONSTRAINT
$end

$rem
JOBTYPE                   OPT
METHOD                    B3LYP
DFT_D                     d3_op
BASIS                     STO-3G
GEOM_OPT_MAX_CYCLES       100
GEOM_OPT_TOL_GRADIENT     300
GEOM_OPT_TOL_DISPLACEMENT 1200
GEOM_OPT_TOL_ENERGY       100
SYMMETRY                  False
THRESH                    12
SCF_CONVERGENCE           8
MAX_SUB_FILE_NUM          128
MEM_STATIC                400
MEM_TOTAL                 4000
$end
