$molecule
0  1
O -3.94934 -3.66094 2.70899
C -3.26408 -4.56952 2.26188
C -3.36658 -6.02376 2.66595
C -4.13329 -6.341 3.96031
C -4.86336 -5.1874 4.61168
O -6.06871 -4.99566 3.99867
C -6.72334 -3.79026 4.40821
C -8.20337 -3.84612 4.04416
O -8.99714 -3.3901 5.1509
C -9.3936 -2.09465 5.08951
C -9.9235 -1.5785 6.40612
C -10.39641 -0.11761 6.38556
C -10.60627 0.48974 5.01305
O -11.68038 0.8513 4.55464
O -2.43795 -4.30768 1.21527
O -9.47763 0.94168 4.39715
O -9.25799 -1.45711 4.05818
C -9.46207 1.6399 3.20701
C -11.20174 -2.29491 6.88301
C -11.31782 -2.16735 8.40022
C -11.63424 -0.69185 8.53444
C -11.77544 -0.30632 7.056
O -12.25402 -1.47641 6.43868
H -9.11248 -1.73486 7.15339
H -9.74306 0.57113 6.96537
H -11.25245 -3.3637 6.58106
H -12.21517 -2.75312 8.70405
H -10.43908 -2.51839 8.98287
H -12.6045 -0.58958 9.06928
H -10.85315 -0.08152 9.03745
H -12.42058 0.59473 6.9595
O -4.52235 -4.67672 5.67183
C -2.25677 -3.05743 0.66199
C -4.13504 -6.89144 1.65425
C -3.69642 -8.34938 1.78614
C -4.33709 -8.72102 3.10932
C -5.09397 -7.42657 3.42762
O -5.44912 -6.92881 2.15775
H -2.31371 -6.37621 2.75648
H -3.44461 -6.74634 4.73568
H -1.85625 -2.35609 1.42497
H -4.02023 -6.54456 0.60407
H -4.20231 -8.9214 0.97558
H -2.59981 -8.51847 1.72481
H -5.05516 -9.55196 2.93
H -3.62881 -9.00005 3.91914
H -5.93131 -7.62783 4.13151
H -3.21977 -2.671 0.26488
H -1.52995 -3.13085 -0.17276
H -8.41219 1.87563 2.93757
H -10.02653 2.5909 3.31238
H -9.90978 1.02445 2.39757
H -8.44395 -3.43784 3.03755
H -8.47223 -4.92186 3.96616
H -6.22284 -2.86082 4.06091
H -6.7177 -3.77523 5.52374
$end

$opt
CONSTRAINT
tors           1           2           3           4     -15.667
tors           3           4           5           6     +81.929
tors           4           5           6           7    -170.342
tors           5           6           7           8    -162.437
tors           6           7           8           9    +134.911
tors           7           8           9          10     +97.650
tors           8           9          10          11    -165.972
tors           9          10          11          12    -179.533
tors          11          12          13          14    +114.505
ENDCONSTRAINT
$end

$rem
JOBTYPE                   OPT
METHOD                    B3LYP
DFT_D                     d3_op
BASIS                     STO-3G
GEOM_OPT_MAX_CYCLES       100
GEOM_OPT_TOL_GRADIENT     300
GEOM_OPT_TOL_DISPLACEMENT 1200
GEOM_OPT_TOL_ENERGY       100
SYMMETRY                  False
THRESH                    12
SCF_CONVERGENCE           8
MAX_SUB_FILE_NUM          128
MEM_STATIC                400
MEM_TOTAL                 4000
$end
