$molecule
0  1
O -3.94934 -3.66094 2.70899
C -3.26408 -4.56952 2.26188
C -3.36658 -6.02376 2.66595
C -3.78613 -6.3226 4.11458
C -4.22832 -5.13914 4.94643
O -5.57461 -4.95357 4.81052
C -6.05498 -3.7921 5.4957
C -7.24957 -4.15508 6.37167
O -7.14293 -3.49493 7.64277
C -7.52504 -2.19382 7.65797
C -7.02119 -1.44676 8.86987
C -7.7441 -0.12363 9.16144
C -9.06218 0.08163 8.44225
O -10.15435 0.189 8.98095
O -2.22256 -4.25509 1.4472
O -8.98525 0.41901 7.12758
O -7.73294 -1.60983 6.60371
C -10.06818 0.73864 6.33434
C -7.24298 -2.18475 10.21124
C -6.22227 -1.693 11.23549
C -6.73035 -0.28883 11.48685
C -8.0257 -0.31669 10.66586
O -8.44257 -1.6583 10.71981
H -5.92701 -1.30578 8.71742
H -7.11504 0.77151 8.96124
H -7.1931 -3.29215 10.1348
H -6.37804 -2.29742 12.15818
H -5.15611 -1.76423 10.9304
H -6.94483 -0.18325 12.57348
H -6.05727 0.52828 11.14769
H -8.7438 0.43409 11.06331
O -3.43265 -4.32886 5.40856
C -1.93044 -2.97795 1.01606
C -4.49627 -6.73991 1.89405
C -4.20878 -8.23898 1.82828
C -4.45084 -8.63286 3.26957
C -4.95642 -7.29998 3.83562
O -5.60867 -6.69212 2.74898
H -2.40847 -6.51506 2.37979
H -2.99657 -6.84154 4.70147
H -1.71637 -2.3196 1.88503
H -4.65145 -6.33643 0.86902
H -5.00653 -8.69312 1.19733
H -3.21558 -8.5228 1.41859
H -5.25278 -9.40385 3.29231
H -3.55629 -8.99628 3.82009
H -5.57583 -7.48102 4.74198
H -2.78283 -2.56683 0.43392
H -1.0343 -3.01042 0.36309
H -9.71259 0.96639 5.30861
H -10.58959 1.6325 6.7386
H -10.77269 -0.11909 6.28673
H -8.24155 -4.07365 5.8741
H -7.1262 -5.22957 6.62767
H -6.35455 -3.00291 4.77437
H -5.29594 -3.32624 6.16403
$end

$opt
CONSTRAINT
tors           1           2           3           4     -31.654
tors           3           4           5           6     +89.819
tors           4           5           6           7    -175.881
tors           5           6           7           8    -129.331
tors           6           7           8           9    +137.836
tors           7           8           9          10     +79.978
tors           8           9          10          11    -162.918
tors           9          10          11          12    -162.652
tors          11          12          13          14    +116.493
ENDCONSTRAINT
$end

$rem
JOBTYPE                   OPT
METHOD                    B3LYP
DFT_D                     d3_op
BASIS                     STO-3G
GEOM_OPT_MAX_CYCLES       100
GEOM_OPT_TOL_GRADIENT     300
GEOM_OPT_TOL_DISPLACEMENT 1200
GEOM_OPT_TOL_ENERGY       100
SYMMETRY                  False
THRESH                    12
SCF_CONVERGENCE           8
MAX_SUB_FILE_NUM          128
MEM_STATIC                400
MEM_TOTAL                 4000
$end
