$molecule
0  1
O -3.94934 -3.66094 2.70899
C -3.26408 -4.56952 2.26188
C -3.36658 -6.02376 2.66595
C -4.03945 -6.33287 4.01337
C -4.69326 -5.16829 4.72358
O -6.02003 -5.1154 4.40372
C -6.70401 -4.018 5.01782
C -7.24202 -4.43193 6.38359
O -7.14893 -3.33045 7.30062
C -8.00334 -2.30351 7.06713
C -7.78001 -1.1305 7.99169
C -9.03314 -0.29515 8.29192
C -10.35758 -0.93799 7.93227
O -11.15595 -1.40978 8.72887
O -2.45449 -4.31141 1.20131
O -10.70669 -0.90309 6.61929
O -8.58436 -2.16961 5.99891
C -11.88307 -1.41338 6.11089
C -7.33028 -1.49621 9.42663
C -6.59457 -0.31093 10.04982
C -7.74192 0.65203 10.26411
C -8.92025 -0.22734 9.83095
O -8.52064 -1.53201 10.17053
H -6.98712 -0.51413 7.51101
H -9.02175 0.7227 7.84349
H -6.68873 -2.40039 9.49276
H -6.22261 -0.64534 11.04513
H -5.74312 0.08853 9.45793
H -7.80379 0.88736 11.34993
H -7.69261 1.59138 9.67187
H -9.85799 0.13458 10.30792
O -4.07437 -4.33865 5.38076
C -2.28082 -3.06302 0.64141
C -4.21352 -6.85246 1.68953
C -3.80699 -8.32227 1.77156
C -4.38015 -8.69644 3.12177
C -5.06897 -7.38165 3.50674
O -5.49174 -6.85353 2.27208
H -2.31622 -6.39354 2.68534
H -3.37053 -6.82247 4.75545
H -1.86785 -2.35978 1.39596
H -4.15165 -6.49072 0.63972
H -4.37001 -8.87035 0.98247
H -2.71905 -8.51235 1.64786
H -5.14155 -9.4937 2.96917
H -3.63769 -9.02327 3.8814
H -5.8677 -7.58627 4.25366
H -3.24944 -2.67684 0.25803
H -1.56707 -3.13971 -0.20427
H -11.90553 -1.25108 5.01381
H -12.75409 -0.89638 6.56731
H -11.94465 -2.50428 6.31233
H -8.24639 -4.90768 6.33925
H -6.54461 -5.18934 6.80046
H -7.53242 -3.6784 4.3626
H -6.03791 -3.12808 5.10589
$end

$opt
CONSTRAINT
tors           1           2           3           4     -20.198
tors           3           4           5           6     +94.131
tors           4           5           6           7    -178.757
tors           5           6           7           8     -89.129
tors           6           7           8           9    +143.934
tors           7           8           9          10     +70.455
tors           8           9          10          11    -175.243
tors           9          10          11          12    -150.675
tors          11          12          13          14    +105.632
ENDCONSTRAINT
$end

$rem
JOBTYPE                   OPT
METHOD                    B3LYP
DFT_D                     d3_op
BASIS                     STO-3G
GEOM_OPT_MAX_CYCLES       100
GEOM_OPT_TOL_GRADIENT     300
GEOM_OPT_TOL_DISPLACEMENT 1200
GEOM_OPT_TOL_ENERGY       100
SYMMETRY                  False
THRESH                    12
SCF_CONVERGENCE           8
MAX_SUB_FILE_NUM          128
MEM_STATIC                400
MEM_TOTAL                 4000
$end
