$molecule
0  1
O -3.94934 -3.66094 2.70899
C -3.26408 -4.56952 2.26188
C -3.36658 -6.02376 2.66595
C -3.52062 -6.32723 4.16529
C -3.7335 -5.13811 5.07567
O -5.05828 -5.02392 5.3877
C -5.39395 -3.7572 5.96387
C -5.23403 -3.81029 7.4797
O -4.27735 -2.82731 7.90562
C -4.6962 -1.53914 7.83978
C -3.56958 -0.54548 7.99479
C -3.7817 0.50765 9.09215
C -4.88369 0.21038 10.08912
O -4.71601 -0.17842 11.23598
O -2.24806 -4.25969 1.41394
O -6.15507 0.39266 9.64585
O -5.82696 -1.20562 7.50629
C -7.28449 0.15952 10.40223
C -2.19244 -1.11884 8.40686
C -1.08271 -0.16263 7.97034
C -1.29226 0.97698 8.94275
C -2.41625 0.39644 9.80672
O -2.16934 -0.98884 9.80495
H -3.46661 -0.06338 6.99657
H -3.95081 1.53834 8.70948
H -1.97588 -2.13063 8.00228
H -0.11178 -0.65475 8.20655
H -1.09658 0.1206 6.89586
H -0.36399 1.09984 9.54411
H -1.58056 1.94785 8.48473
H -2.4189 0.88993 10.80384
O -2.86839 -4.30875 5.33253
C -1.96771 -2.9844 0.96977
C -4.65468 -6.66996 2.11197
C -4.4546 -8.17673 1.96709
C -4.42682 -8.59414 3.42108
C -4.76081 -7.25715 4.09614
O -5.58036 -6.5964 3.16555
H -2.49953 -6.55496 2.21029
H -2.65644 -6.88667 4.58607
H -1.72658 -2.32361 1.82981
H -4.98368 -6.2345 1.14258
H -5.38136 -8.57992 1.4987
H -3.5757 -8.49346 1.36538
H -5.23608 -9.33962 3.58666
H -3.456 -8.99808 3.78132
H -5.20529 -7.44715 5.09807
H -2.83681 -2.57395 0.41243
H -1.09178 -3.02017 0.29009
H -8.18315 0.38914 9.79386
H -7.28449 0.81162 11.30171
H -7.32438 -0.9072 10.71037
H -6.20453 -3.68253 8.01182
H -4.851 -4.81068 7.77518
H -6.47477 -3.59701 5.76398
H -4.89258 -2.89457 5.46675
$end

$opt
CONSTRAINT
tors           1           2           3           4     -42.999
tors           3           4           5           6    +100.402
tors           4           5           6           7    -165.517
tors           5           6           7           8     -89.129
tors           6           7           8           9    +120.758
tors           7           8           9          10     +72.148
tors           8           9          10          11    -166.984
tors           9          10          11          12    -126.361
tors          11          12          13          14    +104.251
ENDCONSTRAINT
$end

$rem
JOBTYPE                   OPT
METHOD                    B3LYP
DFT_D                     d3_op
BASIS                     STO-3G
GEOM_OPT_MAX_CYCLES       100
GEOM_OPT_TOL_GRADIENT     300
GEOM_OPT_TOL_DISPLACEMENT 1200
GEOM_OPT_TOL_ENERGY       100
SYMMETRY                  False
THRESH                    12
SCF_CONVERGENCE           8
MAX_SUB_FILE_NUM          128
MEM_STATIC                400
MEM_TOTAL                 4000
$end
