$molecule
0  1
O -3.94934 -3.66094 2.70899
C -3.26408 -4.56952 2.26188
C -3.36658 -6.02376 2.66595
C -3.44909 -6.33091 4.17018
C -3.59902 -5.14252 5.09394
O -4.80417 -5.20141 5.73391
C -5.03232 -4.09113 6.60826
C -4.18075 -4.22894 7.86602
O -3.48235 -3.00013 8.12126
C -4.26298 -1.89574 8.22163
C -3.46476 -0.62303 8.37563
C -4.13491 0.46183 9.23136
C -5.30167 0.00433 10.08346
O -5.27472 -0.15545 11.2952
O -2.26263 -4.26287 1.39565
O -6.49606 -0.12662 9.44779
O -5.45623 -1.8739 7.95312
C -7.67329 -0.49354 10.06618
C -2.1066 -0.76709 9.10188
C -1.18146 0.37729 8.69035
C -1.84198 1.54181 9.39526
C -2.94852 0.80669 10.15933
O -2.39281 -0.4544 10.44054
H -3.28858 -0.25678 7.33919
H -4.46708 1.35673 8.66016
H -1.58954 -1.73434 8.92744
H -0.19358 0.18833 9.16901
H -1.03853 0.50344 7.59556
H -1.10665 1.98599 10.10258
H -2.25483 2.33022 8.72932
H -3.26219 1.40836 11.04104
O -2.74672 -4.27423 5.24512
C -1.98877 -2.98899 0.94348
C -4.68944 -6.65497 2.17913
C -4.50486 -8.15928 2.00168
C -4.38115 -8.59507 3.44511
C -4.68355 -7.27017 4.16001
O -5.55333 -6.59578 3.28712
H -2.52762 -6.56372 2.16926
H -2.54565 -6.8726 4.52698
H -1.73241 -2.32635 1.79768
H -5.07332 -6.20459 1.23716
H -5.4639 -8.55078 1.59186
H -3.67112 -8.47441 1.33805
H -5.16753 -9.3554 3.64892
H -3.38389 -8.98886 3.7383
H -5.07403 -7.49052 5.17744
H -2.86681 -2.57904 0.39998
H -1.12453 -3.02731 0.24914
H -8.486 -0.52374 9.31186
H -7.94064 0.24582 10.85113
H -7.56816 -1.50252 10.51931
H -4.80851 -4.53159 8.73331
H -3.4046 -5.01378 7.7452
H -6.10504 -4.07175 6.898
H -4.83631 -3.16018 6.02531
$end

$opt
CONSTRAINT
tors           1           2           3           4     -46.007
tors           3           4           5           6    +115.538
tors           4           5           6           7    -178.757
tors           5           6           7           8     -73.998
tors           6           7           8           9    +130.842
tors           7           8           9          10     +55.526
tors           8           9          10          11    -175.243
tors           9          10          11          12    -147.390
tors          11          12          13          14    +105.632
ENDCONSTRAINT
$end

$rem
JOBTYPE                   OPT
METHOD                    B3LYP
DFT_D                     d3_op
BASIS                     STO-3G
GEOM_OPT_MAX_CYCLES       100
GEOM_OPT_TOL_GRADIENT     300
GEOM_OPT_TOL_DISPLACEMENT 1200
GEOM_OPT_TOL_ENERGY       100
SYMMETRY                  False
THRESH                    12
SCF_CONVERGENCE           8
MAX_SUB_FILE_NUM          128
MEM_STATIC                400
MEM_TOTAL                 4000
$end
