$molecule
0  1
O -3.94934 -3.66094 2.70899
C -3.26408 -4.56952 2.26188
C -3.36658 -6.02376 2.66595
C -4.03945 -6.33287 4.01337
C -4.69326 -5.16829 4.72358
O -6.05135 -5.31021 4.69432
C -6.74436 -4.2278 5.32469
C -6.93376 -4.5188 6.80981
O -6.81301 -3.30365 7.56592
C -7.83175 -2.42087 7.41755
C -7.59318 -1.11936 8.14541
C -8.69852 -0.71797 9.13303
C -9.67586 -1.81261 9.51153
O -9.69906 -2.40317 10.5817
O -2.45398 -4.31134 1.20172
O -10.60028 -2.14051 8.57129
O -8.78469 -2.59384 6.66798
C -11.56351 -3.11437 8.73219
C -6.34935 -1.05624 9.06418
C -5.91779 0.39816 9.2511
C -7.03252 0.91301 10.13465
C -7.82266 -0.37997 10.35995
O -6.8426 -1.3894 10.33628
H -7.47913 -0.35435 7.34469
H -9.29774 0.16221 8.81117
H -5.48067 -1.64663 8.70211
H -4.97403 0.38809 9.84262
H -5.75375 0.96886 8.31179
H -6.58669 1.26798 11.09049
H -7.66388 1.71193 9.68901
H -8.41799 -0.29996 11.29637
O -4.07296 -4.27395 5.28902
C -2.27879 -3.06265 0.64298
C -4.21659 -6.85282 1.6912
C -3.79029 -8.31665 1.7545
C -4.32576 -8.70456 3.11567
C -5.04513 -7.40861 3.51352
O -5.48945 -6.87985 2.2876
H -2.31671 -6.39581 2.68156
H -3.34511 -6.79153 4.75185
H -1.86521 -2.36058 1.3983
H -4.17291 -6.48187 0.64365
H -4.36987 -8.86194 0.97535
H -2.70505 -8.50023 1.60106
H -5.05931 -9.5303 2.97921
H -3.55808 -8.99954 3.86325
H -5.83121 -7.6503 4.26201
H -3.24686 -2.675 0.2597
H -1.56487 -3.13935 -0.20254
H -12.17992 -3.17147 7.81176
H -12.22312 -2.86273 9.59005
H -11.08361 -4.10177 8.90298
H -7.84908 -5.10988 7.03345
H -6.06847 -5.1303 7.14297
H -7.72629 -4.05814 4.83635
H -6.19371 -3.2684 5.17885
$end

$opt
CONSTRAINT
tors           1           2           3           4     -20.198
tors           3           4           5           6    +109.847
tors           4           5           6           7    -178.757
tors           5           6           7           8     -89.129
tors           6           7           8           9    +143.934
tors           7           8           9          10     +70.455
tors           8           9          10          11    -175.243
tors           9          10          11          12    -124.767
tors          11          12          13          14    +105.632
ENDCONSTRAINT
$end

$rem
JOBTYPE                   OPT
METHOD                    B3LYP
DFT_D                     d3_op
BASIS                     STO-3G
GEOM_OPT_MAX_CYCLES       100
GEOM_OPT_TOL_GRADIENT     300
GEOM_OPT_TOL_DISPLACEMENT 1200
GEOM_OPT_TOL_ENERGY       100
SYMMETRY                  False
THRESH                    12
SCF_CONVERGENCE           8
MAX_SUB_FILE_NUM          128
MEM_STATIC                400
MEM_TOTAL                 4000
$end
