$molecule
0  1
O -3.94934 -3.66094 2.70899
C -3.26408 -4.56952 2.26188
C -3.36658 -6.02376 2.66595
C -4.03945 -6.33287 4.01337
C -4.69326 -5.16829 4.72358
O -6.02003 -5.1154 4.40372
C -6.70423 -4.01857 5.0186
C -7.2422 -4.4336 6.38406
O -6.66821 -3.60635 7.4083
C -7.01098 -2.29515 7.35905
C -6.28856 -1.45909 8.3885
C -7.06075 -0.22521 8.87791
C -8.54102 -0.20073 8.55399
O -9.44484 -0.39811 9.35319
O -2.45503 -4.31154 1.20087
O -8.87446 0.17403 7.2907
O -7.55857 -1.78983 6.38815
C -10.16838 0.28742 6.82616
C -6.00153 -2.16901 9.73317
C -4.8177 -1.4949 10.42496
C -5.44308 -0.17992 10.83637
C -6.89309 -0.41973 10.40122
O -7.07648 -1.80479 10.5598
H -5.32162 -1.17152 7.91753
H -6.62859 0.74536 8.54847
H -5.80251 -3.25823 9.6466
H -4.59792 -2.08509 11.34375
H -3.89229 -1.41099 9.81548
H -5.37372 -0.09003 11.94332
H -5.01407 0.72398 10.35215
H -7.57699 0.2325 10.98835
O -4.08034 -4.32574 5.36945
C -2.28236 -3.06339 0.64014
C -4.21379 -6.85271 1.68989
C -3.80689 -8.32242 1.77185
C -4.37914 -8.69662 3.12247
C -5.06857 -7.38217 3.50746
O -5.49186 -6.85426 2.27288
H -2.31627 -6.3937 2.68512
H -3.36945 -6.82083 4.75551
H -1.86959 -2.3594 1.39409
H -4.15242 -6.49102 0.64003
H -4.3704 -8.87057 0.98315
H -2.71904 -8.51251 1.6474
H -5.13997 -9.49456 2.9705
H -3.63604 -9.02253 3.88187
H -5.86695 -7.58686 4.25474
H -3.25139 -2.6781 0.25686
H -1.56891 -3.14015 -0.20578
H -10.14657 0.60635 5.76397
H -10.72263 1.04766 7.41701
H -10.68588 -0.69337 6.89453
H -8.35296 -4.35097 6.41916
H -6.99415 -5.49658 6.59217
H -7.5946 -3.82935 4.38129
H -6.12752 -3.06802 4.96491
$end

$opt
CONSTRAINT
tors           1           2           3           4     -20.198
tors           3           4           5           6     +94.131
tors           4           5           6           7    -178.800
tors           5           6           7           8     -89.129
tors           6           7           8           9    +119.843
tors           7           8           9          10     +65.427
tors           8           9          10          11    -175.243
tors           9          10          11          12    -150.675
tors          11          12          13          14    +105.632
ENDCONSTRAINT
$end

$rem
JOBTYPE                   OPT
METHOD                    B3LYP
DFT_D                     d3_op
BASIS                     STO-3G
GEOM_OPT_MAX_CYCLES       100
GEOM_OPT_TOL_GRADIENT     300
GEOM_OPT_TOL_DISPLACEMENT 1200
GEOM_OPT_TOL_ENERGY       100
SYMMETRY                  False
THRESH                    12
SCF_CONVERGENCE           8
MAX_SUB_FILE_NUM          128
MEM_STATIC                400
MEM_TOTAL                 4000
$end
