$molecule
0  1
O -3.94934 -3.66094 2.70899
C -3.26408 -4.56952 2.26188
C -3.36658 -6.02376 2.66595
C -4.19418 -6.34776 3.92052
C -4.97302 -5.20265 4.52898
O -6.24938 -5.19951 4.04285
C -6.94745 -3.97678 4.30144
C -7.30229 -3.87697 5.78139
O -7.19805 -2.51289 6.21875
C -7.96806 -1.62368 5.54381
C -7.73001 -0.19518 5.97204
C -8.70116 0.83125 5.37071
C -9.95469 0.26247 4.7368
O -11.09864 0.60892 4.99354
O -2.41585 -4.30163 1.23456
O -9.76233 -0.27396 3.4968
O -8.83888 -2.02432 4.79259
C -10.77225 -0.68228 2.64867
C -7.95425 0.05175 7.47927
C -7.14715 1.27158 7.91773
C -7.91687 2.37993 7.22926
C -9.09669 1.58114 6.65991
O -9.27407 0.52659 7.57344
H -6.67032 0.03541 5.71904
H -8.21748 1.49333 4.61883
H -7.7039 -0.82188 8.11934
H -7.28917 1.37022 9.01814
H -6.05935 1.2396 7.69291
H -8.2564 3.1032 8.00352
H -7.36619 2.91151 6.4231
H -9.97167 2.25168 6.51285
O -4.45399 -4.30827 5.18943
C -2.22522 -3.04862 0.69084
C -4.05359 -6.89217 1.60146
C -3.607 -8.34477 1.75278
C -4.33074 -8.7295 3.02557
C -5.11163 -7.43948 3.3036
O -5.39429 -6.93779 2.01888
H -2.31428 -6.35342 2.82111
H -3.6027 -6.80039 4.74699
H -1.8424 -2.34988 1.4652
H -3.87408 -6.53805 0.56272
H -4.04665 -8.91999 0.90667
H -2.50599 -8.49508 1.76805
H -5.03578 -9.55773 2.78982
H -3.67765 -9.01966 3.87669
H -5.98989 -7.66796 3.94703
H -3.18033 -2.66226 0.27503
H -1.48071 -3.11706 -0.12861
H -10.32397 -1.08471 1.71734
H -11.42688 0.17659 2.38781
H -11.37452 -1.48195 3.1307
H -8.29871 -4.32681 5.98647
H -6.58135 -4.434 6.41207
H -7.86493 -3.93098 3.67899
H -6.3 -3.12791 3.9783
$end

$opt
CONSTRAINT
tors           1           2           3           4     -12.606
tors           3           4           5           6     +94.131
tors           4           5           6           7    -165.385
tors           5           6           7           8     -72.232
tors           6           7           8           9    +143.934
tors           7           8           9          10     +57.630
tors           8           9          10          11    -175.243
tors           9          10          11          12    -172.478
tors          11          12          13          14    +127.477
ENDCONSTRAINT
$end

$rem
JOBTYPE                   OPT
METHOD                    B3LYP
DFT_D                     d3_op
BASIS                     STO-3G
GEOM_OPT_MAX_CYCLES       100
GEOM_OPT_TOL_GRADIENT     300
GEOM_OPT_TOL_DISPLACEMENT 1200
GEOM_OPT_TOL_ENERGY       100
SYMMETRY                  False
THRESH                    12
SCF_CONVERGENCE           8
MAX_SUB_FILE_NUM          128
MEM_STATIC                400
MEM_TOTAL                 4000
$end
