$molecule
0  1
O -3.94934 -3.66094 2.70899
C -3.26408 -4.56952 2.26188
C -3.36658 -6.02376 2.66595
C -4.22326 -6.35145 3.89987
C -5.02516 -5.21081 4.48638
O -6.25663 -5.15869 3.898
C -7.05777 -4.06779 4.36423
C -7.44279 -4.28466 5.82397
O -7.75076 -3.0249 6.44124
C -8.80241 -2.35554 5.90725
C -9.02553 -1.00506 6.54527
C -10.49416 -0.6586 6.83052
C -11.46908 -1.81761 6.77618
O -11.99465 -2.34772 7.74433
O -2.40604 -4.29929 1.24336
O -11.82691 -2.24532 5.53702
O -9.38034 -2.68033 4.88063
C -12.71221 -3.27441 5.29243
C -8.39468 -0.7854 7.93947
C -8.19473 0.7099 8.1847
C -9.62682 1.16032 8.37329
C -10.35115 -0.18744 8.29541
O -9.42855 -1.10267 8.83581
H -8.5944 -0.27191 5.82679
H -10.90586 0.15104 6.18817
H -7.42931 -1.31107 8.09793
H -7.65985 0.81705 9.1558
H -7.62784 1.24666 7.39383
H -9.72601 1.59479 9.39303
H -10.00443 1.87975 7.61481
H -11.33181 -0.11859 8.81618
O -4.53429 -4.33804 5.19543
C -2.2096 -3.04494 0.70486
C -4.02322 -6.89904 1.58753
C -3.57654 -8.3501 1.75626
C -4.33553 -8.73384 3.00902
C -5.12429 -7.44417 3.26345
O -5.37418 -6.94714 1.96992
H -2.31625 -6.347 2.8456
H -3.65033 -6.80091 4.74107
H -1.83353 -2.34856 1.48462
H -3.81762 -6.54849 0.55245
H -3.98909 -8.93025 0.89996
H -2.4758 -8.4955 1.80398
H -5.0347 -9.56149 2.75447
H -3.70646 -9.02421 3.87795
H -6.01915 -7.66764 3.88556
H -3.16057 -2.65685 0.28124
H -1.45753 -3.11163 -0.1078
H -12.81746 -3.41056 4.19661
H -13.70848 -3.03298 5.72073
H -12.33085 -4.21941 5.73512
H -8.27168 -5.02068 5.91506
H -6.59933 -4.68751 6.41622
H -7.94392 -4.00004 3.7062
H -6.48157 -3.12093 4.24298
$end

$opt
CONSTRAINT
tors           1           2           3           4     -11.104
tors           3           4           5           6     +89.799
tors           4           5           6           7    -177.646
tors           5           6           7           8     -67.828
tors           6           7           8           9    +156.760
tors           7           8           9          10     +62.053
tors           8           9          10          11    -176.655
tors           9          10          11          12    -137.485
tors          11          12          13          14    +106.448
ENDCONSTRAINT
$end

$rem
JOBTYPE                   OPT
METHOD                    B3LYP
DFT_D                     d3_op
BASIS                     STO-3G
GEOM_OPT_MAX_CYCLES       100
GEOM_OPT_TOL_GRADIENT     300
GEOM_OPT_TOL_DISPLACEMENT 1200
GEOM_OPT_TOL_ENERGY       100
SYMMETRY                  False
THRESH                    12
SCF_CONVERGENCE           8
MAX_SUB_FILE_NUM          128
MEM_STATIC                400
MEM_TOTAL                 4000
$end
