$molecule
0  1
O -3.94934 -3.66094 2.70899
C -3.26408 -4.56952 2.26188
C -3.36658 -6.02376 2.66595
C -4.34583 -6.37075 3.79932
C -5.2431 -5.25242 4.28133
O -6.43987 -5.30217 3.62507
C -7.32948 -4.24345 3.99516
C -8.06499 -4.6008 5.28258
O -8.24257 -3.42454 6.08741
C -9.23125 -2.58739 5.68636
C -9.29363 -1.31751 6.50133
C -10.7092 -0.77594 6.74863
C -11.844 -1.74058 6.46864
O -12.72473 -2.04746 7.25903
O -2.36173 -4.28807 1.2855
O -12.03611 -2.08932 5.16996
O -9.69892 -2.64211 4.5566
C -13.06713 -2.88475 4.71339
C -8.78441 -1.41713 7.96167
C -8.34339 -0.03584 8.44366
C -9.68103 0.66285 8.56571
C -10.62814 -0.50382 8.26249
O -9.94114 -1.63866 8.73064
H -8.66616 -0.57728 5.95486
H -10.91692 0.138 6.14955
H -7.95326 -2.13778 8.11404
H -7.92102 -0.17146 9.46552
H -7.59371 0.48136 7.80702
H -9.79992 1.0117 9.61556
H -9.84219 1.50762 7.86134
H -11.625 -0.31254 8.71675
O -4.89693 -4.39266 5.08462
C -2.14492 -3.02847 0.7675
C -3.88098 -6.91924 1.52629
C -3.40867 -8.35513 1.74415
C -4.27671 -8.76044 2.91575
C -5.13314 -7.49874 3.07673
O -5.2622 -7.01171 1.7629
H -2.33132 -6.31973 2.94939
H -3.86054 -6.80031 4.70357
H -1.80559 -2.33812 1.56914
H -3.5797 -6.56456 0.51635
H -3.71732 -8.94654 0.85244
H -2.31446 -8.46953 1.90104
H -4.91317 -9.61686 2.59945
H -3.72952 -9.01949 3.84775
H -6.07991 -7.75672 3.60097
H -3.07737 -2.63896 0.3057
H -1.35754 -3.08617 -0.01173
H -12.97265 -3.00684 3.61495
H -14.04649 -2.41052 4.93751
H -13.0156 -3.88685 5.1904
H -8.98705 -5.2045 5.13038
H -7.38256 -5.23207 5.88934
H -8.06802 -4.06092 3.18735
H -6.76656 -3.28577 4.09731
$end

$opt
CONSTRAINT
tors           1           2           3           4      -4.409
tors           3           4           5           6     +94.131
tors           4           5           6           7    -177.967
tors           5           6           7           8     -82.673
tors           6           7           8           9    +143.556
tors           7           8           9          10     +77.120
tors           8           9          10          11    -175.243
tors           9          10          11          12    -144.257
tors          11          12          13          14    +125.603
ENDCONSTRAINT
$end

$rem
JOBTYPE                   OPT
METHOD                    B3LYP
DFT_D                     d3_op
BASIS                     STO-3G
GEOM_OPT_MAX_CYCLES       100
GEOM_OPT_TOL_GRADIENT     300
GEOM_OPT_TOL_DISPLACEMENT 1200
GEOM_OPT_TOL_ENERGY       100
SYMMETRY                  False
THRESH                    12
SCF_CONVERGENCE           8
MAX_SUB_FILE_NUM          128
MEM_STATIC                400
MEM_TOTAL                 4000
$end
