$molecule
0  1
O -3.94934 -3.66094 2.70899
C -3.26408 -4.56952 2.26188
C -3.36658 -6.02376 2.66595
C -4.03945 -6.33287 4.01337
C -4.69326 -5.16829 4.72358
O -6.02003 -5.1154 4.40372
C -6.70401 -4.018 5.01782
C -7.24202 -4.43193 6.38359
O -7.08876 -3.35185 7.31783
C -7.71006 -2.19505 6.97882
C -7.41848 -1.06708 7.93972
C -8.48946 0.03227 7.99157
C -9.82633 -0.31772 7.36948
O -10.85559 -0.55173 7.98627
O -2.45795 -4.31234 1.19844
O -9.92027 -0.13841 6.02354
O -8.40789 -2.09109 5.98202
C -11.07547 -0.31663 5.29058
C -7.41049 -1.49703 9.43183
C -6.56053 -0.51735 10.23942
C -7.44355 0.71042 10.208
C -8.68477 0.13109 9.519
O -8.70241 -1.21902 9.90404
H -6.39648 -0.69938 7.69673
H -8.15952 1.00385 7.56243
H -7.04409 -2.53013 9.61197
H -6.53003 -0.90549 11.28326
H -5.52042 -0.36356 9.8798
H -7.66615 1.00943 11.25632
H -7.03627 1.5751 9.64041
H -9.58411 0.72674 9.79182
O -4.07489 -4.33943 5.38224
C -2.29093 -3.06562 0.63282
C -4.2136 -6.85248 1.68956
C -3.80708 -8.32229 1.77159
C -4.38019 -8.69644 3.12181
C -5.069 -7.38164 3.50678
O -5.4918 -6.85353 2.27214
H -2.31621 -6.39352 2.6852
H -3.37058 -6.82253 4.75546
H -1.87945 -2.3572 1.38327
H -4.15179 -6.49079 0.63973
H -4.37015 -8.87036 0.98253
H -2.71915 -8.5124 1.64784
H -5.1416 -9.49371 2.96925
H -3.63771 -9.02326 3.88142
H -5.8677 -7.58624 4.25374
H -3.26219 -2.68552 0.24992
H -1.57899 -3.14291 -0.21432
H -10.86389 -0.10741 4.22199
H -11.86463 0.38166 5.6425
H -11.43049 -1.36504 5.38653
H -8.28284 -4.81844 6.32003
H -6.60914 -5.2498 6.78921
H -7.53433 -3.68679 4.35988
H -6.03651 -3.12754 5.09074
$end

$opt
CONSTRAINT
tors           1           2           3           4     -20.198
tors           3           4           5           6     +94.131
tors           4           5           6           7    -178.757
tors           5           6           7           8     -89.129
tors           6           7           8           9    +141.127
tors           7           8           9          10     +58.755
tors           8           9          10          11    -175.243
tors           9          10          11          12    -155.094
tors          11          12          13          14    +106.999
ENDCONSTRAINT
$end

$rem
JOBTYPE                   OPT
METHOD                    B3LYP
DFT_D                     d3_op
BASIS                     STO-3G
GEOM_OPT_MAX_CYCLES       100
GEOM_OPT_TOL_GRADIENT     300
GEOM_OPT_TOL_DISPLACEMENT 1200
GEOM_OPT_TOL_ENERGY       100
SYMMETRY                  False
THRESH                    12
SCF_CONVERGENCE           8
MAX_SUB_FILE_NUM          128
MEM_STATIC                400
MEM_TOTAL                 4000
$end
