$molecule
0  1
O -3.94934 -3.66094 2.70899
C -3.26408 -4.56952 2.26188
C -3.36658 -6.02376 2.66595
C -4.13491 -6.34116 3.95931
C -4.86628 -5.18777 4.6096
O -6.16516 -5.16513 4.18793
C -6.92513 -4.09657 4.76229
C -7.55579 -4.547 6.07588
O -7.31011 -3.56806 7.09774
C -8.04928 -2.43452 7.00911
C -7.55673 -1.33794 7.92321
C -8.59583 -0.25738 8.25628
C -10.03593 -0.60456 7.93648
O -10.89301 -0.89918 8.75696
O -2.43495 -4.30656 1.21775
O -10.41683 -0.45586 6.64003
O -8.69268 -2.17854 5.99991
C -11.69468 -0.68007 6.17121
C -7.17749 -1.81402 9.34567
C -6.1822 -0.83314 9.96272
C -7.07761 0.36389 10.19919
C -8.43306 -0.22609 9.79198
O -8.32927 -1.5898 10.1165
H -6.64999 -0.9133 7.43608
H -8.37978 0.73757 7.80856
H -6.75885 -2.84223 9.38755
H -5.88415 -1.2537 10.95023
H -5.26907 -0.63191 9.36224
H -7.05894 0.60631 11.28499
H -6.83207 1.2679 9.60081
H -9.2554 0.33206 10.29215
O -4.32484 -4.35026 5.32279
C -2.25628 -3.05679 0.66257
C -4.11519 -6.8775 1.63241
C -3.68412 -8.33723 1.75802
C -4.35505 -8.71629 3.06094
C -5.0994 -7.41449 3.38091
O -5.43493 -6.90311 2.11283
H -2.31248 -6.36728 2.7709
H -3.51605 -6.81371 4.75404
H -1.86128 -2.35225 1.42543
H -3.97897 -6.52149 0.58772
H -4.16949 -8.90315 0.93087
H -2.58569 -8.5025 1.72334
H -5.08587 -9.5297 2.8537
H -3.66894 -9.0243 3.87915
H -5.94988 -7.63223 4.0643
H -3.21928 -2.67496 0.26099
H -1.52627 -3.12934 -0.16948
H -11.72063 -0.48558 5.07945
H -12.41265 0.00287 6.67362
H -11.98862 -1.73587 6.35362
H -8.62263 -4.84989 5.98325
H -7.00797 -5.45059 6.41939
H -7.73068 -3.79123 4.06187
H -6.31102 -3.17395 4.88526
$end

$opt
CONSTRAINT
tors           1           2           3           4     -15.587
tors           3           4           5           6     +94.131
tors           4           5           6           7    -179.992
tors           5           6           7           8     -89.129
tors           6           7           8           9    +131.602
tors           7           8           9          10     +74.679
tors           8           9          10          11    -168.165
tors           9          10          11          12    -158.781
tors          11          12          13          14    +105.632
ENDCONSTRAINT
$end

$rem
JOBTYPE                   OPT
METHOD                    B3LYP
DFT_D                     d3_op
BASIS                     STO-3G
GEOM_OPT_MAX_CYCLES       100
GEOM_OPT_TOL_GRADIENT     300
GEOM_OPT_TOL_DISPLACEMENT 1200
GEOM_OPT_TOL_ENERGY       100
SYMMETRY                  False
THRESH                    12
SCF_CONVERGENCE           8
MAX_SUB_FILE_NUM          128
MEM_STATIC                400
MEM_TOTAL                 4000
$end
