$molecule
0  1
O -3.94934 -3.66094 2.70899
C -3.26408 -4.56952 2.26188
C -3.36658 -6.02376 2.66595
C -4.09246 -6.33714 3.98457
C -4.78949 -5.17846 4.66258
O -6.11887 -5.1892 4.34944
C -6.84382 -4.10181 4.93363
C -7.35785 -4.49456 6.31481
O -7.14603 -3.41701 7.24049
C -7.92882 -2.32545 7.05371
C -7.63134 -1.2138 8.03166
C -8.84553 -0.36467 8.43539
C -10.20244 -0.95093 8.10104
O -10.93223 -1.54093 8.88454
O -2.44198 -4.30826 1.21178
O -10.62902 -0.7805 6.82204
O -8.53498 -2.11842 6.0105
C -11.83399 -1.24206 6.33488
C -7.11474 -1.66323 9.41851
C -6.33099 -0.52363 10.06853
C -7.45231 0.43532 10.40284
C -8.66275 -0.39859 9.97002
O -8.26942 -1.72672 10.21407
H -6.85566 -0.58527 7.53901
H -8.82733 0.68328 8.06268
H -6.48314 -2.57654 9.40263
H -5.90642 -0.91685 11.02026
H -5.51088 -0.09917 9.45031
H -7.46202 0.59277 11.50443
H -7.415 1.41452 9.87822
H -9.57208 -0.0536 10.5106
O -4.20993 -4.32573 5.32628
C -2.25976 -3.0577 0.65954
C -4.15871 -6.86655 1.65631
C -3.73342 -8.32944 1.75867
C -4.35488 -8.70919 3.08548
C -5.08153 -7.40521 3.43717
O -5.46027 -6.88627 2.18465
H -2.31301 -6.37838 2.73363
H -3.44795 -6.8135 4.75626
H -1.85387 -2.35873 1.42189
H -4.0585 -6.50593 0.60909
H -4.25603 -8.88721 0.94882
H -2.63871 -8.50375 1.67943
H -5.09473 -9.52076 2.90478
H -3.63861 -9.01992 3.87638
H -5.90739 -7.6254 4.14924
H -3.2233 -2.66787 0.26718
H -1.53666 -3.1319 -0.17838
H -11.92342 -0.9651 5.26449
H -12.67539 -0.7815 6.89549
H -11.88341 -2.34846 6.42341
H -8.39859 -4.88723 6.30464
H -6.71195 -5.31391 6.69655
H -7.69816 -3.82176 4.28239
H -6.21853 -3.17916 4.97536
$end

$opt
CONSTRAINT
tors           1           2           3           4     -17.664
tors           3           4           5           6     +97.716
tors           4           5           6           7    -178.757
tors           5           6           7           8     -89.129
tors           6           7           8           9    +136.557
tors           7           8           9          10     +70.455
tors           8           9          10          11    -178.337
tors           9          10          11          12    -147.073
tors          11          12          13          14     +99.485
ENDCONSTRAINT
$end

$rem
JOBTYPE                   OPT
METHOD                    B3LYP
DFT_D                     d3_op
BASIS                     STO-3G
GEOM_OPT_MAX_CYCLES       100
GEOM_OPT_TOL_GRADIENT     300
GEOM_OPT_TOL_DISPLACEMENT 1200
GEOM_OPT_TOL_ENERGY       100
SYMMETRY                  False
THRESH                    12
SCF_CONVERGENCE           8
MAX_SUB_FILE_NUM          128
MEM_STATIC                400
MEM_TOTAL                 4000
$end
