$molecule
0  1
O -3.94934 -3.66094 2.70899
C -3.26408 -4.56952 2.26188
C -3.36658 -6.02376 2.66595
C -4.03945 -6.33287 4.01337
C -4.69326 -5.16829 4.72358
O -6.04778 -5.22498 4.55784
C -6.73734 -4.13581 5.18032
C -6.94314 -4.42318 6.66396
O -6.81904 -3.2081 7.41964
C -7.9028 -2.39322 7.39563
C -7.63244 -1.03662 8.00159
C -8.77086 -0.47523 8.86596
C -9.83341 -1.47048 9.28688
O -9.99237 -1.90082 10.42006
O -2.45363 -4.3112 1.20202
O -10.71301 -1.8542 8.32501
O -8.86416 -2.59361 6.66378
C -11.75363 -2.73681 8.52666
C -6.4492 -0.95179 8.99543
C -5.93472 0.48582 9.06045
C -7.06976 1.15993 9.79994
C -7.95494 -0.05255 10.10698
O -7.04365 -1.11387 10.25797
H -7.42857 -0.36424 7.1378
H -9.29637 0.39225 8.40906
H -5.60048 -1.62958 8.76381
H -5.0364 0.48284 9.71906
H -5.6682 0.9407 8.08221
H -6.66507 1.59694 10.73992
H -7.6192 1.93604 9.22434
H -8.60147 0.16449 10.98586
O -4.07541 -4.28936 5.31504
C -2.2782 -3.0624 0.64358
C -4.21422 -6.8524 1.68957
C -3.79638 -8.31884 1.7609
C -4.34927 -8.70121 3.11681
C -5.05534 -7.39687 3.50883
O -5.48975 -6.86803 2.27908
H -2.31634 -6.39433 2.68392
H -3.35883 -6.80741 4.75451
H -1.86481 -2.36051 1.39917
H -4.16183 -6.4851 0.64114
H -4.36806 -8.86515 0.97673
H -2.7097 -8.50497 1.62122
H -5.09537 -9.51432 2.97261
H -3.59301 -9.01073 3.8701
H -5.84734 -7.62241 4.25655
H -3.24614 -2.67462 0.26009
H -1.56402 -3.13897 -0.20174
H -12.30718 -2.86962 7.57463
H -12.45119 -2.33807 9.29393
H -11.35987 -3.72348 8.852
H -7.84703 -5.02934 6.89534
H -6.07824 -5.02996 7.00445
H -7.72408 -3.97196 4.69956
H -6.17535 -3.18508 5.02268
$end

$opt
CONSTRAINT
tors           1           2           3           4     -20.198
tors           3           4           5           6    +102.663
tors           4           5           6           7    -178.757
tors           5           6           7           8     -82.546
tors           6           7           8           9    +143.934
tors           7           8           9          10     +78.508
tors           8           9          10          11    -170.062
tors           9          10          11          12    -139.800
tors          11          12          13          14    +108.828
ENDCONSTRAINT
$end

$rem
JOBTYPE                   OPT
METHOD                    B3LYP
DFT_D                     d3_op
BASIS                     STO-3G
GEOM_OPT_MAX_CYCLES       100
GEOM_OPT_TOL_GRADIENT     300
GEOM_OPT_TOL_DISPLACEMENT 1200
GEOM_OPT_TOL_ENERGY       100
SYMMETRY                  False
THRESH                    12
SCF_CONVERGENCE           8
MAX_SUB_FILE_NUM          128
MEM_STATIC                400
MEM_TOTAL                 4000
$end
