$molecule
0  1
O -3.94934 -3.66094 2.70899
C -3.26408 -4.56952 2.26188
C -3.36658 -6.02376 2.66595
C -4.25321 -6.35558 3.87741
C -5.07869 -5.21985 4.44025
O -6.37409 -5.33686 4.02349
C -7.18312 -4.2098 4.37627
C -7.65605 -4.33386 5.82095
O -7.69215 -3.03699 6.43717
C -8.66795 -2.20695 5.99221
C -8.61991 -0.84281 6.63835
C -9.99095 -0.20718 6.91129
C -11.17996 -1.14398 6.83806
O -11.88041 -1.47552 7.78358
O -2.39613 -4.29674 1.25243
O -11.56286 -1.53737 5.59515
O -9.26829 -2.39787 4.94339
C -12.64715 -2.34836 5.33128
C -7.9926 -0.77973 8.05208
C -7.47637 0.63314 8.32093
C -8.77984 1.38759 8.4701
C -9.77897 0.22919 8.37632
O -9.08908 -0.86638 8.92675
H -8.02056 -0.20807 5.94715
H -10.21676 0.65813 6.24973
H -7.17087 -1.50606 8.22674
H -6.96593 0.61035 9.31076
H -6.77644 1.03964 7.55953
H -8.80433 1.84817 9.48276
H -8.97456 2.15987 7.69469
H -10.7313 0.50919 8.87833
O -4.62606 -4.31775 5.13755
C -2.19681 -3.04159 0.71685
C -3.98818 -6.90252 1.56925
C -3.52067 -8.34581 1.73863
C -4.2873 -8.74368 2.98113
C -5.11215 -7.47244 3.21929
O -5.34582 -6.97623 1.92345
H -2.31862 -6.33986 2.87086
H -3.69523 -6.79132 4.73558
H -1.83014 -2.34489 1.50078
H -3.76865 -6.54419 0.53967
H -3.91713 -8.9266 0.87508
H -2.4189 -8.47882 1.79703
H -4.95701 -9.59356 2.72074
H -3.66347 -9.00948 3.86167
H -6.01296 -7.72969 3.81898
H -3.1443 -2.65529 0.28388
H -1.4365 -3.10618 -0.08828
H -12.72308 -2.50868 4.23629
H -13.5824 -1.86624 5.68805
H -12.51748 -3.33324 5.82892
H -8.59862 -4.91489 5.92702
H -6.88148 -4.88364 6.39496
H -8.05876 -4.14681 3.69788
H -6.60752 -3.26768 4.21278
$end

$opt
CONSTRAINT
tors           1           2           3           4      -9.526
tors           3           4           5           6    +101.895
tors           4           5           6           7    -172.660
tors           5           6           7           8     -81.770
tors           6           7           8           9    +143.934
tors           7           8           9          10     +70.455
tors           8           9          10          11    -177.747
tors           9          10          11          12    -143.713
tors          11          12          13          14    +112.784
ENDCONSTRAINT
$end

$rem
JOBTYPE                   OPT
METHOD                    B3LYP
DFT_D                     d3_op
BASIS                     STO-3G
GEOM_OPT_MAX_CYCLES       100
GEOM_OPT_TOL_GRADIENT     300
GEOM_OPT_TOL_DISPLACEMENT 1200
GEOM_OPT_TOL_ENERGY       100
SYMMETRY                  False
THRESH                    12
SCF_CONVERGENCE           8
MAX_SUB_FILE_NUM          128
MEM_STATIC                400
MEM_TOTAL                 4000
$end
