$molecule
0  1
O -3.94934 -3.66094 2.70899
C -3.26408 -4.56952 2.26188
C -3.36658 -6.02376 2.66595
C -4.30295 -6.36325 3.83719
C -5.16722 -5.23643 4.35815
O -6.40777 -5.30267 3.79064
C -7.278 -4.24805 4.21458
C -7.972 -4.63103 5.51759
O -8.1734 -3.46168 6.32687
C -9.10504 -2.58903 5.86897
C -9.25328 -1.37099 6.74934
C -10.6515 -0.73597 6.74573
C -11.7632 -1.58911 6.16869
O -12.6443 -2.13724 6.81505
O -2.3771 -4.29194 1.27043
O -11.82944 -1.65571 4.81288
O -9.46869 -2.57742 4.70156
C -12.79279 -2.35057 4.11148
C -9.05921 -1.62217 8.2642
C -8.6501 -0.31969 8.95018
C -9.94572 0.45835 8.87379
C -10.86788 -0.60648 8.26936
O -10.35844 -1.82253 8.75813
H -8.47913 -0.6505 6.40111
H -10.69803 0.25635 6.24534
H -8.31895 -2.4129 8.50973
H -8.44667 -0.56444 10.01768
H -7.76286 0.19114 8.51807
H -10.26277 0.71367 9.9094
H -9.91437 1.37559 8.2467
H -11.92623 -0.38206 8.52872
O -4.77364 -4.37296 5.13515
C -2.16651 -3.03395 0.74596
C -3.93092 -6.91141 1.54505
C -3.4628 -8.35151 1.7417
C -4.28831 -8.75191 2.94518
C -5.12708 -7.48325 3.14207
O -5.30278 -6.99195 1.8352
H -2.32464 -6.32848 2.91362
H -3.78656 -6.80065 4.72023
H -1.81341 -2.34233 1.54055
H -3.66551 -6.55595 0.52535
H -3.81042 -8.9384 0.86143
H -2.36433 -8.47503 1.85628
H -4.94399 -9.60199 2.65182
H -3.70778 -9.01826 3.85467
H -6.05462 -7.73743 3.7013
H -3.10544 -2.6439 0.298
H -1.39156 -3.09481 -0.04539
H -12.60481 -2.23527 3.02436
H -13.80172 -1.94819 4.3449
H -12.74886 -3.43029 4.36964
H -8.88748 -5.24439 5.3667
H -7.26352 -5.24964 6.10784
H -8.03014 -4.05002 3.42388
H -6.7114 -3.29314 4.32246
$end

$opt
CONSTRAINT
tors           1           2           3           4      -6.827
tors           3           4           5           6     +96.539
tors           4           5           6           7    -178.757
tors           5           6           7           8     -85.675
tors           6           7           8           9    +146.327
tors           7           8           9          10     +70.455
tors           8           9          10          11    -179.010
tors           9          10          11          12    -150.675
tors          11          12          13          14    +107.195
ENDCONSTRAINT
$end

$rem
JOBTYPE                   OPT
METHOD                    B3LYP
DFT_D                     d3_op
BASIS                     STO-3G
GEOM_OPT_MAX_CYCLES       100
GEOM_OPT_TOL_GRADIENT     300
GEOM_OPT_TOL_DISPLACEMENT 1200
GEOM_OPT_TOL_ENERGY       100
SYMMETRY                  False
THRESH                    12
SCF_CONVERGENCE           8
MAX_SUB_FILE_NUM          128
MEM_STATIC                400
MEM_TOTAL                 4000
$end
