$molecule
0  1
O -3.94934 -3.66094 2.70899
C -3.26408 -4.56952 2.26188
C -3.36658 -6.02376 2.66595
C -4.42536 -6.38722 3.71986
C -5.38258 -5.287 4.12151
O -6.54301 -5.39891 3.40996
C -7.48937 -4.36764 3.71023
C -8.32372 -4.75762 4.92592
O -8.65638 -3.58614 5.68739
C -9.55176 -2.74867 5.10767
C -9.80546 -1.50291 5.92277
C -11.20627 -0.8956 5.7579
C -12.24192 -1.79024 5.10693
O -13.21843 -2.26765 5.66646
O -2.3292 -4.27989 1.31899
O -12.14404 -1.94711 3.76061
O -9.78152 -2.77706 3.90711
C -13.02509 -2.67987 2.99251
C -9.76262 -1.69458 7.45853
C -9.43832 -0.36136 8.13051
C -10.7265 0.39623 7.89107
C -11.5745 -0.70507 7.24445
O -11.10295 -1.89363 7.82957
H -9.01048 -0.78093 5.62851
H -11.21001 0.06933 5.20461
H -9.04266 -2.46494 7.80746
H -9.34427 -0.5635 9.22192
H -8.51591 0.14519 7.77355
H -11.14683 0.69347 8.87753
H -10.6402 1.28479 7.22878
H -12.65537 -0.48525 7.38889
O -5.12326 -4.41847 4.94783
C -2.09433 -3.01581 0.82013
C -3.78037 -6.93084 1.4926
C -3.29248 -8.3556 1.74487
C -4.22794 -8.77826 2.85637
C -5.12676 -7.53904 2.9481
O -5.17236 -7.05683 1.62775
H -2.3478 -6.30333 3.01738
H -4.00222 -6.79826 4.66304
H -1.78101 -2.33324 1.63886
H -3.41605 -6.57151 0.50536
H -3.52965 -8.95253 0.83506
H -2.20906 -8.4494 1.9737
H -4.81507 -9.65574 2.50448
H -3.73986 -9.01326 3.8268
H -6.10189 -7.82209 3.40281
H -3.01073 -2.62102 0.3315
H -1.28165 -3.06721 0.06688
H -12.70319 -2.63916 1.93178
H -14.04857 -2.25514 3.07247
H -13.03024 -3.74017 3.32433
H -9.19538 -5.40141 4.67522
H -7.67372 -5.34698 5.60645
H -8.1453 -4.20126 2.8315
H -6.96764 -3.39487 3.87237
$end

$opt
CONSTRAINT
tors           1           2           3           4      +0.353
tors           3           4           5           6     +96.539
tors           4           5           6           7    -178.449
tors           5           6           7           8     -85.675
tors           6           7           8           9    +146.327
tors           7           8           9          10     +70.455
tors           8           9          10          11    -177.009
tors           9          10          11          12    -150.675
tors          11          12          13          14    +111.796
ENDCONSTRAINT
$end

$rem
JOBTYPE                   OPT
METHOD                    B3LYP
DFT_D                     d3_op
BASIS                     STO-3G
GEOM_OPT_MAX_CYCLES       100
GEOM_OPT_TOL_GRADIENT     300
GEOM_OPT_TOL_DISPLACEMENT 1200
GEOM_OPT_TOL_ENERGY       100
SYMMETRY                  False
THRESH                    12
SCF_CONVERGENCE           8
MAX_SUB_FILE_NUM          128
MEM_STATIC                400
MEM_TOTAL                 4000
$end
