$molecule
0  1
O -3.94934 -3.66094 2.70899
C -3.26408 -4.56952 2.26188
C -3.36658 -6.02376 2.66595
C -4.30295 -6.36325 3.83719
C -5.16722 -5.23643 4.35815
O -6.40777 -5.30267 3.79064
C -7.278 -4.24805 4.21458
C -7.84115 -4.55548 5.59823
O -7.97928 -3.34039 6.35145
C -8.96044 -2.50308 5.93268
C -9.04406 -1.23785 6.75296
C -10.44215 -0.60716 6.8294
C -11.59171 -1.49383 6.39464
O -12.44869 -1.95657 7.13357
O -2.37765 -4.29207 1.26991
O -11.74787 -1.66675 5.05576
O -9.41162 -2.55279 4.79747
C -12.7636 -2.39765 4.47508
C -8.72884 -1.40444 8.25953
C -8.26847 -0.06646 8.83574
C -9.56689 0.71087 8.81635
C -10.53394 -0.38515 8.3541
O -9.98342 -1.57224 8.86881
H -8.30307 -0.53692 6.30639
H -10.53183 0.34926 6.26865
H -7.96998 -2.18239 8.48867
H -7.98274 -0.2519 9.89634
H -7.41765 0.41662 8.30885
H -9.79863 1.03208 9.85618
H -9.58738 1.58662 8.13206
H -11.56782 -0.14287 8.68565
O -4.76918 -4.35947 5.11785
C -2.16836 -3.0344 0.74419
C -3.93117 -6.91164 1.5453
C -3.46267 -8.35162 1.74194
C -4.28742 -8.75202 2.94598
C -5.12678 -7.48374 3.14279
O -5.30295 -6.99267 1.83588
H -2.32463 -6.32862 2.91342
H -3.78567 -6.7991 4.72044
H -1.81571 -2.34165 1.53798
H -3.66622 -6.55624 0.52547
H -3.8108 -8.9386 0.86192
H -2.36413 -8.47513 1.85582
H -4.94264 -9.60271 2.65332
H -3.70631 -9.01747 3.85536
H -6.05405 -7.73802 3.70239
H -3.1078 -2.6457 0.2961
H -1.39362 -3.09531 -0.04737
H -12.6449 -2.37252 3.37249
H -13.75012 -1.96011 4.73893
H -12.71675 -3.45406 4.81592
H -8.76177 -5.17909 5.56887
H -7.08551 -5.13812 6.16458
H -8.11001 -4.13843 3.489
H -6.72632 -3.27841 4.19784
$end

$opt
CONSTRAINT
tors           1           2           3           4      -6.827
tors           3           4           5           6     +96.539
tors           4           5           6           7    -178.757
tors           5           6           7           8     -78.817
tors           6           7           8           9    +144.622
tors           7           8           9          10     +70.455
tors           8           9          10          11    -179.300
tors           9          10          11          12    -151.313
tors          11          12          13          14    +110.771
ENDCONSTRAINT
$end

$rem
JOBTYPE                   OPT
METHOD                    B3LYP
DFT_D                     d3_op
BASIS                     STO-3G
GEOM_OPT_MAX_CYCLES       100
GEOM_OPT_TOL_GRADIENT     300
GEOM_OPT_TOL_DISPLACEMENT 1200
GEOM_OPT_TOL_ENERGY       100
SYMMETRY                  False
THRESH                    12
SCF_CONVERGENCE           8
MAX_SUB_FILE_NUM          128
MEM_STATIC                400
MEM_TOTAL                 4000
$end
