$molecule
0  1
O -3.94934 -3.66094 2.70899
C -3.26408 -4.56952 2.26188
C -3.36658 -6.02376 2.66595
C -4.31702 -6.36562 3.82511
C -5.19217 -5.24149 4.33359
O -6.4249 -5.31279 3.74988
C -7.31339 -4.27692 4.1821
C -7.99528 -4.67932 5.48565
O -8.21582 -3.51794 6.3014
C -9.07371 -2.60053 5.79002
C -9.24513 -1.39394 6.68188
C -10.61322 -0.70367 6.58117
C -11.70706 -1.50099 5.89965
O -12.65741 -2.02532 6.46222
O -2.37213 -4.29068 1.27525
O -11.67405 -1.53034 4.54121
O -9.36797 -2.55596 4.60492
C -12.6065 -2.16993 3.75106
C -9.18196 -1.6802 8.20154
C -8.77981 -0.40761 8.94529
C -10.03501 0.42198 8.78389
C -10.9455 -0.59428 8.08548
O -10.52311 -1.83828 8.58675
H -8.41903 -0.6985 6.41071
H -10.58191 0.29923 6.10107
H -8.49407 -2.50386 8.48772
H -8.67108 -0.67954 10.02003
H -7.84247 0.07574 8.5951
H -10.42387 0.66985 9.79659
H -9.91925 1.34904 8.18163
H -12.01191 -0.33309 8.26523
O -4.81398 -4.378 5.11814
C -2.15964 -3.03221 0.75274
C -3.91459 -6.91382 1.53854
C -3.44406 -8.35227 1.74137
C -4.28236 -8.75485 2.93519
C -5.12824 -7.48921 3.12081
O -5.28961 -6.99917 1.8117
H -2.32666 -6.32555 2.92536
H -3.81053 -6.80015 4.71525
H -1.81107 -2.34088 1.54957
H -3.63805 -6.55815 0.52188
H -3.77955 -8.9405 0.85727
H -2.34664 -8.47248 1.86878
H -4.93097 -9.60792 2.63488
H -3.71174 -9.01781 3.85192
H -6.06167 -7.74638 3.66877
H -3.09653 -2.64249 0.30026
H -1.38065 -3.09204 -0.0347
H -12.33346 -2.03428 2.68455
H -13.61496 -1.73573 3.92046
H -12.62088 -3.25674 3.9812
H -8.9099 -5.2892 5.3176
H -7.28952 -5.30165 6.07517
H -8.07012 -4.10573 3.38958
H -6.76137 -3.3127 4.28481
$end

$opt
CONSTRAINT
tors           1           2           3           4      -6.043
tors           3           4           5           6     +96.539
tors           4           5           6           7    -179.961
tors           5           6           7           8     -84.445
tors           6           7           8           9    +146.327
tors           7           8           9          10     +64.572
tors           8           9          10          11    -179.010
tors           9          10          11          12    -150.675
tors          11          12          13          14    +107.195
ENDCONSTRAINT
$end

$rem
JOBTYPE                   OPT
METHOD                    B3LYP
DFT_D                     d3_op
BASIS                     STO-3G
GEOM_OPT_MAX_CYCLES       100
GEOM_OPT_TOL_GRADIENT     300
GEOM_OPT_TOL_DISPLACEMENT 1200
GEOM_OPT_TOL_ENERGY       100
SYMMETRY                  False
THRESH                    12
SCF_CONVERGENCE           8
MAX_SUB_FILE_NUM          128
MEM_STATIC                400
MEM_TOTAL                 4000
$end
