$molecule
0  1
O -3.94934 -3.66094 2.70899
C -3.26408 -4.56952 2.26188
C -3.36658 -6.02376 2.66595
C -4.4156 -6.385 3.73034
C -5.36556 -5.28237 4.14249
O -6.52828 -5.38233 3.43291
C -7.48109 -4.36766 3.76735
C -8.20225 -4.72984 5.06152
O -8.54264 -3.53541 5.78287
C -9.51622 -2.77433 5.22426
C -9.81158 -1.52269 6.01597
C -11.27914 -1.07119 5.98943
C -12.27763 -2.09828 5.49465
O -13.0772 -2.70363 6.1938
O -2.33269 -4.28079 1.31528
O -12.33047 -2.28772 4.15005
O -9.84721 -2.88105 4.0517
C -13.1926 -3.15949 3.51802
C -9.5677 -1.61689 7.5411
C -9.32999 -0.21856 8.10955
C -10.72016 0.36959 8.00414
C -11.49678 -0.85283 7.50291
O -10.82374 -1.94698 8.07588
H -9.14767 -0.73736 5.58919
H -11.45554 -0.1338 5.41709
H -8.72444 -2.2772 7.83475
H -9.07924 -0.34231 9.18779
H -8.52695 0.36775 7.61332
H -11.05731 0.65723 9.02486
H -10.82108 1.23307 7.31151
H -12.57302 -0.75056 7.76546
O -5.09137 -4.4063 4.9561
C -2.0983 -3.01687 0.81581
C -3.79327 -6.9297 1.49667
C -3.30753 -8.35596 1.74494
C -4.2351 -8.77603 2.86413
C -5.1285 -7.53363 2.96459
O -5.18439 -7.05113 1.6446
H -2.34549 -6.30533 3.00898
H -3.98427 -6.79795 4.66895
H -1.78086 -2.33496 1.63351
H -3.43663 -6.57126 0.5063
H -3.55362 -8.95244 0.83722
H -2.22253 -8.45243 1.96505
H -4.82892 -9.65067 2.51639
H -3.73962 -9.01422 3.83002
H -6.10055 -7.81273 3.42825
H -3.01613 -2.62077 0.33095
H -1.28864 -3.06904 0.05936
H -13.01837 -3.11334 2.42351
H -14.24617 -2.87428 3.72523
H -13.00819 -4.19838 3.86604
H -9.05727 -5.42413 4.9061
H -7.48563 -5.25316 5.72764
H -8.21488 -4.26634 2.94218
H -6.96865 -3.37967 3.84433
$end

$opt
CONSTRAINT
tors           1           2           3           4      -0.254
tors           3           4           5           6     +95.925
tors           4           5           6           7    -179.922
tors           5           6           7           8     -79.552
tors           6           7           8           9    +147.835
tors           7           8           9          10     +70.033
tors           8           9          10          11    -179.010
tors           9          10          11          12    -146.192
tors          11          12          13          14    +107.195
ENDCONSTRAINT
$end

$rem
JOBTYPE                   OPT
METHOD                    B3LYP
DFT_D                     d3_op
BASIS                     STO-3G
GEOM_OPT_MAX_CYCLES       100
GEOM_OPT_TOL_GRADIENT     300
GEOM_OPT_TOL_DISPLACEMENT 1200
GEOM_OPT_TOL_ENERGY       100
SYMMETRY                  False
THRESH                    12
SCF_CONVERGENCE           8
MAX_SUB_FILE_NUM          128
MEM_STATIC                400
MEM_TOTAL                 4000
$end
