$molecule
0  1
O -3.94934 -3.66094 2.70899
C -3.26408 -4.56952 2.26188
C -3.36658 -6.02376 2.66595
C -4.39612 -6.38074 3.7506
C -5.33151 -5.27347 4.18314
O -6.52514 -5.39286 3.53015
C -7.44813 -4.34583 3.84806
C -8.1475 -4.64508 5.16998
O -8.44578 -3.41819 5.85457
C -9.4183 -2.65834 5.29245
C -9.66863 -1.37263 6.04406
C -11.08771 -0.80387 5.89911
C -12.12708 -1.75521 5.34112
O -13.03303 -2.2697 5.98073
O -2.34108 -4.28287 1.30649
O -12.1099 -1.94478 3.99534
O -9.73736 -2.77895 4.11874
C -13.00414 -2.738 3.30676
C -9.56523 -1.48389 7.5845
C -9.24687 -0.1114 8.17522
C -10.56008 0.60513 7.94668
C -11.40467 -0.54592 7.38819
O -10.88556 -1.69224 8.01518
H -8.89824 -0.654 5.68384
H -11.14028 0.13476 5.30464
H -8.81582 -2.22083 7.94369
H -9.10769 -0.25472 9.2711
H -8.35031 0.39519 7.75759
H -10.95139 0.94243 8.9322
H -10.51877 1.46085 7.23842
H -12.48458 -0.34231 7.56167
O -5.02934 -4.38696 4.97534
C -2.11223 -3.02028 0.8011
C -3.81832 -6.92638 1.5041
C -3.33256 -8.35432 1.7413
C -4.23884 -8.77211 2.87854
C -5.12672 -7.52718 2.99739
O -5.20682 -7.04312 1.67922
H -2.34103 -6.3094 2.99202
H -3.94753 -6.79559 4.68023
H -1.78874 -2.33544 1.61396
H -3.47978 -6.56749 0.50754
H -3.59893 -8.94895 0.8381
H -2.24371 -8.45478 1.93952
H -4.84158 -9.64518 2.54239
H -3.72493 -9.01186 3.83436
H -6.08992 -7.80624 3.47905
H -3.03452 -2.62671 0.32267
H -1.30892 -3.074 0.03803
H -12.75535 -2.71241 2.22608
H -14.03898 -2.35811 3.44495
H -12.93737 -3.78776 3.66445
H -9.01984 -5.32632 5.05982
H -7.42453 -5.15874 5.83701
H -8.19567 -4.259 3.03373
H -6.91503 -3.36608 3.8781
$end

$opt
CONSTRAINT
tors           1           2           3           4      -1.445
tors           3           4           5           6     +97.972
tors           4           5           6           7    -177.653
tors           5           6           7           8     -81.199
tors           6           7           8           9    +147.835
tors           7           8           9          10     +70.247
tors           8           9          10          11    -179.010
tors           9          10          11          12    -153.144
tors          11          12          13          14    +108.013
ENDCONSTRAINT
$end

$rem
JOBTYPE                   OPT
METHOD                    B3LYP
DFT_D                     d3_op
BASIS                     STO-3G
GEOM_OPT_MAX_CYCLES       100
GEOM_OPT_TOL_GRADIENT     300
GEOM_OPT_TOL_DISPLACEMENT 1200
GEOM_OPT_TOL_ENERGY       100
SYMMETRY                  False
THRESH                    12
SCF_CONVERGENCE           8
MAX_SUB_FILE_NUM          128
MEM_STATIC                400
MEM_TOTAL                 4000
$end
