$molecule
0  1
O -3.94934 -3.66094 2.70899
C -3.26408 -4.56952 2.26188
C -3.36658 -6.02376 2.66595
C -2.1637 -6.92746 2.34928
C -0.92277 -6.23941 1.8251
O -1.26101 -5.36779 0.82947
C -1.76738 -6.01857 -0.34072
C -3.102 -6.68957 -0.03304
O -3.95712 -5.77716 0.67349
C -3.54168 -5.43349 1.91786
C -2.37281 -6.26083 2.39734
C -1.86454 -5.90955 3.80324
C -2.7924 -5.05991 4.64816
O -3.60521 -4.25477 4.21728
O -2.02513 -3.74607 2.02196
O -3.02289 -5.38544 5.96433
O -5.23513 -5.25811 2.50904
C -3.79919 -4.65256 6.84105
C -0.52238 -7.3977 3.78798
C 0.94244 -6.85071 3.88063
C 0.65763 -5.75187 4.75935
C -0.79358 -6.17031 5.02731
O -0.84001 -7.49604 5.10283
H -2.59786 -5.69612 1.26439
H -1.29808 -4.94708 3.65096
H -0.26601 -8.40065 3.36023
H 1.51854 -7.62346 4.44962
H 1.59998 -6.58505 3.02863
H 1.32786 -5.80643 5.64853
H 0.71909 -4.74199 4.29898
H -0.90905 -5.70428 6.03162
O 0.04417 -6.91919 1.44361
C -1.94313 -2.43912 1.56316
C -4.28377 -7.07816 3.94943
C -5.18082 -8.36271 3.67393
C -4.09918 -9.2318 2.98809
C -2.80334 -8.43938 3.36639
O -3.26369 -7.83803 4.55327
H -4.33076 -7.15359 2.20034
H -1.93393 -8.09996 1.70127
H -1.47873 -1.80365 2.34428
H -4.86091 -6.4655 4.67533
H -5.46218 -8.79377 4.66384
H -6.10299 -8.2122 3.07073
H -4.15772 -10.24206 3.45065
H -4.17069 -9.3255 1.88339
H -2.088 -9.27128 3.54261
H -2.93789 -2.02777 1.29073
H -1.30586 -2.41779 0.65535
H -3.77169 -5.1323 7.84044
H -4.85081 -4.60937 6.48837
H -3.39179 -3.62205 6.93246
H -3.55921 -6.83697 -1.03469
H -3.20467 -7.74099 0.27673
H -1.04467 -6.72283 -0.80848
H -1.96018 -5.20685 -1.07637
$end

$opt
CONSTRAINT
tors           1           2           3           4    -161.053
tors           3           4           5           6     -47.368
tors           4           5           6           7     -66.316
tors           5           6           7           8     +66.316
tors           6           7           8           9     +47.368
tors           7           8           9          10     -66.316
tors           8           9          10          11      -9.474
tors           9          10          11          12    -180.000
tors          11          12          13          14     -28.421
ENDCONSTRAINT
$end

$rem
JOBTYPE                   OPT
METHOD                    B3LYP
DFT_D                     d3_op
BASIS                     STO-3G
GEOM_OPT_MAX_CYCLES       100
GEOM_OPT_TOL_GRADIENT     300
GEOM_OPT_TOL_DISPLACEMENT 1200
GEOM_OPT_TOL_ENERGY       100
SYMMETRY                  False
THRESH                    12
SCF_CONVERGENCE           8
MAX_SUB_FILE_NUM          128
MEM_STATIC                400
MEM_TOTAL                 4000
$end
