$molecule
0  1
O -3.94934 -3.66094 2.70899
C -3.26408 -4.56952 2.26188
C -3.36658 -6.02376 2.66595
C -2.09215 -6.69516 3.20345
C -0.90361 -5.79095 3.44399
O -1.29816 -4.67922 4.13233
C -0.33711 -4.24595 5.10078
C 0.47803 -5.43424 5.60044
O -0.39777 -6.52188 5.93644
C -0.91859 -6.48586 7.18807
C -2.36573 -6.05466 7.21099
C -2.66181 -4.82774 8.08579
C -1.45687 -4.01228 8.50988
O -1.48787 -2.85794 8.91127
O -2.30718 -4.26176 1.34213
O -0.32124 -4.67153 8.85955
O -0.38784 -7.08016 8.11563
C 0.82654 -4.08765 9.35968
C -3.22371 -5.42349 6.07069
C -4.73575 -5.66153 6.2943
C -5.02629 -4.64009 7.35183
C -3.67097 -3.94761 7.39207
O -3.16975 -4.02131 6.11394
H -2.9289 -6.9604 7.52929
H -3.05525 -5.17632 9.06741
H -2.88724 -5.76035 5.17573
H -5.25265 -5.32307 5.36873
H -5.06357 -6.69419 6.54079
H -5.8277 -3.95579 6.99384
H -5.29394 -5.05521 8.34811
H -3.7589 -2.9307 7.83318
O 0.13782 -5.84016 2.79697
C -2.05329 -2.98816 0.87857
C -4.47285 -6.95436 3.24564
C -4.5277 -8.287 2.47131
C -3.24383 -8.96564 2.96855
C -2.71757 -7.91005 3.9642
O -3.95095 -7.44562 4.45574
H -3.4566 -6.32611 1.59698
H -1.63338 -7.22617 2.3372
H -1.75031 -2.32898 1.72006
H -5.46785 -6.46408 3.29026
H -5.3983 -8.8677 2.85198
H -4.62273 -8.19572 1.36788
H -3.53381 -9.88133 3.53114
H -2.51737 -9.25033 2.17752
H -2.01822 -8.35759 4.70107
H -2.95695 -2.57427 0.38222
H -1.22628 -3.02819 0.14046
H 1.58655 -4.87577 9.53711
H 0.61174 -3.57531 10.32154
H 1.23265 -3.35889 8.62582
H 1.21966 -5.79238 4.8597
H 1.10763 -5.12645 6.4655
H -0.85325 -3.77425 5.94803
H 0.32998 -3.46975 4.66951
$end

$opt
CONSTRAINT
tors           1           2           3           4    -123.158
tors           3           4           5           6     +47.368
tors           4           5           6           7    +142.105
tors           5           6           7           8     -28.421
tors           6           7           8           9     -47.368
tors           7           8           9          10     -85.263
tors           8           9          10          11    +104.211
tors           9          10          11          12    -123.158
tors          11          12          13          14    +161.053
ENDCONSTRAINT
$end

$rem
JOBTYPE                   OPT
METHOD                    B3LYP
DFT_D                     d3_op
BASIS                     STO-3G
GEOM_OPT_MAX_CYCLES       100
GEOM_OPT_TOL_GRADIENT     300
GEOM_OPT_TOL_DISPLACEMENT 1200
GEOM_OPT_TOL_ENERGY       100
SYMMETRY                  False
THRESH                    12
SCF_CONVERGENCE           8
MAX_SUB_FILE_NUM          128
MEM_STATIC                400
MEM_TOTAL                 4000
$end
