$molecule
0  1
O -3.94934 -3.66094 2.70899
C -3.26408 -4.56952 2.26188
C -3.36658 -6.02376 2.66595
C -2.97353 -6.38153 4.10864
C -2.69204 -5.22192 5.03825
O -2.77315 -5.63783 6.33665
C -2.94976 -4.5608 7.26297
C -3.49189 -5.08965 8.58681
O -4.88967 -4.78007 8.7019
C -5.23023 -3.50166 8.40386
C -6.26553 -3.40872 7.30833
C -6.56628 -4.73121 6.58803
C -6.07679 -5.9871 7.28072
O -5.93225 -6.12058 8.48731
O -2.38201 -4.28921 1.26639
O -6.30098 -7.12385 6.57105
O -4.78749 -2.53516 9.00739
C -6.23007 -8.4007 7.09445
C -7.66448 -3.01121 7.80254
C -8.45651 -2.39813 6.6489
C -8.70361 -3.62404 5.79127
C -8.10406 -4.71409 6.68764
O -8.32393 -4.23845 7.99532
H -5.88236 -2.65192 6.5868
H -6.18788 -4.73904 5.5452
H -7.64326 -2.32073 8.67372
H -9.42985 -2.05589 7.06812
H -7.96265 -1.54859 6.12991
H -9.80266 -3.76194 5.6862
H -8.22257 -3.60924 4.78914
H -8.55506 -5.7024 6.44808
O -2.39203 -4.08075 4.7122
C -2.1725 -3.02952 0.74541
C -4.81186 -6.54302 2.60749
C -4.81072 -8.05496 2.40392
C -4.29814 -8.51441 3.75083
C -4.22581 -7.17179 4.49387
O -5.26811 -6.41606 3.93026
H -2.7344 -6.59657 1.94877
H -2.08548 -7.0491 4.17274
H -1.81456 -2.34141 1.54092
H -5.4279 -6.0473 1.82526
H -5.87369 -8.37055 2.29937
H -4.23142 -8.41707 1.52745
H -5.06411 -9.179 4.20717
H -3.31381 -9.03042 3.7327
H -4.2361 -7.3625 5.57676
H -3.11316 -2.63656 0.30365
H -1.40166 -3.08836 -0.05009
H -6.45482 -9.13529 6.29496
H -6.97623 -8.52286 7.90824
H -5.21045 -8.59841 7.4893
H -3.2625 -6.1619 8.76659
H -2.99108 -4.51722 9.40077
H -3.4027 -3.63463 6.8482
H -1.90671 -4.2441 7.48906
$end

$opt
CONSTRAINT
tors           1           2           3           4     -66.316
tors           3           4           5           6    +161.053
tors           4           5           6           7    -161.053
tors           5           6           7           8    +161.053
tors           6           7           8           9    -104.211
tors           7           8           9          10     -47.368
tors           8           9          10          11    +123.158
tors           9          10          11          12      -9.474
tors          11          12          13          14     +28.421
ENDCONSTRAINT
$end

$rem
JOBTYPE                   OPT
METHOD                    B3LYP
DFT_D                     d3_op
BASIS                     STO-3G
GEOM_OPT_MAX_CYCLES       100
GEOM_OPT_TOL_GRADIENT     300
GEOM_OPT_TOL_DISPLACEMENT 1200
GEOM_OPT_TOL_ENERGY       100
SYMMETRY                  False
THRESH                    12
SCF_CONVERGENCE           8
MAX_SUB_FILE_NUM          128
MEM_STATIC                400
MEM_TOTAL                 4000
$end
