$molecule
0  1
O -3.94934 -3.66094 2.70899
C -3.26408 -4.56952 2.26188
C -3.36658 -6.02376 2.66595
C -3.41669 -6.33291 4.1712
C -3.53792 -5.14515 5.09996
O -4.81525 -5.0563 5.57531
C -5.78968 -5.59496 4.67555
C -6.88156 -6.31975 5.45569
O -6.49991 -6.43979 6.83511
C -7.1634 -7.38703 7.54339
C -6.86105 -8.7908 7.07579
C -6.9312 -8.99588 5.55549
C -6.93503 -7.73294 4.71785
O -5.94129 -7.12193 4.35217
O -2.41046 -4.27094 1.23779
O -8.0192 -7.78895 3.84171
O -7.96417 -7.10794 8.42188
C -8.1748 -7.08696 2.66011
C -5.52304 -9.39822 7.4593
C -5.63636 -10.92382 7.49901
C -5.81016 -11.23423 6.02201
C -5.64371 -9.83036 5.42067
O -4.75845 -9.20572 6.32492
H -7.63104 -9.40836 7.59429
H -7.81263 -9.61454 5.26758
H -5.11255 -8.99694 8.41104
H -4.64908 -11.31625 7.83321
H -6.43094 -11.32794 8.1626
H -4.97257 -11.89516 5.70611
H -6.7822 -11.69423 5.74151
H -5.31785 -9.91561 4.36414
O -2.66575 -4.3313 5.37865
C -2.22634 -3.00673 0.71783
C -3.7044 -7.32781 1.9198
C -2.45368 -8.1882 1.74274
C -2.15032 -8.48636 3.21662
C -3.41612 -7.89202 3.92268
O -4.36648 -8.08222 2.89822
H -2.25168 -6.03258 2.58593
H -2.38256 -6.43745 4.58147
H -1.85145 -2.32007 1.50667
H -4.29506 -7.16043 0.9948
H -2.7727 -9.12437 1.23067
H -1.61958 -7.72234 1.17463
H -2.10886 -9.59266 3.33074
H -1.20563 -8.0465 3.60257
H -3.48305 -8.42483 4.84089
H -3.18237 -2.61941 0.30522
H -1.47799 -3.05502 -0.09955
H -9.07754 -6.4465 2.73391
H -8.31346 -7.80698 1.82798
H -7.30193 -6.44841 2.42119
H -7.97079 -5.90172 5.32868
H -7.53736 -5.43548 5.70738
H -5.69614 -5.23404 3.57821
H -6.3071 -4.62107 4.45791
$end

$opt
CONSTRAINT
tors           1           2           3           4     -47.368
tors           3           4           5           6    +104.211
tors           4           5           6           7     -28.421
tors           5           6           7           8    +142.105
tors           6           7           8           9      -9.474
tors           7           8           9          10    -161.053
tors           8           9          10          11     +66.316
tors           9          10          11          12     -47.368
tors          11          12          13          14     +85.263
ENDCONSTRAINT
$end

$rem
JOBTYPE                   OPT
METHOD                    B3LYP
DFT_D                     d3_op
BASIS                     STO-3G
GEOM_OPT_MAX_CYCLES       100
GEOM_OPT_TOL_GRADIENT     300
GEOM_OPT_TOL_DISPLACEMENT 1200
GEOM_OPT_TOL_ENERGY       100
SYMMETRY                  False
THRESH                    12
SCF_CONVERGENCE           8
MAX_SUB_FILE_NUM          128
MEM_STATIC                400
MEM_TOTAL                 4000
$end
