$molecule
0  1
O -3.94934 -3.66094 2.70899
C -3.26408 -4.56952 2.26188
C -3.36658 -6.02376 2.66595
C -3.85957 -6.32399 4.09097
C -4.36389 -5.14454 4.89263
O -3.42981 -4.78052 5.82021
C -4.00317 -4.37553 7.06781
C -2.90331 -3.98508 8.04964
O -3.32335 -2.85573 8.8313
C -2.638 -2.65749 9.98462
C -3.12594 -1.45698 10.76007
C -3.9817 -1.78622 11.99196
C -3.92832 -3.22383 12.46854
O -4.89264 -3.96417 12.59724
O -2.2357 -4.2589 1.42945
O -2.70713 -3.7078 12.82544
O -1.74882 -3.39915 10.38461
C -2.47787 -4.98454 13.29423
C -2.01981 -0.5947 11.39508
C -2.54165 0.82473 11.61725
C -3.52935 0.59213 12.74609
C -3.27861 -0.8938 13.0319
O -1.91649 -1.07227 12.71493
H -3.71401 -0.82671 10.05256
H -5.05354 -1.52898 11.83899
H -1.08057 -0.57908 10.80043
H -1.68885 1.42405 12.00967
H -2.95858 1.32986 10.71955
H -3.22429 1.21929 13.61295
H -4.59472 0.78259 12.49241
H -3.57655 -1.15177 14.07221
O -5.55046 -4.84009 4.97376
C -1.95083 -2.98377 0.98774
C -4.47258 -6.72267 1.8459
C -4.22105 -8.2292 1.80589
C -4.56334 -8.60685 3.23023
C -5.04744 -7.25374 3.76397
O -5.62439 -6.63068 2.64481
H -2.39924 -6.51666 2.41688
H -3.10167 -6.86994 4.69812
H -1.72335 -2.32125 1.85011
H -4.56549 -6.32682 0.81014
H -4.98721 -8.67075 1.12872
H -3.20962 -8.53527 1.46214
H -5.40013 -9.34004 3.20751
H -3.72018 -9.01062 3.83145
H -5.71757 -7.40783 4.63879
H -2.81236 -2.57563 0.41707
H -1.06508 -3.01912 0.32089
H -1.39552 -5.10519 13.50478
H -2.77908 -5.732 12.52943
H -3.04668 -5.15563 14.23305
H -2.61112 -4.8828 8.64031
H -2.0153 -3.63804 7.47584
H -4.6835 -5.13315 7.51836
H -4.59222 -3.45287 6.85618
$end

$opt
CONSTRAINT
tors           1           2           3           4     -28.421
tors           3           4           5           6    -104.211
tors           4           5           6           7    -142.105
tors           5           6           7           8    -180.000
tors           6           7           8           9    +142.105
tors           7           8           9          10    +161.053
tors           8           9          10          11    -180.000
tors           9          10          11          12    +104.211
tors          11          12          13          14    -123.158
ENDCONSTRAINT
$end

$rem
JOBTYPE                   OPT
METHOD                    B3LYP
DFT_D                     d3_op
BASIS                     STO-3G
GEOM_OPT_MAX_CYCLES       100
GEOM_OPT_TOL_GRADIENT     300
GEOM_OPT_TOL_DISPLACEMENT 1200
GEOM_OPT_TOL_ENERGY       100
SYMMETRY                  False
THRESH                    12
SCF_CONVERGENCE           8
MAX_SUB_FILE_NUM          128
MEM_STATIC                400
MEM_TOTAL                 4000
$end
