$molecule
0  1
O -3.94934 -3.66094 2.70899
C -3.26408 -4.56952 2.26188
C -3.36658 -6.02376 2.66595
C -4.25419 -6.35572 3.87665
C -5.08044 -5.22016 4.4387
O -4.25913 -4.27103 4.97724
C -4.2296 -4.29818 6.4082
C -2.79811 -4.48294 6.90098
O -2.80446 -4.94632 8.26043
C -1.84923 -5.85773 8.57029
C -2.41903 -7.14263 9.12256
C -3.75845 -6.99308 9.85867
C -4.49485 -5.68805 9.6321
O -5.37697 -5.23822 10.3491
O -2.39995 -4.29792 1.24895
O -5.12371 -5.86243 8.45164
O -0.73161 -5.82709 8.07162
C -6.47295 -5.61525 8.1456
C -2.75466 -8.25234 8.10557
C -2.6444 -9.6103 8.79629
C -3.83463 -9.54653 9.73887
C -4.48486 -8.23564 9.27413
O -4.14381 -8.16123 7.90721
H -1.63602 -7.52426 9.81786
H -3.60481 -7.05992 10.9586
H -2.12411 -8.22058 7.19075
H -2.84768 -10.37874 8.01575
H -1.67023 -9.83652 9.28033
H -4.49044 -10.42093 9.53233
H -3.58252 -9.50207 10.82025
H -5.5707 -8.22797 9.51216
O -6.30117 -5.16445 4.49115
C -2.20022 -3.04281 0.71351
C -4.02898 -6.88318 1.57679
C -3.61845 -8.34515 1.74662
C -4.409 -8.71863 2.98322
C -5.17241 -7.41362 3.23225
O -5.38828 -6.90016 1.93944
H -2.32141 -6.35905 2.85301
H -3.67476 -6.78758 4.72339
H -1.82883 -2.34759 1.49655
H -3.80061 -6.53622 0.54519
H -4.02873 -8.91183 0.88029
H -2.5223 -8.51546 1.81316
H -5.12211 -9.52878 2.71175
H -3.80232 -9.02756 3.86199
H -6.08239 -7.61862 3.83798
H -3.14863 -2.65411 0.28474
H -1.44332 -3.10836 -0.09475
H -6.70542 -4.53434 8.25983
H -7.13506 -6.2121 8.80846
H -6.69057 -5.92153 7.10301
H -2.29431 -5.22087 6.23083
H -2.25935 -3.51501 6.82277
H -4.61787 -5.25566 6.5998
H -4.76545 -3.44961 6.88335
$end

$opt
CONSTRAINT
tors           1           2           3           4      -9.474
tors           3           4           5           6     -66.316
tors           4           5           6           7    -104.211
tors           5           6           7           8    +123.158
tors           6           7           8           9    -161.053
tors           7           8           9          10    +142.105
tors           8           9          10          11    -123.158
tors           9          10          11          12     -28.421
tors          11          12          13          14    -161.053
ENDCONSTRAINT
$end

$rem
JOBTYPE                   OPT
METHOD                    B3LYP
DFT_D                     d3_op
BASIS                     STO-3G
GEOM_OPT_MAX_CYCLES       100
GEOM_OPT_TOL_GRADIENT     300
GEOM_OPT_TOL_DISPLACEMENT 1200
GEOM_OPT_TOL_ENERGY       100
SYMMETRY                  False
THRESH                    12
SCF_CONVERGENCE           8
MAX_SUB_FILE_NUM          128
MEM_STATIC                400
MEM_TOTAL                 4000
$end
