$molecule
0  1
O -3.94934 -3.66094 2.70899
C -3.26408 -4.56952 2.26188
C -3.36658 -6.02376 2.66595
C -4.55778 -6.42467 3.55148
C -5.60993 -5.36381 3.78738
O -5.37997 -4.29275 2.97168
C -4.37078 -4.54107 1.98724
C -3.99766 -6.01987 1.97842
O -4.91618 -6.76125 2.79668
C -6.00231 -6.07176 3.2257
C -6.13989 -4.72048 2.56556
C -5.18309 -4.47394 1.38997
C -4.49914 -5.70297 0.8257
O -4.76863 -6.85979 1.11505
O -1.93758 -4.24157 1.82016
O -3.91725 -5.49099 -0.45703
O -7.06114 -6.9211 3.26625
C -3.65877 -6.44554 -1.42685
C -7.55093 -4.95918 1.66637
C -8.2484 -3.70182 1.0468
C -7.43663 -3.54512 -0.17462
C -6.34195 -4.61427 0.13358
O -7.14251 -5.66551 0.55144
H -7.23568 -4.03899 3.0632
H -5.60003 -3.27918 0.97499
H -8.39352 -5.47834 2.19684
H -9.29439 -3.92448 0.73532
H -8.25572 -2.80804 1.70843
H -8.0237 -3.91093 -1.051
H -7.09793 -2.50804 -0.39329
H -5.94394 -4.74994 -0.89759
O -5.86782 -4.92545 5.07233
C -1.3279 -3.00986 1.9719
C -2.23837 -7.16729 3.37099
C -1.68296 -6.9683 4.8286
C -2.88744 -7.34698 5.67143
C -3.88546 -7.71397 4.55053
O -3.02848 -8.31716 3.60163
H -2.55522 -5.47151 3.41966
H -4.10074 -5.84659 4.49089
H -1.25657 -2.75897 3.05108
H -1.36748 -7.33901 2.69849
H -0.89858 -7.74125 4.9954
H -1.2347 -5.97622 5.05478
H -2.64087 -8.25951 6.25893
H -3.26095 -6.55876 6.36056
H -4.69582 -8.37753 4.92212
H -1.88441 -2.20793 1.44613
H -0.30363 -3.05989 1.54966
H -2.57036 -6.46365 -1.64035
H -4.20102 -6.17379 -2.35544
H -3.98426 -7.46087 -1.11724
H -2.8059 -6.84219 1.00562
H -2.8059 -6.84219 1.00562
H -3.70829 -3.38292 0.74006
H -3.70829 -3.38292 0.74006
$end

$opt
CONSTRAINT
tors           1           2           3           4      +9.474
tors           3           4           5           6      +9.474
tors           4           5           6           7      +9.474
tors           5           6           7           8      +9.474
tors           6           7           8           9      +9.474
tors           7           8           9          10      +9.474
tors           8           9          10          11      +9.474
tors           9          10          11          12      +9.474
tors          11          12          13          14      +9.474
ENDCONSTRAINT
$end

$rem
JOBTYPE                   OPT
METHOD                    B3LYP
DFT_D                     d3_op
BASIS                     STO-3G
GEOM_OPT_MAX_CYCLES       100
GEOM_OPT_TOL_GRADIENT     300
GEOM_OPT_TOL_DISPLACEMENT 1200
GEOM_OPT_TOL_ENERGY       100
SYMMETRY                  False
THRESH                    12
SCF_CONVERGENCE           8
MAX_SUB_FILE_NUM          128
MEM_STATIC                400
MEM_TOTAL                 4000
$end
