$molecule
0  1
O -3.94934 -3.66094 2.70899
C -3.26408 -4.56952 2.26188
C -3.36658 -6.02376 2.66595
C -4.77372 -6.64113 2.71769
C -5.90468 -5.78727 2.1886
O -6.56241 -6.45291 1.19375
C -7.8709 -5.93203 0.93723
C -8.70923 -6.96246 0.18785
O -9.18725 -6.40143 -1.04488
C -10.44703 -6.75824 -1.39813
C -10.73271 -6.53451 -2.86408
C -11.19137 -5.11401 -3.22476
C -10.95806 -4.05542 -2.16568
O -10.61745 -2.90108 -2.38026
O -2.42068 -4.2793 1.23488
O -11.46455 -4.32782 -0.93246
O -11.16849 -7.47736 -0.71733
C -11.4212 -3.46456 0.14262
C -9.52228 -6.69558 -3.80677
C -10.00844 -7.03684 -5.214
C -10.63186 -5.71816 -5.62533
C -10.25568 -4.84631 -4.42077
O -9.03406 -5.38662 -3.97503
H -11.50954 -7.27985 -3.15299
H -12.27377 -5.0774 -3.47786
H -8.78924 -7.45508 -3.45708
H -9.10006 -7.20962 -5.83495
H -10.67637 -7.9215 -5.2918
H -10.12227 -5.36342 -6.54862
H -11.73242 -5.74026 -5.78026
H -10.23613 -3.77517 -4.71833
O -6.30143 -4.75917 2.72406
C -2.24287 -3.02004 0.70075
C -2.63842 -7.02111 1.73892
C -2.26664 -8.27941 2.51979
C -3.62769 -8.91213 2.69788
C -4.49898 -7.93376 1.90123
O -3.6482 -7.48304 0.87531
H -2.90782 -6.05395 3.6799
H -5.06915 -6.89859 3.75925
H -1.86555 -2.3238 1.47997
H -1.7264 -6.61134 1.25474
H -1.66283 -8.92452 1.84169
H -1.69832 -8.10069 3.45789
H -3.61632 -9.90912 2.20311
H -3.97047 -9.01716 3.74991
H -5.41977 -8.46752 1.58154
H -3.20225 -2.63988 0.28907
H -1.49892 -3.07507 -0.12021
H -11.90075 -3.94972 1.01727
H -11.97024 -2.52806 -0.09314
H -10.36589 -3.22937 0.39894
H -8.02703 -7.78623 -0.11668
H -9.46088 -7.43476 0.85936
H -7.75505 -5.00551 0.33102
H -8.42735 -5.66875 1.86689
$end

$opt
CONSTRAINT
tors           1           2           3           4     +47.368
tors           3           4           5           6    +123.158
tors           4           5           6           7    +161.053
tors           5           6           7           8    -161.053
tors           6           7           8           9    -123.158
tors           7           8           9          10    -142.105
tors           8           9          10          11    -161.053
tors           9          10          11          12     -85.263
tors          11          12          13          14    +142.105
ENDCONSTRAINT
$end

$rem
JOBTYPE                   OPT
METHOD                    B3LYP
DFT_D                     d3_op
BASIS                     STO-3G
GEOM_OPT_MAX_CYCLES       100
GEOM_OPT_TOL_GRADIENT     300
GEOM_OPT_TOL_DISPLACEMENT 1200
GEOM_OPT_TOL_ENERGY       100
SYMMETRY                  False
THRESH                    12
SCF_CONVERGENCE           8
MAX_SUB_FILE_NUM          128
MEM_STATIC                400
MEM_TOTAL                 4000
$end
