$molecule
0  1
O -3.94934 -3.66094 2.70899
C -3.26408 -4.56952 2.26188
C -3.36658 -6.02376 2.66595
C -4.66266 -6.76517 2.29943
C -5.63801 -6.02118 1.41441
O -6.44257 -5.22426 2.17796
C -5.71832 -4.44802 3.13824
C -6.23872 -4.73162 4.54355
O -6.76706 -6.06554 4.60985
C -7.26268 -6.43712 5.81626
C -6.33578 -6.104 6.96105
C -6.13057 -4.60294 7.21204
C -7.12831 -3.67873 6.54342
O -7.24385 -3.51352 5.33763
O -2.33386 -4.25173 1.32059
O -7.99621 -2.99795 7.34398
O -8.25086 -7.14718 5.91725
C -8.97449 -2.13844 6.8888
C -6.83326 -6.58971 8.33668
C -5.64529 -6.75881 9.28037
C -5.27603 -5.31311 9.5224
C -6.39692 -4.60761 8.74506
O -7.49508 -5.47594 8.87555
H -5.37281 -6.61127 6.72335
H -5.08307 -4.22936 7.13436
H -7.41656 -7.53497 8.29312
H -6.03559 -7.19091 10.22982
H -4.82368 -7.40056 8.89545
H -5.37239 -5.10725 10.61192
H -4.26558 -5.01337 9.17015
H -6.53068 -3.58564 9.16355
O -5.94132 -6.34194 0.27491
C -2.12126 -2.98061 0.82916
C -2.32233 -6.91679 1.95398
C -2.09691 -8.20779 2.74263
C -3.37373 -8.94977 2.4308
C -4.05644 -7.945 1.49885
O -2.98776 -7.35876 0.8008
H -3.13957 -6.06086 3.75727
H -5.20669 -7.22063 3.15545
H -1.82092 -2.29718 1.65191
H -1.34106 -6.41893 1.79587
H -1.24758 -8.75624 2.27578
H -1.88713 -8.05248 3.82285
H -3.11483 -9.8667 1.85499
H -3.99471 -9.22348 3.31091
H -4.80846 -8.48023 0.87784
H -3.0445 -2.60009 0.34204
H -1.30744 -3.01333 0.07611
H -9.5295 -1.7271 7.75663
H -9.6873 -2.68333 6.23356
H -8.51399 -1.29791 6.32693
H -5.31863 -4.36423 5.1935
H -7.28632 -4.73624 3.91548
H -6.0029 -3.34985 3.02428
H -5.06875 -5.09847 3.60412
$end

$opt
CONSTRAINT
tors           1           2           3           4     +66.316
tors           3           4           5           6     -85.263
tors           4           5           6           7     +47.368
tors           5           6           7           8    -123.158
tors           6           7           8           9     +28.421
tors           7           8           9          10    -180.000
tors           8           9          10          11     -47.368
tors           9          10          11          12     +66.316
tors          11          12          13          14     -66.316
ENDCONSTRAINT
$end

$rem
JOBTYPE                   OPT
METHOD                    B3LYP
DFT_D                     d3_op
BASIS                     STO-3G
GEOM_OPT_MAX_CYCLES       100
GEOM_OPT_TOL_GRADIENT     300
GEOM_OPT_TOL_DISPLACEMENT 1200
GEOM_OPT_TOL_ENERGY       100
SYMMETRY                  False
THRESH                    12
SCF_CONVERGENCE           8
MAX_SUB_FILE_NUM          128
MEM_STATIC                400
MEM_TOTAL                 4000
$end
