$molecule
0  1
O -3.94934 -3.66094 2.70899
C -3.26408 -4.56952 2.26188
C -3.36658 -6.02376 2.66595
C -3.63629 -7.04588 1.54953
C -3.59671 -6.52161 0.1312
O -4.78269 -6.78345 -0.49354
C -5.89224 -6.84787 0.40868
C -6.44666 -5.44957 0.66069
O -7.38636 -5.10283 -0.36867
C -8.62788 -4.76951 0.06338
C -8.99893 -5.44271 1.3633
C -9.38835 -4.48597 2.49965
C -9.69436 -3.06013 2.08729
O -10.64137 -2.70925 1.39837
O -2.29042 -4.25028 1.36737
O -8.88291 -2.10555 2.61355
O -9.40301 -4.13112 -0.63159
C -9.02099 -0.75324 2.381
C -10.34441 -6.22448 1.23832
C -10.42682 -7.33237 2.29451
C -10.53013 -6.50195 3.5591
C -10.7218 -5.10621 2.94933
O -11.3389 -5.34842 1.70842
H -8.35093 -6.27301 1.70159
H -8.59754 -4.45788 3.28186
H -10.5156 -6.65406 0.22667
H -11.39903 -7.84954 2.12412
H -9.6166 -8.09303 2.29554
H -11.4232 -6.84173 4.12828
H -9.62866 -6.51609 4.20971
H -11.27538 -4.44001 3.64798
O -2.59191 -6.2058 -0.49023
C -2.04726 -2.9764 0.89841
C -2.01308 -6.47446 3.23231
C -2.17242 -7.76008 4.04755
C -2.27693 -8.76989 2.93251
C -2.2853 -7.83829 1.71075
O -1.32972 -6.87558 2.07822
H -4.1657 -6.0701 3.43884
H -4.23326 -7.93796 1.78462
H -1.77874 -2.30313 1.74033
H -1.52441 -5.68541 3.84629
H -1.25262 -7.97551 4.63559
H -3.05211 -7.70914 4.72523
H -1.32308 -9.34411 2.89048
H -3.12103 -9.48784 3.01468
H -2.02658 -8.44259 0.81064
H -2.94517 -2.58476 0.37422
H -1.20088 -3.00849 0.18219
H -8.22711 -0.20677 2.9302
H -10.0117 -0.40189 2.74077
H -8.91758 -0.53957 1.29561
H -6.64718 -5.21871 1.72859
H -5.59971 -4.7413 0.54745
H -6.02916 -7.53492 1.25872
H -6.69176 -7.34979 -0.1778
$end

$opt
CONSTRAINT
tors           1           2           3           4    +123.158
tors           3           4           5           6    -123.158
tors           4           5           6           7     +28.421
tors           5           6           7           8     +85.263
tors           6           7           8           9     +85.263
tors           7           8           9          10    +123.158
tors           8           9          10          11     -28.421
tors           9          10          11          12    +123.158
tors          11          12          13          14     +66.316
ENDCONSTRAINT
$end

$rem
JOBTYPE                   OPT
METHOD                    B3LYP
DFT_D                     d3_op
BASIS                     STO-3G
GEOM_OPT_MAX_CYCLES       100
GEOM_OPT_TOL_GRADIENT     300
GEOM_OPT_TOL_DISPLACEMENT 1200
GEOM_OPT_TOL_ENERGY       100
SYMMETRY                  False
THRESH                    12
SCF_CONVERGENCE           8
MAX_SUB_FILE_NUM          128
MEM_STATIC                400
MEM_TOTAL                 4000
$end
