$molecule
0  1
O -3.94934 -3.66094 2.70899
C -3.26408 -4.56952 2.26188
C -3.36658 -6.02376 2.66595
C -3.18715 -7.07505 1.5585
C -2.74922 -6.56083 0.20502
O -3.18442 -5.27767 0.03314
C -3.99408 -5.10941 -1.13536
C -5.05164 -6.20619 -1.20445
O -5.98252 -6.05742 -0.12084
C -7.19056 -5.54068 -0.45667
C -7.20021 -4.03063 -0.47441
C -8.03846 -3.4018 -1.59698
C -9.00897 -4.33167 -2.2971
O -9.26224 -4.32205 -3.49306
O -2.03118 -4.1998 1.78861
O -9.89465 -5.002 -1.50932
O -8.18721 -6.21172 -0.25141
C -10.93033 -5.78726 -1.97391
C -7.89453 -3.41703 0.7651
C -7.3868 -1.99226 0.99187
C -8.00866 -1.28166 -0.19454
C -8.87713 -2.41157 -0.7635
O -9.21958 -3.18112 0.36348
H -6.18045 -3.63404 -0.45019
H -7.42545 -2.89746 -2.3762
H -7.76313 -4.02375 1.68792
H -7.87565 -1.62584 1.92336
H -6.28619 -1.87411 1.0915
H -8.63226 -0.44322 0.18725
H -7.28928 -0.90982 -0.95608
H -9.72996 -1.99679 -1.34561
O -2.35232 -7.27855 -0.70555
C -1.61838 -2.91581 1.48076
C -2.22311 -6.41419 3.62116
C -2.60593 -7.65901 4.4209
C -2.49445 -8.7226 3.35074
C -2.01621 -7.87668 2.167
O -1.21566 -6.88807 2.76507
H -4.34037 -6.13984 3.19278
H -4.07187 -7.73042 1.40106
H -0.74883 -2.65082 2.1165
H -1.93365 -5.5896 4.30964
H -1.80946 -7.83494 5.17891
H -3.59248 -7.59538 4.92849
H -1.69356 -9.43613 3.64791
H -3.43168 -9.27752 3.12942
H -1.50673 -8.52736 1.42231
H -2.41728 -2.15918 1.63164
H -1.30629 -2.88275 0.41661
H -11.48062 -6.21106 -1.10908
H -10.53015 -6.62218 -2.58787
H -11.63318 -5.17654 -2.57984
H -5.5634 -6.06666 -2.18654
H -4.68507 -7.25056 -1.23533
H -3.34322 -5.23377 -2.02968
H -4.35172 -4.0729 -1.20053
$end

$opt
CONSTRAINT
tors           1           2           3           4    +142.105
tors           3           4           5           6     -28.421
tors           4           5           6           7    -123.158
tors           5           6           7           8     +47.368
tors           6           7           8           9     +66.316
tors           7           8           9          10    +104.211
tors           8           9          10          11     -85.263
tors           9          10          11          12    +142.105
tors          11          12          13          14    -142.105
ENDCONSTRAINT
$end

$rem
JOBTYPE                   OPT
METHOD                    B3LYP
DFT_D                     d3_op
BASIS                     STO-3G
GEOM_OPT_MAX_CYCLES       100
GEOM_OPT_TOL_GRADIENT     300
GEOM_OPT_TOL_DISPLACEMENT 1200
GEOM_OPT_TOL_ENERGY       100
SYMMETRY                  False
THRESH                    12
SCF_CONVERGENCE           8
MAX_SUB_FILE_NUM          128
MEM_STATIC                400
MEM_TOTAL                 4000
$end
