$molecule
0  1
O -3.94934 -3.66094 2.70899
C -3.26408 -4.56952 2.26188
C -3.36658 -6.02376 2.66595
C -2.40867 -7.01244 1.98128
C -1.33566 -6.41165 1.10049
O -0.45881 -5.69294 1.86207
C 0.58211 -6.4948 2.43021
C -0.00827 -7.74925 3.06577
O -1.35004 -7.48915 3.50722
C -2.31344 -7.6393 2.56464
C -1.94687 -8.65048 1.50454
C -2.75061 -8.54153 0.20054
C -3.52643 -7.25398 0.00814
O -3.08413 -6.12741 0.18067
O -2.32845 -4.1207 1.37567
O -4.80611 -7.381 -0.44586
O -3.16998 -8.47508 3.33122
C -5.65118 -6.32307 -0.70894
C -0.62409 -9.23789 0.67823
C -0.77993 -10.74403 0.37702
C -1.83599 -10.70306 -0.71346
C -1.93927 -9.18492 -0.92866
O -0.65431 -8.76486 -0.65046
H -2.16055 -9.65825 1.95299
H -3.62215 -9.22655 0.32762
H 0.3974 -9.13651 1.06108
H 0.17431 -11.08104 -0.09246
H -0.98931 -11.4179 1.23533
H -1.43227 -11.21232 -1.61662
H -2.81348 -11.15658 -0.44186
H -2.34558 -8.93363 -1.93164
O -0.92196 -6.56751 -0.05427
C -2.16538 -2.81563 0.95334
C -4.35543 -6.04398 3.96878
C -4.2776 -7.0471 5.11961
C -2.80458 -6.82868 5.38871
C -2.5304 -5.86379 4.13673
O -3.63417 -5.08712 4.53025
H -4.24788 -5.63084 1.99506
H -4.08232 -7.3778 1.90288
H -1.93133 -2.15943 1.81809
H -5.40504 -5.71987 3.76818
H -4.87419 -6.70112 5.99496
H -4.65456 -8.05897 4.88303
H -2.68893 -6.23005 6.32495
H -2.2269 -7.75892 5.58225
H -1.56982 -5.32015 4.35468
H -3.08808 -2.46059 0.44731
H -1.3234 -2.77082 0.23269
H -6.62301 -6.71617 -1.07107
H -5.21377 -5.6698 -1.49359
H -5.83006 -5.73293 0.21404
H 0.275 -8.8065 2.97382
H 0.5753 -7.75009 4.01157
H 1.11532 -5.85878 3.17218
H 1.31636 -6.79739 1.6529
$end

$opt
CONSTRAINT
tors           1           2           3           4    -180.000
tors           3           4           5           6     +66.316
tors           4           5           6           7     +85.263
tors           5           6           7           8     -47.368
tors           6           7           8           9     -28.421
tors           7           8           9          10     +85.263
tors           8           9          10          11     +28.421
tors           9          10          11          12    -161.053
tors          11          12          13          14     +47.368
ENDCONSTRAINT
$end

$rem
JOBTYPE                   OPT
METHOD                    B3LYP
DFT_D                     d3_op
BASIS                     STO-3G
GEOM_OPT_MAX_CYCLES       100
GEOM_OPT_TOL_GRADIENT     300
GEOM_OPT_TOL_DISPLACEMENT 1200
GEOM_OPT_TOL_ENERGY       100
SYMMETRY                  False
THRESH                    12
SCF_CONVERGENCE           8
MAX_SUB_FILE_NUM          128
MEM_STATIC                400
MEM_TOTAL                 4000
$end
