$molecule
0  1
O -3.94934 -3.66094 2.70899
C -3.26408 -4.56952 2.26188
C -3.36658 -6.02376 2.66595
C -4.44479 -6.87167 1.97142
C -5.18176 -6.21743 0.82384
O -4.64039 -4.99074 0.56391
C -3.22285 -5.03078 0.36838
C -2.61259 -3.6648 0.6647
O -1.46388 -3.4504 -0.1704
C -0.81818 -2.27269 0.01727
C 0.19329 -1.97735 -1.06457
C 1.54359 -1.44695 -0.56092
C 1.81261 -1.62477 0.91986
O 2.83521 -1.28928 1.49978
O -1.97356 -4.30548 2.79769
O 1.1887 -2.67707 1.52429
O -1.16636 -1.40117 0.80673
C 1.59601 -3.26473 2.70944
C 0.66706 -3.18218 -1.91308
C 1.20407 -2.68895 -3.25687
C 2.50121 -2.03861 -2.82461
C 2.49521 -2.37978 -1.33164
O 1.83584 -3.62199 -1.26759
H -0.29427 -1.23114 -1.7317
H 1.70234 -0.37075 -0.79245
H -0.11198 -3.95263 -2.09514
H 1.44731 -3.5901 -3.86467
H 0.51312 -2.03612 -3.83239
H 3.34181 -2.55612 -3.33825
H 2.56542 -0.94253 -2.99829
H 3.53088 -2.35727 -0.92591
O -6.21081 -6.62922 0.31309
C -1.58401 -3.31467 3.70006
C -2.1715 -7.04492 2.52328
C -2.30595 -8.14653 3.58011
C -3.47119 -8.94418 3.01279
C -3.70959 -8.19475 1.69487
O -2.41644 -7.78891 1.34663
H -3.55556 -5.96542 3.76442
H -5.2719 -7.04551 2.69651
H -1.04142 -3.78864 4.54317
H -1.1661 -6.57924 2.59815
H -1.38938 -8.77641 3.51783
H -2.42972 -7.79523 4.62692
H -3.12112 -9.98046 2.80818
H -4.37967 -8.97648 3.65231
H -4.24849 -8.8296 0.95921
H -0.92364 -2.58946 3.19369
H -2.42822 -2.74041 4.13332
H 0.94163 -4.12932 2.93635
H 1.54346 -2.52964 3.54132
H 2.63512 -3.64496 2.61216
H -3.36915 -3.1307 0.03028
H -2.98199 -2.66812 1.06769
H -3.19266 -5.05237 -0.75017
H -2.58217 -5.9096 0.32717
$end

$opt
CONSTRAINT
tors           1           2           3           4     +83.470
tors           3           4           5           6      +4.904
tors           4           5           6           7     +52.653
tors           5           6           7           8    -156.332
tors           6           7           8           9    -148.163
tors           7           8           9          10    -178.945
tors           8           9          10          11    -168.175
tors           9          10          11          12    -135.900
tors          11          12          13          14    +178.698
ENDCONSTRAINT
$end

$rem
JOBTYPE                   OPT
METHOD                    B3LYP
DFT_D                     d3_op
BASIS                     STO-3G
GEOM_OPT_MAX_CYCLES       100
GEOM_OPT_TOL_GRADIENT     300
GEOM_OPT_TOL_DISPLACEMENT 1200
GEOM_OPT_TOL_ENERGY       100
SYMMETRY                  False
THRESH                    12
SCF_CONVERGENCE           8
MAX_SUB_FILE_NUM          128
MEM_STATIC                400
MEM_TOTAL                 4000
$end
