$molecule
0  1
O -3.94934 -3.66094 2.70899
C -3.26408 -4.56952 2.26188
C -3.36658 -6.02376 2.66595
C -3.6011 -6.3243 4.15542
C -3.88425 -5.13549 5.04686
O -4.42946 -5.55872 6.22544
C -4.17328 -4.66796 7.3164
C -3.26702 -5.34043 8.34236
O -3.69652 -5.0027 9.67065
C -2.70897 -4.90026 10.59444
C -2.92209 -5.80309 11.78613
C -2.62792 -5.15756 13.14813
C -2.51756 -3.6461 13.15295
O -1.53102 -3.00638 12.81819
O -2.23911 -4.25887 1.42524
O -3.57738 -2.94516 13.64493
O -1.61331 -4.41758 10.33947
C -3.63171 -1.5702 13.74139
C -4.36073 -6.32682 12.01221
C -4.31263 -7.62934 12.80939
C -3.89523 -7.11316 14.1686
C -3.90407 -5.60357 13.90247
O -4.91509 -5.4301 12.9397
H -2.24868 -6.67299 11.61337
H -1.71888 -5.55155 13.65365
H -4.94532 -6.49359 11.08276
H -5.35794 -8.00775 12.88
H -3.66472 -8.42583 12.38426
H -4.6838 -7.38732 14.90436
H -2.90225 -7.46155 14.52647
H -4.0425 -5.05774 14.86178
O -3.13467 -4.16474 5.00424
C -1.95421 -2.98327 0.9849
C -4.6387 -6.64774 2.0544
C -4.47673 -8.16199 1.94595
C -4.55983 -8.55425 3.40349
C -4.87672 -7.19404 4.03683
O -5.61695 -6.51886 3.05336
H -2.48789 -6.56148 2.24189
H -2.75367 -6.8813 4.61347
H -1.72219 -2.32297 1.8478
H -4.90073 -6.22383 1.05944
H -5.38092 -8.54802 1.42238
H -3.56781 -8.51087 1.41025
H -5.41317 -9.25764 3.52803
H -3.63471 -8.99809 3.83099
H -5.39994 -7.35935 5.00269
H -2.81745 -2.57261 0.41868
H -1.07118 -3.01853 0.31444
H -4.60925 -1.27459 14.17437
H -3.5333 -1.11242 12.73387
H -2.82032 -1.20027 14.40395
H -3.46575 -6.4321 8.26546
H -2.18708 -5.2035 8.11089
H -5.17154 -4.52996 7.78533
H -3.82684 -3.63267 7.10087
$end

$opt
CONSTRAINT
tors           1           2           3           4     -39.599
tors           3           4           5           6    +163.207
tors           4           5           6           7    +153.082
tors           5           6           7           8    -113.514
tors           6           7           8           9    -140.415
tors           7           8           9          10    -146.906
tors           8           9          10          11    -123.910
tors           9          10          11          12    -137.037
tors          11          12          13          14     -80.493
ENDCONSTRAINT
$end

$rem
JOBTYPE                   OPT
METHOD                    B3LYP
DFT_D                     d3_op
BASIS                     STO-3G
GEOM_OPT_MAX_CYCLES       100
GEOM_OPT_TOL_GRADIENT     300
GEOM_OPT_TOL_DISPLACEMENT 1200
GEOM_OPT_TOL_ENERGY       100
SYMMETRY                  False
THRESH                    12
SCF_CONVERGENCE           8
MAX_SUB_FILE_NUM          128
MEM_STATIC                400
MEM_TOTAL                 4000
$end
