$molecule
0  1
O -3.94934 -3.66094 2.70899
C -3.26408 -4.56952 2.26188
C -3.36658 -6.02376 2.66595
C -2.16376 -6.92749 2.34915
C -0.92286 -6.23948 1.82485
O -0.10132 -5.90872 2.8646
C 1.10257 -5.25716 2.44581
C 2.15434 -5.33765 3.54737
O 2.59715 -6.69506 3.703
C 3.11324 -7.00434 4.91837
C 4.01747 -8.21339 4.88324
C 5.47561 -7.94301 5.28198
C 5.73483 -6.62625 5.98601
O 5.19764 -6.25785 7.02055
O -2.42998 -4.24245 1.2391
O 6.65905 -5.81582 5.40676
O 2.86129 -6.37505 5.93779
C 7.02771 -4.58149 5.89922
C 3.64135 -9.30881 5.89841
C 4.18781 -10.65532 5.42524
C 5.67604 -10.44683 5.63323
C 5.67004 -9.07084 6.31095
O 4.45177 -9.04582 7.01834
H 3.96878 -8.64526 3.85625
H 6.16777 -8.01483 4.41313
H 2.5474 -9.37525 6.08634
H 3.83141 -11.42039 6.15199
H 3.89114 -10.96223 4.39926
H 6.0456 -11.23163 6.32988
H 6.28908 -10.43871 4.70598
H 6.59088 -8.92779 6.91891
O -0.57345 -6.29532 0.65118
C -2.24962 -2.96873 0.73984
C -3.42493 -6.20154 4.20351
C -4.13181 -7.51276 4.54366
C -3.08663 -8.51688 4.106
C -1.93758 -7.57146 3.73547
O -2.10367 -6.47412 4.59782
H -4.33182 -6.39236 2.2521
H -2.43436 -7.69616 1.59119
H -1.86351 -2.29768 1.53659
H -3.92425 -5.35885 4.72979
H -4.21764 -7.55242 5.6536
H -5.1399 -7.65056 4.09697
H -2.81794 -9.14854 4.98164
H -3.37566 -9.15916 3.2461
H -0.96339 -8.10531 3.79686
H -3.2091 -2.57221 0.34444
H -1.50998 -3.0043 -0.08607
H 7.79613 -4.13865 5.23295
H 7.45643 -4.6884 6.91861
H 6.14764 -3.90398 5.93049
H 3.03117 -4.71336 3.26938
H 1.69052 -4.9172 4.46818
H 0.87169 -4.19322 2.21786
H 1.56231 -5.7317 1.54844
$end

$opt
CONSTRAINT
tors           1           2           3           4    -161.059
tors           3           4           5           6     +91.355
tors           4           5           6           7    +179.698
tors           5           6           7           8    -161.053
tors           6           7           8           9     +68.740
tors           7           8           9          10    -155.969
tors           8           9          10          11    -158.045
tors           9          10          11          12    +117.812
tors          11          12          13          14     +57.196
ENDCONSTRAINT
$end

$rem
JOBTYPE                   OPT
METHOD                    B3LYP
DFT_D                     d3_op
BASIS                     STO-3G
GEOM_OPT_MAX_CYCLES       100
GEOM_OPT_TOL_GRADIENT     300
GEOM_OPT_TOL_DISPLACEMENT 1200
GEOM_OPT_TOL_ENERGY       100
SYMMETRY                  False
THRESH                    12
SCF_CONVERGENCE           8
MAX_SUB_FILE_NUM          128
MEM_STATIC                400
MEM_TOTAL                 4000
$end
