$molecule
0  1
O -3.94934 -3.66094 2.70899
C -3.26408 -4.56952 2.26188
C -3.36658 -6.02376 2.66595
C -2.27432 -6.57256 3.5985
C -1.30151 -5.56245 4.16542
O -0.50592 -6.15921 5.10155
C 0.79897 -6.48129 4.60882
C 1.45391 -7.53005 5.50173
O 0.9742 -7.39451 6.84873
C 1.65964 -8.09618 7.78519
C 0.85744 -9.2328 8.37277
C 1.46198 -9.86776 9.63358
C 2.55484 -9.07 10.31617
O 2.67019 -8.91435 11.52325
O -2.2921 -4.27487 1.35826
O 3.72374 -8.95203 9.63228
O 2.85195 -8.25664 7.57901
C 4.90415 -8.3863 10.08448
C -0.52988 -8.81346 8.90782
C -1.45959 -10.0247 8.90938
C -0.85049 -10.84493 10.02801
C 0.21357 -9.8646 10.53875
O -0.3341 -8.59469 10.28276
H 0.71887 -9.97777 7.55606
H 1.8676 -10.88618 9.44569
H -0.99822 -7.97804 8.34356
H -2.45905 -9.65993 9.23935
H -1.56851 -10.55349 7.93806
H -1.6345 -11.02491 10.79666
H -0.39134 -11.80795 9.71569
H 0.4542 -10.08627 11.60153
O -1.18498 -4.38164 3.87828
C -2.03354 -3.00708 0.88074
C -4.61607 -6.28061 3.54029
C -5.00913 -7.75619 3.47825
C -3.90642 -8.3738 4.30734
C -3.15429 -7.11438 4.74668
O -4.15787 -6.1385 4.86004
H -3.48293 -6.60863 1.72616
H -1.67372 -7.37812 3.12086
H -1.74929 -2.33332 1.71717
H -5.48926 -5.65299 3.25598
H -5.9701 -7.86772 4.03009
H -5.12425 -8.1703 2.45351
H -4.36739 -8.87305 5.18884
H -3.247 -9.08822 3.76858
H -2.5845 -7.33049 5.67671
H -2.92896 -2.60394 0.36113
H -1.19243 -3.05481 0.15916
H 5.18871 -7.55511 9.40699
H 5.70601 -9.15265 10.06381
H 4.82373 -7.98022 11.11503
H 1.13438 -8.53667 5.15208
H 2.55738 -7.44221 5.38321
H 1.39618 -5.54597 4.68674
H 0.81781 -6.81866 3.54675
$end

$opt
CONSTRAINT
tors           1           2           3           4    -104.134
tors           3           4           5           6    +172.181
tors           4           5           6           7    +101.564
tors           5           6           7           8    -161.053
tors           6           7           8           9     -29.791
tors           7           8           9          10    -168.106
tors           8           9          10          11    -111.428
tors           9          10          11          12    -167.579
tors          11          12          13          14    +137.702
ENDCONSTRAINT
$end

$rem
JOBTYPE                   OPT
METHOD                    B3LYP
DFT_D                     d3_op
BASIS                     STO-3G
GEOM_OPT_MAX_CYCLES       100
GEOM_OPT_TOL_GRADIENT     300
GEOM_OPT_TOL_DISPLACEMENT 1200
GEOM_OPT_TOL_ENERGY       100
SYMMETRY                  False
THRESH                    12
SCF_CONVERGENCE           8
MAX_SUB_FILE_NUM          128
MEM_STATIC                400
MEM_TOTAL                 4000
$end
