$molecule
0  1
O -3.94934 -3.66094 2.70899
C -3.26408 -4.56952 2.26188
C -3.36658 -6.02376 2.66595
C -3.07169 -6.36721 4.13528
C -2.88113 -5.1981 5.07601
O -4.09701 -4.70982 5.46157
C -4.4853 -5.13618 6.7718
C -4.02088 -6.56793 7.01781
O -4.56547 -7.05333 8.25502
C -3.68766 -7.13748 9.28532
C -4.29461 -7.74578 10.5272
C -5.70162 -7.23837 10.87525
C -6.42674 -6.49303 9.77282
O -7.28275 -6.96785 9.04046
O -2.30591 -4.26552 1.34517
O -6.16834 -5.16063 9.70118
O -2.57411 -6.62644 9.3009
C -7.018 -4.23847 9.12272
C -4.5571 -9.25765 10.37599
C -4.59216 -9.90914 11.75693
C -5.88965 -9.34557 12.29786
C -6.40262 -8.60537 11.05553
O -5.89892 -9.35131 9.97544
H -3.56607 -7.60559 11.35843
H -5.76271 -6.63436 11.80712
H -3.81506 -9.77016 9.72506
H -4.71973 -11.00325 11.59149
H -3.69928 -9.73967 12.3964
H -6.5564 -10.1957 12.5635
H -5.78492 -8.65494 13.16255
H -7.50996 -8.50574 11.10194
O -1.82664 -4.90953 5.62381
C -2.05743 -2.99433 0.87129
C -4.65949 -6.6148 2.19042
C -4.57461 -8.14197 2.16163
C -4.62576 -8.42324 3.63582
C -4.6137 -6.9903 4.17638
O -5.43261 -6.30325 3.26722
H -2.5549 -6.50291 2.07102
H -2.35403 -7.18896 4.3501
H -1.76244 -2.32509 1.70768
H -4.98974 -6.20671 1.20907
H -5.47592 -8.57698 1.67468
H -3.6562 -8.49788 1.64605
H -5.62655 -8.86374 3.85555
H -3.8381 -9.09375 4.04045
H -5.26179 -7.01349 5.05032
H -2.96137 -2.59029 0.36728
H -1.22707 -3.03565 0.13693
H -6.54606 -3.2353 9.15783
H -7.97241 -4.2031 9.68981
H -7.2452 -4.49891 8.07081
H -4.05712 -7.4797 6.42714
H -2.91509 -6.52091 7.07792
H -5.58834 -5.12864 6.78937
H -4.09728 -4.4448 7.55086
$end

$opt
CONSTRAINT
tors           1           2           3           4     -62.012
tors           3           4           5           6     +80.959
tors           4           5           6           7    +101.420
tors           5           6           7           8     -36.169
tors           6           7           8           9    -172.246
tors           7           8           9          10    -105.819
tors           8           9          10          11    -175.885
tors           9          10          11          12     -43.522
tors          11          12          13          14     +99.786
ENDCONSTRAINT
$end

$rem
JOBTYPE                   OPT
METHOD                    B3LYP
DFT_D                     d3_op
BASIS                     STO-3G
GEOM_OPT_MAX_CYCLES       100
GEOM_OPT_TOL_GRADIENT     300
GEOM_OPT_TOL_DISPLACEMENT 1200
GEOM_OPT_TOL_ENERGY       100
SYMMETRY                  False
THRESH                    12
SCF_CONVERGENCE           8
MAX_SUB_FILE_NUM          128
MEM_STATIC                400
MEM_TOTAL                 4000
$end
