$molecule
0  1
O -3.94934 -3.66094 2.70899
C -3.26408 -4.56952 2.26188
C -3.36658 -6.02376 2.66595
C -2.13616 -6.911 2.41549
C -0.87972 -6.20681 1.95338
O 0.15549 -7.09579 1.89449
C 0.62381 -7.32732 0.56171
C -0.47406 -7.97436 -0.27623
O 0.0854 -8.51196 -1.4849
C -0.75317 -8.54759 -2.55011
C -0.311 -9.52326 -3.61463
C 0.46201 -8.89796 -4.78499
C 0.98353 -7.49339 -4.55712
O 2.15977 -7.18635 -4.42772
O -2.72915 -4.36066 1.02621
O 0.04568 -6.51161 -4.4998
O -1.71655 -7.80586 -2.69448
C 0.32505 -5.18029 -4.27339
C 0.72241 -10.58309 -3.15064
C 0.6428 -11.81165 -4.05578
C 1.22962 -11.25593 -5.33514
C 1.66094 -9.86547 -4.85433
O 1.97434 -10.04754 -3.49626
H -1.22268 -10.08307 -3.9227
H -0.11982 -8.87979 -5.73245
H 0.59697 -10.89572 -2.09093
H 1.35071 -12.56335 -3.63771
H -0.36123 -12.27681 -4.15733
H 2.11006 -11.8758 -5.61536
H 0.52328 -11.1844 -6.19053
H 2.48162 -9.47739 -5.49734
O -0.61465 -5.05841 2.27727
C -2.69498 -3.14433 0.37544
C -3.51249 -6.16657 4.19455
C -4.14432 -7.51513 4.53707
C -2.99034 -8.44664 4.24235
C -1.90932 -7.43379 3.85344
O -2.19362 -6.31371 4.65296
H -4.28193 -6.41873 2.17116
H -2.35368 -7.74843 1.72129
H -2.12244 -2.40632 0.97679
H -4.10205 -5.34758 4.66162
H -4.33794 -7.52867 5.63365
H -5.0875 -7.73758 3.99311
H -2.7042 -8.95996 5.18759
H -3.17474 -9.19846 3.44477
H -0.90568 -7.88883 4.00087
H -3.72711 -2.77109 0.20351
H -2.19415 -3.27202 -0.60613
H -0.62297 -4.60436 -4.27661
H 0.98693 -4.78596 -5.0738
H 0.81499 -5.05621 -3.28384
H -0.88029 -8.83694 0.29474
H -1.28935 -7.23682 -0.44844
H 1.47299 -8.03972 0.6346
H 0.99437 -6.39243 0.08521
$end

$opt
CONSTRAINT
tors           1           2           3           4    -157.970
tors           3           4           5           6    +174.321
tors           4           5           6           7    +113.676
tors           5           6           7           8     -63.777
tors           6           7           8           9    -165.391
tors           7           8           9          10    -150.847
tors           8           9          10          11    -160.037
tors           9          10          11          12     -97.737
tors          11          12          13          14    +110.194
ENDCONSTRAINT
$end

$rem
JOBTYPE                   OPT
METHOD                    B3LYP
DFT_D                     d3_op
BASIS                     STO-3G
GEOM_OPT_MAX_CYCLES       100
GEOM_OPT_TOL_GRADIENT     300
GEOM_OPT_TOL_DISPLACEMENT 1200
GEOM_OPT_TOL_ENERGY       100
SYMMETRY                  False
THRESH                    12
SCF_CONVERGENCE           8
MAX_SUB_FILE_NUM          128
MEM_STATIC                400
MEM_TOTAL                 4000
$end
