$molecule
0  1
O -3.94934 -3.66094 2.70899
C -3.26408 -4.56952 2.26188
C -3.36658 -6.02376 2.66595
C -2.7597 -6.42077 4.02165
C -2.27617 -5.28925 4.9014
O -3.19324 -4.27712 4.90148
C -2.97529 -3.31982 5.94327
C -4.31 -2.84262 6.50626
O -4.53225 -1.47103 6.14262
C -5.52355 -0.84126 6.82073
C -5.79307 0.55346 6.30811
C -4.72895 1.59651 6.67953
C -3.4097 1.04476 7.18139
O -2.30251 1.43709 6.84262
O -2.43201 -4.30116 1.22124
O -3.48177 0.23787 8.27441
O -6.26017 -1.39907 7.62514
C -2.39105 -0.31653 8.91108
C -5.81821 0.69464 4.77435
C -6.65775 1.91015 4.38702
C -5.75995 3.03692 4.86016
C -4.52178 2.24175 5.29471
O -4.51845 1.1211 4.44108
H -6.78486 0.85394 6.71848
H -5.09644 2.29754 7.46099
H -6.18693 -0.21678 4.25495
H -6.69769 1.93039 3.27412
H -7.69359 1.92954 4.78888
H -5.53059 3.69017 3.98922
H -6.16255 3.64495 5.69919
H -3.61914 2.88976 5.2552
O -1.16785 -5.24607 5.42144
C -2.24244 -3.04607 0.68164
C -4.82497 -6.47432 2.84954
C -4.92562 -7.99564 2.72975
C -4.30549 -8.42325 4.04409
C -4.00756 -7.05823 4.67045
O -5.06933 -6.2521 4.21583
H -2.88362 -6.61342 1.85354
H -1.93647 -7.1658 3.94237
H -1.84243 -2.35469 1.45404
H -5.52263 -5.98189 2.13695
H -6.00407 -8.2721 2.74146
H -4.44574 -8.41374 1.81873
H -5.08433 -8.94188 4.64686
H -3.40392 -9.06759 3.95951
H -3.90709 -7.15479 5.77439
H -3.20164 -2.65082 0.28406
H -1.51188 -3.11417 -0.15028
H -2.74286 -0.93256 9.76375
H -1.72365 0.483 9.29756
H -1.83075 -0.96856 8.20701
H -5.16141 -3.50944 6.24443
H -4.19647 -2.86877 7.61655
H -2.34923 -2.47027 5.59302
H -2.43071 -3.78346 6.80196
$end

$opt
CONSTRAINT
tors           1           2           3           4     -76.138
tors           3           4           5           6     +43.782
tors           4           5           6           7    +165.866
tors           5           6           7           8    -142.414
tors           6           7           8           9    -110.797
tors           7           8           9          10    -165.849
tors           8           9          10          11    -174.729
tors           9          10          11          12     -73.701
tors          11          12          13          14    +135.806
ENDCONSTRAINT
$end

$rem
JOBTYPE                   OPT
METHOD                    B3LYP
DFT_D                     d3_op
BASIS                     STO-3G
GEOM_OPT_MAX_CYCLES       100
GEOM_OPT_TOL_GRADIENT     300
GEOM_OPT_TOL_DISPLACEMENT 1200
GEOM_OPT_TOL_ENERGY       100
SYMMETRY                  False
THRESH                    12
SCF_CONVERGENCE           8
MAX_SUB_FILE_NUM          128
MEM_STATIC                400
MEM_TOTAL                 4000
$end
