$molecule
0  1
O -3.94934 -3.66094 2.70899
C -3.26408 -4.56952 2.26188
C -3.36658 -6.02376 2.66595
C -2.11256 -6.89412 2.48223
C -0.84419 -6.17353 2.08214
O 0.24204 -6.94602 2.38014
C 0.60929 -7.83443 1.31943
C 1.48652 -8.96039 1.85685
O 2.87216 -8.60431 1.73003
C 3.7362 -9.64587 1.64215
C 5.17671 -9.23272 1.82897
C 5.64248 -8.08188 0.92515
C 4.54405 -7.29016 0.24447
O 3.53891 -6.85858 0.79037
O -2.84142 -4.39296 0.9773
O 4.68332 -7.11336 -1.09542
O 3.40489 -10.80797 1.44271
C 3.77007 -6.45149 -1.88929
C 5.45667 -8.62922 3.22058
C 6.943 -8.76517 3.54799
C 7.53707 -7.75889 2.58249
C 6.25603 -7.15642 1.99261
O 5.32315 -7.24154 3.04269
H 5.8028 -10.14663 1.71133
H 6.38565 -8.397 0.15911
H 4.83832 -9.08219 4.02634
H 7.08046 -8.38561 4.58606
H 7.35981 -9.79287 3.4778
H 8.0994 -6.99952 3.16987
H 8.18682 -8.18718 1.78874
H 6.45125 -6.13433 1.59789
O -0.68551 -4.97309 1.94707
C -2.8658 -3.19423 0.29269
C -3.60235 -6.17448 4.18274
C -4.25915 -7.52124 4.47655
C -3.09939 -8.45707 4.22451
C -1.98665 -7.44622 3.92583
O -2.3146 -6.33445 4.71957
H -4.24568 -6.43247 2.11836
H -2.29029 -7.70725 1.74729
H -2.24427 -2.44064 0.8218
H -4.21478 -5.35701 4.62204
H -4.50106 -7.54206 5.56352
H -5.17937 -7.7345 3.89121
H -2.88059 -9.00427 5.16871
H -3.24105 -9.17992 3.39213
H -1.00698 -7.92139 4.145
H -3.90931 -2.82443 0.20048
H -2.45205 -3.34875 -0.72481
H 4.13062 -6.45362 -2.9383
H 3.66018 -5.39914 -1.55032
H 2.785 -6.96402 -1.848
H 1.20915 -9.30972 2.87515
H 1.28527 -9.79797 1.14754
H 1.02509 -7.3159 0.42875
H -0.31604 -8.35178 0.97878
$end

$opt
CONSTRAINT
tors           1           2           3           4    -154.921
tors           3           4           5           6    +160.042
tors           4           5           6           7     +88.795
tors           5           6           7           8    -161.053
tors           6           7           8           9     -92.704
tors           7           8           9          10    -154.187
tors           8           9          10          11    -166.826
tors           9          10          11          12     -52.500
tors          11          12          13          14     +46.962
ENDCONSTRAINT
$end

$rem
JOBTYPE                   OPT
METHOD                    B3LYP
DFT_D                     d3_op
BASIS                     STO-3G
GEOM_OPT_MAX_CYCLES       100
GEOM_OPT_TOL_GRADIENT     300
GEOM_OPT_TOL_DISPLACEMENT 1200
GEOM_OPT_TOL_ENERGY       100
SYMMETRY                  False
THRESH                    12
SCF_CONVERGENCE           8
MAX_SUB_FILE_NUM          128
MEM_STATIC                400
MEM_TOTAL                 4000
$end
