$molecule
0  1
O -3.94934 -3.66094 2.70899
C -3.26408 -4.56952 2.26188
C -3.36658 -6.02376 2.66595
C -2.16307 -6.92711 2.3507
C -0.92177 -6.23872 1.82784
O -0.14122 -5.83306 2.87265
C 1.18474 -5.46719 2.47613
C 2.11714 -5.48179 3.68301
O 3.26094 -4.65142 3.42787
C 4.40114 -5.01794 4.06406
C 5.41778 -3.90366 4.13814
C 6.32288 -3.77013 2.90474
C 5.86135 -4.50712 1.66356
O 5.07803 -4.0728 0.83149
O -2.42986 -4.24405 1.23838
O 6.2546 -5.80437 1.57412
O 4.48802 -6.00359 4.7866
C 5.87606 -6.66266 0.56325
C 4.82513 -2.48579 4.24137
C 5.84974 -1.54105 4.86771
C 6.8551 -1.42878 3.74028
C 6.14859 -2.25297 2.65766
O 4.77975 -2.04011 2.91029
H 6.03447 -4.10272 5.0447
H 7.39294 -4.02046 3.07822
H 3.86888 -2.45044 4.80786
H 5.35055 -0.55416 4.99857
H 6.26589 -1.8735 5.84301
H 6.91954 -0.3608 3.43441
H 7.86988 -1.82255 3.9651
H 6.50946 -1.94895 1.64989
O -0.52827 -6.36832 0.67383
C -2.24996 -2.97099 0.73735
C -3.42439 -6.2054 4.20341
C -4.12876 -7.51907 4.54058
C -3.08096 -8.52089 4.10216
C -1.93347 -7.57301 3.73352
O -2.10272 -6.47743 4.59803
H -4.33188 -6.39261 2.25237
H -2.43909 -7.6879 1.58657
H -1.86413 -2.29862 1.53313
H -3.92523 -5.36461 4.73124
H -4.21538 -7.56098 5.65037
H -5.13628 -7.65819 4.09304
H -2.81142 -9.15319 4.97704
H -3.3684 -9.16263 3.24129
H -0.95669 -8.10221 3.79155
H -3.20961 -2.57538 0.34148
H -1.5104 -3.00741 -0.08861
H 6.34108 -7.65491 0.73532
H 6.21868 -6.2719 -0.41876
H 4.77127 -6.78164 0.55635
H 1.5744 -5.00336 4.52738
H 2.33951 -6.53623 3.9631
H 1.13038 -4.4344 2.06516
H 1.6332 -6.14272 1.71162
$end

$opt
CONSTRAINT
tors           1           2           3           4    -160.986
tors           3           4           5           6     +87.585
tors           4           5           6           7    +165.866
tors           5           6           7           8    -161.053
tors           6           7           8           9    -157.807
tors           7           8           9          10    -150.847
tors           8           9          10          11    -161.053
tors           9          10          11          12     -85.263
tors          11          12          13          14     +85.863
ENDCONSTRAINT
$end

$rem
JOBTYPE                   OPT
METHOD                    B3LYP
DFT_D                     d3_op
BASIS                     STO-3G
GEOM_OPT_MAX_CYCLES       100
GEOM_OPT_TOL_GRADIENT     300
GEOM_OPT_TOL_DISPLACEMENT 1200
GEOM_OPT_TOL_ENERGY       100
SYMMETRY                  False
THRESH                    12
SCF_CONVERGENCE           8
MAX_SUB_FILE_NUM          128
MEM_STATIC                400
MEM_TOTAL                 4000
$end
