$molecule
0  1
O -3.94934 -3.66094 2.70899
C -3.26408 -4.56952 2.26188
C -3.36658 -6.02376 2.66595
C -2.46385 -6.49867 3.81634
C -1.68924 -5.42772 4.55195
O -2.17115 -5.29697 5.8232
C -1.21692 -4.73855 6.73252
C -1.49805 -5.22151 8.15162
O -1.06857 -4.23165 9.09956
C -0.28185 -4.68958 10.1048
C -0.23528 -3.75317 11.2887
C 1.07146 -2.96 11.43567
C 1.97408 -2.94219 10.21844
O 2.79522 -2.07487 9.95756
O -2.21842 -4.25975 1.45162
O 2.16219 -4.11483 9.55686
O 0.27053 -5.78388 10.11126
C 3.01064 -4.29876 8.48326
C -1.25157 -2.5811 11.24531
C -1.51764 -2.07175 12.66155
C -0.20177 -1.39208 12.96731
C 0.50072 -1.53939 11.61368
O -0.54366 -1.51153 10.6738
H -0.49133 -4.36465 12.18305
H 1.69111 -3.29008 12.29771
H -2.2201 -2.84215 10.76588
H -2.30873 -1.2916 12.58112
H -1.83825 -2.8395 13.39813
H -0.40431 -0.32204 13.19572
H 0.39312 -1.85226 13.78589
H 1.27456 -0.74837 11.50189
O -0.76344 -4.78311 4.07526
C -1.9156 -2.98299 1.02727
C -4.75819 -6.37208 3.24702
C -5.04818 -7.85625 3.03915
C -4.07294 -8.46869 4.01868
C -3.53142 -7.20212 4.69528
O -4.60203 -6.29498 4.64148
H -3.24775 -6.61563 1.73014
H -1.70432 -7.23559 3.47457
H -1.69858 -2.33077 1.90014
H -5.58392 -5.7652 2.81447
H -6.08361 -8.03449 3.40943
H -4.96747 -8.22644 1.99452
H -4.64631 -9.09571 4.73718
H -3.25255 -9.06425 3.56287
H -3.15535 -7.46561 5.70823
H -2.76325 -2.56253 0.4449
H -1.01794 -3.0193 0.37664
H 2.94537 -5.35345 8.14598
H 4.05926 -4.08169 8.77847
H 2.7097 -3.63661 7.64328
H -2.60345 -5.25644 8.26341
H -1.13464 -6.26267 8.29879
H -1.38544 -3.63911 6.70968
H -0.14889 -4.93412 6.47962
$end

$opt
CONSTRAINT
tors           1           2           3           4     -91.622
tors           3           4           5           6    +111.476
tors           4           5           6           7    +156.471
tors           5           6           7           8    -152.451
tors           6           7           8           9    -150.743
tors           7           8           9          10    -129.787
tors           8           9          10          11    -161.053
tors           9          10          11          12    -105.696
tors          11          12          13          14    +155.038
ENDCONSTRAINT
$end

$rem
JOBTYPE                   OPT
METHOD                    B3LYP
DFT_D                     d3_op
BASIS                     STO-3G
GEOM_OPT_MAX_CYCLES       100
GEOM_OPT_TOL_GRADIENT     300
GEOM_OPT_TOL_DISPLACEMENT 1200
GEOM_OPT_TOL_ENERGY       100
SYMMETRY                  False
THRESH                    12
SCF_CONVERGENCE           8
MAX_SUB_FILE_NUM          128
MEM_STATIC                400
MEM_TOTAL                 4000
$end
