$molecule
0  1
O -3.94934 -3.66094 2.70899
C -3.26408 -4.56952 2.26188
C -3.36658 -6.02376 2.66595
C -2.04979 -6.78783 2.88069
C -0.77971 -5.96721 2.84106
O 0.08092 -6.39709 3.81056
C 1.42774 -6.53726 3.34613
C 2.19569 -7.50167 4.24407
O 2.86361 -6.77336 5.28634
C 4.00775 -7.33527 5.74933
C 4.57532 -6.61229 6.94758
C 4.85891 -5.11907 6.72814
C 4.21859 -4.49794 5.50303
O 4.29758 -3.32108 5.18161
O -2.57745 -4.32139 1.11592
O 4.42537 -5.24953 4.37594
O 4.5219 -8.34731 5.28868
C 4.56298 -4.79517 3.07282
C 3.60361 -6.53371 8.14269
C 4.39739 -6.33938 9.4339
C 4.88784 -4.91574 9.25324
C 4.15413 -4.53382 7.96171
O 2.96542 -5.28692 8.00549
H 5.48643 -7.16764 7.26849
H 5.94975 -4.9088 6.67049
H 2.9374 -7.4203 8.22504
H 3.66016 -6.35779 10.2686
H 5.1905 -7.09182 9.63304
H 4.52795 -4.30917 10.11362
H 5.98788 -4.80314 9.13807
H 4.02979 -3.43039 7.89411
O -0.40185 -5.37665 1.8371
C -2.43477 -3.0744 0.54252
C -4.06185 -6.23265 4.02511
C -4.6756 -7.62865 4.08259
C -3.42923 -8.47666 4.19503
C -2.35417 -7.38603 4.28291
O -3.00065 -6.32576 4.94257
H -3.96692 -6.50312 1.85978
H -1.91389 -7.59039 2.12194
H -1.91771 -2.38872 1.24777
H -4.84027 -5.47222 4.25194
H -5.24138 -7.70065 5.03928
H -5.35017 -7.88432 3.23726
H -3.4822 -9.04824 5.14867
H -3.24702 -9.17177 3.34713
H -1.47066 -7.81598 4.80035
H -3.4286 -2.65784 0.27281
H -1.82299 -3.16563 -0.37827
H 4.6687 -5.66569 2.39349
H 5.47278 -4.16399 2.98558
H 3.67814 -4.19888 2.76733
H 1.58712 -8.35227 4.62065
H 2.97322 -7.91928 3.56081
H 1.92859 -5.56604 3.17956
H 1.38134 -7.06901 2.36356
$end

$opt
CONSTRAINT
tors           1           2           3           4    -137.375
tors           3           4           5           6    +139.880
tors           4           5           6           7    +135.025
tors           5           6           7           8    -157.726
tors           6           7           8           9     -92.273
tors           7           8           9          10    -150.847
tors           8           9          10          11    -173.288
tors           9          10          11          12     -56.571
tors          11          12          13          14    +177.897
ENDCONSTRAINT
$end

$rem
JOBTYPE                   OPT
METHOD                    B3LYP
DFT_D                     d3_op
BASIS                     STO-3G
GEOM_OPT_MAX_CYCLES       100
GEOM_OPT_TOL_GRADIENT     300
GEOM_OPT_TOL_DISPLACEMENT 1200
GEOM_OPT_TOL_ENERGY       100
SYMMETRY                  False
THRESH                    12
SCF_CONVERGENCE           8
MAX_SUB_FILE_NUM          128
MEM_STATIC                400
MEM_TOTAL                 4000
$end
