$molecule
0  1
O -3.94934 -3.66094 2.70899
C -3.26408 -4.56952 2.26188
C -3.36658 -6.02376 2.66595
C -2.86427 -6.40011 4.06948
C -2.48026 -5.25351 4.97828
O -2.87524 -5.5231 6.25763
C -2.53922 -4.48277 7.18178
C -2.56916 -5.01817 8.60957
O -3.83545 -4.71927 9.21789
C -3.81226 -4.55948 10.56439
C -5.17539 -4.26922 11.146
C -5.58654 -2.78976 11.12485
C -4.76349 -1.88799 10.22702
O -5.20558 -0.9824 9.53491
O -2.40909 -4.29567 1.24118
O -3.42004 -1.90289 10.44174
O -2.87068 -4.90585 11.26789
C -2.51043 -1.10614 9.77806
C -6.36524 -4.90971 10.40178
C -7.54772 -5.05987 11.3569
C -7.95244 -3.61035 11.53623
C -7.00509 -2.93267 10.53825
O -6.81823 -3.90017 9.53216
H -5.16004 -4.65465 12.19168
H -5.55683 -2.33763 12.1406
H -6.11862 -5.88883 9.93606
H -8.35131 -5.58615 10.7931
H -7.34038 -5.61382 12.29763
H -9.01266 -3.50126 11.21686
H -7.81787 -3.20249 12.56155
H -7.43234 -1.96068 10.20818
O -1.66402 -4.39329 4.66785
C -2.21038 -3.03886 0.7091
C -4.81973 -6.52388 2.71562
C -4.85482 -8.03423 2.50293
C -4.2618 -8.51359 3.80975
C -4.11515 -7.18164 4.55841
O -5.17851 -6.4003 4.07035
H -2.79999 -6.60154 1.89924
H -1.96268 -7.04962 4.01113
H -1.829 -2.34848 1.49166
H -5.48428 -6.01549 1.9828
H -5.92717 -8.33309 2.46784
H -4.3427 -8.39917 1.58671
H -5.0096 -9.16731 4.31182
H -3.28966 -9.04573 3.72469
H -4.12527 -7.39328 5.6484
H -3.16146 -2.64493 0.29118
H -1.46144 -3.10335 -0.10664
H -1.49 -1.33474 10.14793
H -2.7283 -0.03339 9.96719
H -2.54907 -1.31262 8.68698
H -2.26978 -6.08463 8.70398
H -1.79606 -4.40869 9.139
H -3.1185 -3.54415 7.03608
H -1.46008 -4.24046 7.02619
$end

$opt
CONSTRAINT
tors           1           2           3           4     -71.242
tors           3           4           5           6    +141.347
tors           4           5           6           7    +179.696
tors           5           6           7           8    -161.053
tors           6           7           8           9     -96.525
tors           7           8           9          10    -150.847
tors           8           9          10          11    -179.090
tors           9          10          11          12     -85.263
tors          11          12          13          14    +140.460
ENDCONSTRAINT
$end

$rem
JOBTYPE                   OPT
METHOD                    B3LYP
DFT_D                     d3_op
BASIS                     STO-3G
GEOM_OPT_MAX_CYCLES       100
GEOM_OPT_TOL_GRADIENT     300
GEOM_OPT_TOL_DISPLACEMENT 1200
GEOM_OPT_TOL_ENERGY       100
SYMMETRY                  False
THRESH                    12
SCF_CONVERGENCE           8
MAX_SUB_FILE_NUM          128
MEM_STATIC                400
MEM_TOTAL                 4000
$end
