$molecule
0  1
O -3.94934 -3.66094 2.70899
C -3.26408 -4.56952 2.26188
C -3.36658 -6.02376 2.66595
C -2.86427 -6.40011 4.06948
C -2.48026 -5.25351 4.97828
O -2.82714 -5.54621 6.26646
C -2.20128 -4.68881 7.22688
C -1.31382 -5.50513 8.16078
O -1.3784 -4.96771 9.49116
C -0.22616 -4.42559 9.95762
C -0.35233 -3.89842 11.36717
C -1.1911 -2.61972 11.50739
C -2.05755 -2.26386 10.31603
O -3.27525 -2.15655 10.33205
O -2.40836 -4.29548 1.24184
O -1.39104 -1.88364 9.19366
O 0.85007 -4.47694 9.37518
C -1.98164 -1.25526 8.11575
C -1.07112 -4.83684 12.35341
C -0.62497 -4.51856 13.77896
C -1.28471 -3.16941 13.98724
C -2.08958 -3.05034 12.68635
O -2.40338 -4.38333 12.35626
H 0.68608 -3.714 11.7277
H -0.57241 -1.72413 11.73656
H -0.91679 -5.91428 12.12626
H -1.11885 -5.26286 14.44424
H 0.4717 -4.54183 13.95689
H -1.96015 -3.24311 14.86832
H -0.587 -2.31291 14.11078
H -2.95375 -2.36623 12.83459
O -1.63569 -4.42628 4.65365
C -2.20841 -3.03837 0.71094
C -4.82046 -6.51994 2.71288
C -4.85927 -8.03151 2.50886
C -4.27731 -8.50475 3.82257
C -4.12359 -7.16803 4.56078
O -5.18211 -6.38503 4.06515
H -2.79914 -6.60143 1.89992
H -1.9711 -7.0621 4.02082
H -1.82686 -2.349 1.49432
H -5.48064 -6.01387 1.97448
H -5.93179 -8.32873 2.46703
H -4.34025 -8.40147 1.59853
H -5.03445 -9.14564 4.32729
H -3.31073 -9.04833 3.74741
H -4.13908 -7.37174 5.65213
H -3.15896 -2.6433 0.2929
H -1.45908 -3.10273 -0.10444
H -1.21762 -1.08436 7.32998
H -2.39582 -0.27391 8.43089
H -2.80002 -1.87596 7.69698
H -1.74501 -6.52547 8.25002
H -0.30521 -5.63749 7.71066
H -3.04761 -4.29232 7.82779
H -1.6439 -3.80078 6.85851
$end

$opt
CONSTRAINT
tors           1           2           3           4     -71.242
tors           3           4           5           6    +143.760
tors           4           5           6           7    +164.800
tors           5           6           7           8    -118.278
tors           6           7           8           9    -143.392
tors           7           8           9          10    -113.947
tors           8           9          10          11    -179.090
tors           9          10          11          12     -71.571
tors          11          12          13          14    +119.901
ENDCONSTRAINT
$end

$rem
JOBTYPE                   OPT
METHOD                    B3LYP
DFT_D                     d3_op
BASIS                     STO-3G
GEOM_OPT_MAX_CYCLES       100
GEOM_OPT_TOL_GRADIENT     300
GEOM_OPT_TOL_DISPLACEMENT 1200
GEOM_OPT_TOL_ENERGY       100
SYMMETRY                  False
THRESH                    12
SCF_CONVERGENCE           8
MAX_SUB_FILE_NUM          128
MEM_STATIC                400
MEM_TOTAL                 4000
$end
