$molecule
0  1
O -3.94934 -3.66094 2.70899
C -3.26408 -4.56952 2.26188
C -3.36658 -6.02376 2.66595
C -3.11177 -6.36197 4.14397
C -2.95805 -5.18954 5.0873
O -3.87185 -5.28424 6.09795
C -3.57815 -4.42549 7.20499
C -3.53642 -5.23169 8.49899
O -3.42042 -4.34613 9.62381
C -2.15698 -3.96922 9.94133
C -2.09966 -3.05744 11.14384
C -3.12227 -1.9118 11.13686
C -4.25919 -2.04693 10.14395
O -5.41501 -2.33003 10.42409
O -2.34284 -4.28017 1.30526
O -3.98081 -1.63468 8.87941
O -1.16777 -4.23983 9.27156
C -4.94302 -1.21331 7.98143
C -2.47746 -3.77609 12.45506
C -1.85102 -3.03975 13.63733
C -2.67434 -1.7684 13.64184
C -3.704 -2.10768 12.5558
O -3.84334 -3.50455 12.63451
H -1.04911 -2.69887 11.2384
H -2.67604 -0.90012 11.01728
H -2.18566 -4.84919 12.46878
H -2.09996 -3.62946 14.54894
H -0.7508 -2.89104 13.58989
H -3.15769 -1.6683 14.63894
H -2.11743 -0.83992 13.39001
H -4.63314 -1.51665 12.71506
O -2.05168 -4.36903 5.0026
C -2.11076 -3.01532 0.80685
C -4.78693 -6.5899 2.47609
C -4.71413 -8.09821 2.25884
C -4.30648 -8.55921 3.64141
C -4.37013 -7.23091 4.40931
O -5.37703 -6.50283 3.75092
H -2.66295 -6.58648 2.00951
H -2.17952 -6.9574 4.26286
H -1.78252 -2.33684 1.62318
H -5.34555 -6.10793 1.64375
H -5.75426 -8.44379 2.06025
H -4.05356 -8.43676 1.43187
H -5.07518 -9.27379 4.01117
H -3.29626 -9.01765 3.71063
H -4.54078 -7.4517 5.48508
H -3.03279 -2.61525 0.33335
H -1.30962 -3.06721 0.04137
H -4.45844 -0.97373 7.01275
H -5.44026 -0.29797 8.36714
H -5.71473 -1.99525 7.82241
H -4.50464 -5.76857 8.59041
H -2.73647 -6.00645 8.4851
H -4.4169 -3.71766 7.28016
H -2.64379 -3.82836 7.12774
$end

$opt
CONSTRAINT
tors           1           2           3           4     -60.279
tors           3           4           5           6    +123.466
tors           4           5           6           7    +164.800
tors           5           6           7           8    -126.271
tors           6           7           8           9    -172.320
tors           7           8           9          10     -85.318
tors           8           9          10          11    -179.090
tors           9          10          11          12     -46.174
tors          11          12          13          14    +106.071
ENDCONSTRAINT
$end

$rem
JOBTYPE                   OPT
METHOD                    B3LYP
DFT_D                     d3_op
BASIS                     STO-3G
GEOM_OPT_MAX_CYCLES       100
GEOM_OPT_TOL_GRADIENT     300
GEOM_OPT_TOL_DISPLACEMENT 1200
GEOM_OPT_TOL_ENERGY       100
SYMMETRY                  False
THRESH                    12
SCF_CONVERGENCE           8
MAX_SUB_FILE_NUM          128
MEM_STATIC                400
MEM_TOTAL                 4000
$end
