$molecule
0  1
O -3.94934 -3.66094 2.70899
C -3.26408 -4.56952 2.26188
C -3.36658 -6.02376 2.66595
C -3.70145 -6.32248 4.13649
C -4.07128 -5.13576 4.99846
O -4.9229 -5.53039 5.99065
C -5.23595 -4.48223 6.91402
C -4.76238 -4.85675 8.31459
O -5.69913 -4.37782 9.29234
C -5.16667 -4.03717 10.49217
C -6.20336 -3.56276 11.48256
C -7.38208 -2.79417 10.86762
C -7.54059 -2.91874 9.3656
O -8.58405 -2.76394 8.74772
O -2.22556 -4.25597 1.44315
O -6.50131 -2.25138 8.76321
O -3.96623 -3.91677 10.70209
C -6.58032 -1.50981 7.59648
C -6.94975 -4.74403 12.13781
C -7.52927 -4.30024 13.47933
C -8.62569 -3.36588 13.01312
C -8.54575 -3.58926 11.49731
O -8.10773 -4.91771 11.36329
H -5.67567 -3.008 12.29171
H -7.41362 -1.71562 11.13884
H -6.31341 -5.6462 12.27349
H -7.99878 -5.20057 13.93735
H -6.80707 -3.86062 14.20043
H -9.59338 -3.72909 13.4249
H -8.47779 -2.29398 13.26785
H -9.5271 -3.35506 11.02878
O -3.29862 -4.19277 5.1351
C -1.93455 -2.97918 1.0103
C -4.57447 -6.68012 1.96319
C -4.35362 -8.18564 1.85184
C -4.50344 -8.59288 3.2992
C -4.92498 -7.25382 3.91979
O -5.62301 -6.59914 2.89346
H -2.44878 -6.54322 2.30648
H -2.86995 -6.84731 4.65669
H -1.71721 -2.32048 1.8782
H -4.78418 -6.25451 0.95662
H -5.21523 -8.59393 1.27578
H -3.40672 -8.50292 1.36445
H -5.32183 -9.34394 3.36694
H -3.58251 -8.98793 3.78029
H -5.50854 -7.46629 4.84016
H -2.78885 -2.5681 0.43094
H -1.04072 -3.01229 0.35421
H -5.57509 -1.11177 7.34871
H -7.27344 -0.65372 7.7393
H -6.9438 -2.13507 6.7547
H -4.82967 -5.96447 8.38719
H -3.69305 -4.58632 8.45914
H -6.34648 -4.45886 6.92611
H -4.90244 -3.45474 6.65221
$end

$opt
CONSTRAINT
tors           1           2           3           4     -35.319
tors           3           4           5           6    +150.857
tors           4           5           6           7    +175.333
tors           5           6           7           8    -118.278
tors           6           7           8           9    -143.392
tors           7           8           9          10    -148.818
tors           8           9          10          11    -179.090
tors           9          10          11          12     -33.782
tors          11          12          13          14    +155.668
ENDCONSTRAINT
$end

$rem
JOBTYPE                   OPT
METHOD                    B3LYP
DFT_D                     d3_op
BASIS                     STO-3G
GEOM_OPT_MAX_CYCLES       100
GEOM_OPT_TOL_GRADIENT     300
GEOM_OPT_TOL_DISPLACEMENT 1200
GEOM_OPT_TOL_ENERGY       100
SYMMETRY                  False
THRESH                    12
SCF_CONVERGENCE           8
MAX_SUB_FILE_NUM          128
MEM_STATIC                400
MEM_TOTAL                 4000
$end
