$molecule
0  1
O -3.94934 -3.66094 2.70899
C -3.26408 -4.56952 2.26188
C -3.36658 -6.02376 2.66595
C -2.86427 -6.40011 4.06948
C -2.48026 -5.25351 4.97828
O -2.82714 -5.54621 6.26646
C -2.20128 -4.68881 7.22688
C -1.00065 -5.3899 7.85384
O -0.89957 -5.03923 9.24297
C 0.29866 -4.53712 9.63192
C 0.64131 -4.87465 11.06347
C 1.34091 -3.75203 11.84358
C 1.27473 -2.37284 11.21896
O 0.34741 -1.585 11.33705
O -2.40912 -4.29571 1.24114
O 2.37614 -1.98569 10.52351
O 1.1596 -4.15789 8.84692
C 2.50861 -0.76583 9.89405
C -0.55111 -5.16927 12.00538
C -0.07853 -6.02475 13.18101
C 0.74132 -5.01529 13.9565
C 0.48335 -3.75531 13.12419
O -0.82007 -3.93658 12.62449
H 1.29093 -5.77726 11.007
H 2.41092 -3.9745 12.05443
H -1.41352 -5.66885 11.51544
H -0.98012 -6.28315 13.78189
H 0.45549 -6.95926 12.90464
H 0.2987 -4.9094 14.97194
H 1.82651 -5.24263 14.0354
H 0.64742 -2.84396 13.74107
O -1.63065 -4.42722 4.66413
C -2.2109 -3.03905 0.70851
C -4.82047 -6.51993 2.71275
C -4.85933 -8.03146 2.5086
C -4.27707 -8.5048 3.82213
C -4.12361 -7.16813 4.56057
O -5.18216 -6.38515 4.06501
H -2.79912 -6.60145 1.89995
H -1.97129 -7.06238 4.0214
H -1.82987 -2.34815 1.49077
H -5.48065 -6.01377 1.97441
H -5.93191 -8.32856 2.46706
H -4.34062 -8.40144 1.59811
H -5.03385 -9.14621 4.32672
H -3.31027 -9.04796 3.74665
H -4.13909 -7.37198 5.65188
H -3.16213 -2.64575 0.29034
H -1.46191 -3.10361 -0.10716
H 3.50225 -0.71564 9.40352
H 2.43321 0.05817 10.63543
H 1.72084 -0.64822 9.11938
H -1.22306 -6.47904 7.8617
H -0.09433 -5.26657 7.22084
H -2.96801 -4.57604 8.02349
H -1.97945 -3.64719 6.90091
$end

$opt
CONSTRAINT
tors           1           2           3           4     -71.242
tors           3           4           5           6    +143.760
tors           4           5           6           7    +164.800
tors           5           6           7           8    -100.057
tors           6           7           8           9    -143.392
tors           7           8           9          10    -125.818
tors           8           9          10          11    -148.728
tors           9          10          11          12    -141.614
tors          11          12          13          14     +83.879
ENDCONSTRAINT
$end

$rem
JOBTYPE                   OPT
METHOD                    B3LYP
DFT_D                     d3_op
BASIS                     STO-3G
GEOM_OPT_MAX_CYCLES       100
GEOM_OPT_TOL_GRADIENT     300
GEOM_OPT_TOL_DISPLACEMENT 1200
GEOM_OPT_TOL_ENERGY       100
SYMMETRY                  False
THRESH                    12
SCF_CONVERGENCE           8
MAX_SUB_FILE_NUM          128
MEM_STATIC                400
MEM_TOTAL                 4000
$end
