$molecule
0  1
O -3.94934 -3.66094 2.70899
C -3.26408 -4.56952 2.26188
C -3.36658 -6.02376 2.66595
C -2.86427 -6.40011 4.06948
C -2.48026 -5.25351 4.97828
O -2.89814 -5.51155 6.25273
C -2.39514 -4.57445 7.21089
C -1.91797 -5.30603 8.46118
O -2.21935 -4.52656 9.62929
C -1.14469 -4.05383 10.30809
C -1.52622 -3.26199 11.53614
C -2.305 -1.9684 11.25613
C -2.89008 -1.83748 9.86428
O -3.89988 -1.21163 9.57586
O -2.40814 -4.29537 1.24206
O -1.94925 -1.89817 8.88007
O 0.02165 -4.28691 10.01578
C -2.06355 -1.28603 7.64478
C -2.4937 -3.99657 12.48091
C -2.36434 -3.42538 13.89145
C -2.99157 -2.05901 13.70057
C -3.47015 -2.17511 12.24773
O -3.76704 -3.54273 12.0941
H -0.58029 -3.04077 12.08203
H -1.71737 -1.04629 11.46016
H -2.34512 -5.09855 12.49026
H -3.02754 -4.03295 14.5483
H -1.33684 -3.42005 14.31466
H -3.85513 -1.97071 14.39662
H -2.30326 -1.19636 13.83374
H -4.31345 -1.47239 12.06962
O -1.6326 -4.42417 4.66827
C -2.20775 -3.0381 0.71168
C -4.81934 -6.52508 2.71494
C -4.85297 -8.03517 2.50028
C -4.25903 -8.5156 3.80629
C -4.11403 -7.18451 4.55692
O -5.17833 -6.40379 4.06988
H -2.79923 -6.60109 1.89946
H -1.96283 -7.04997 4.0116
H -1.82611 -2.34916 1.4954
H -5.48432 -6.01631 1.98278
H -5.92504 -8.33499 2.46509
H -4.34077 -8.39849 1.58345
H -5.00587 -9.1711 4.30749
H -3.28618 -9.04627 3.72032
H -4.12348 -7.39816 5.64655
H -3.15811 -2.64258 0.29366
H -1.45831 -3.10237 -0.10361
H -1.15408 -1.4963 7.04578
H -2.14947 -0.18602 7.7737
H -2.95553 -1.66185 7.10082
H -2.52218 -6.23145 8.57792
H -0.86579 -5.64239 8.33001
H -3.29694 -4.00152 7.51598
H -1.63286 -3.83999 6.88067
$end

$opt
CONSTRAINT
tors           1           2           3           4     -71.242
tors           3           4           5           6    +140.182
tors           4           5           6           7    +170.941
tors           5           6           7           8    -136.330
tors           6           7           8           9    -143.392
tors           7           8           9          10    -113.947
tors           8           9          10          11    -179.090
tors           9          10          11          12     -64.182
tors          11          12          13          14    +150.844
ENDCONSTRAINT
$end

$rem
JOBTYPE                   OPT
METHOD                    B3LYP
DFT_D                     d3_op
BASIS                     STO-3G
GEOM_OPT_MAX_CYCLES       100
GEOM_OPT_TOL_GRADIENT     300
GEOM_OPT_TOL_DISPLACEMENT 1200
GEOM_OPT_TOL_ENERGY       100
SYMMETRY                  False
THRESH                    12
SCF_CONVERGENCE           8
MAX_SUB_FILE_NUM          128
MEM_STATIC                400
MEM_TOTAL                 4000
$end
