$molecule
0  1
O -3.94934 -3.66094 2.70899
C -3.26408 -4.56952 2.26188
C -3.36658 -6.02376 2.66595
C -2.69072 -6.43612 3.98391
C -2.1407 -5.31613 4.83902
O -2.79955 -5.27888 6.03482
C -2.27167 -4.3021 6.93842
C -1.58146 -4.99009 8.11163
O -1.59188 -4.12738 9.25989
C -0.37641 -3.68652 9.66906
C -0.4523 -2.7997 10.88907
C -0.59375 -1.29983 10.59131
C -0.99243 -0.94233 9.17358
O -2.07826 -0.49478 8.83411
O -2.43824 -4.30303 1.21554
O -0.03712 -1.1196 8.22344
O 0.6476 -3.78213 9.00373
C -0.17588 -0.74893 6.90191
C -1.70134 -3.02082 11.77781
C -1.40704 -2.55821 13.20388
C -1.35029 -1.05861 13.0058
C -1.76845 -0.96257 11.53356
O -2.62847 -2.05848 11.34431
H 0.43593 -3.0493 11.51229
H 0.31869 -0.7128 10.83513
H -2.05603 -4.0747 11.79011
H -2.30768 -2.80259 13.81214
H -0.51155 -3.0071 13.68491
H -2.1089 -0.58848 13.6702
H -0.35423 -0.59414 13.17261
H -2.20279 0.04032 11.32574
O -1.20619 -4.59849 4.50275
C -2.2485 -3.04876 0.67422
C -4.81408 -6.48694 2.90628
C -4.92064 -7.99139 2.674
C -4.16538 -8.51402 3.87682
C -3.88183 -7.20242 4.6222
O -4.98122 -6.38538 4.29978
H -2.92669 -6.60771 1.82447
H -1.83384 -7.12488 3.8127
H -1.84098 -2.35849 1.44366
H -5.55815 -5.94646 2.2809
H -5.99551 -8.26182 2.78361
H -4.55169 -8.35018 1.68908
H -4.85304 -9.16108 4.46579
H -3.22864 -9.06641 3.64716
H -3.73252 -7.43046 5.69992
H -3.20901 -2.65067 0.28274
H -1.52355 -3.11944 -0.16239
H 0.74476 -1.02434 6.34792
H -0.32287 0.34975 6.82881
H -1.04173 -1.2673 6.44139
H -2.18323 -5.87803 8.40149
H -0.58722 -5.37633 7.7935
H -3.15479 -3.74947 7.32483
H -1.5937 -3.53301 6.51219
$end

$opt
CONSTRAINT
tors           1           2           3           4     -79.495
tors           3           4           5           6    +116.808
tors           4           5           6           7    +175.903
tors           5           6           7           8    -110.859
tors           6           7           8           9    -154.170
tors           7           8           9          10    -113.947
tors           8           9          10          11    -179.255
tors           9          10          11          12     -90.839
tors          11          12          13          14    +109.140
ENDCONSTRAINT
$end

$rem
JOBTYPE                   OPT
METHOD                    B3LYP
DFT_D                     d3_op
BASIS                     STO-3G
GEOM_OPT_MAX_CYCLES       100
GEOM_OPT_TOL_GRADIENT     300
GEOM_OPT_TOL_DISPLACEMENT 1200
GEOM_OPT_TOL_ENERGY       100
SYMMETRY                  False
THRESH                    12
SCF_CONVERGENCE           8
MAX_SUB_FILE_NUM          128
MEM_STATIC                400
MEM_TOTAL                 4000
$end
