$molecule
0  1
O -3.94934 -3.66094 2.70899
C -3.26408 -4.56952 2.26188
C -3.36658 -6.02376 2.66595
C -3.35583 -6.33723 4.1711
C -3.42291 -5.15116 5.10749
O -4.17082 -5.46848 6.20539
C -4.13816 -4.45907 7.21992
C -3.61192 -5.04389 8.52651
O -3.8615 -4.13101 9.6069
C -2.75794 -3.58763 10.1779
C -3.08494 -2.655 11.31979
C -4.02276 -1.49374 10.95887
C -4.76707 -1.62913 9.64572
O -5.98281 -1.6507 9.51902
O -2.28425 -4.26767 1.36969
O -4.00885 -1.45271 8.53119
O -1.60646 -3.79896 9.81789
C -4.51944 -1.08087 7.30204
C -3.87472 -3.32134 12.4632
C -3.63823 -2.55138 13.76064
C -4.38945 -1.26809 13.46683
C -5.03121 -1.62746 12.11991
O -5.22099 -3.02025 12.18946
H -2.11502 -2.28577 11.72574
H -3.50653 -0.50859 10.94667
H -3.62947 -4.3975 12.59835
H -4.17781 -3.1047 14.56275
H -2.57639 -2.42006 14.06081
H -5.16087 -1.12618 14.25587
H -3.75828 -0.35724 13.37923
H -5.94699 -1.0169 11.95999
O -2.58561 -4.25602 5.07091
C -2.02198 -2.9963 0.90386
C -4.73014 -6.61729 2.25773
C -4.60336 -8.12719 2.08169
C -4.42457 -8.55862 3.51968
C -4.63258 -7.21867 4.23978
O -5.52501 -6.51709 3.41268
H -2.56726 -6.57581 2.11971
H -2.44213 -6.90292 4.45877
H -1.74551 -2.32882 1.74796
H -5.1512 -6.1606 1.33474
H -5.5921 -8.49158 1.72051
H -3.81112 -8.46888 1.38136
H -5.23406 -9.28011 3.76988
H -3.43345 -8.99827 3.7646
H -4.9884 -7.43089 5.26994
H -2.91299 -2.58968 0.3793
H -1.17467 -3.03824 0.18916
H -3.69275 -1.02711 6.56425
H -4.99297 -0.07891 7.37798
H -5.2754 -1.81156 6.94786
H -4.16599 -5.97956 8.75347
H -2.54811 -5.33351 8.3786
H -5.18853 -4.14068 7.38819
H -3.54719 -3.55011 6.99039
$end

$opt
CONSTRAINT
tors           1           2           3           4     -49.925
tors           3           4           5           6    +143.760
tors           4           5           6           7    +172.333
tors           5           6           7           8    -121.677
tors           6           7           8           9    -166.983
tors           7           8           9          10    -113.711
tors           8           9          10          11    -179.090
tors           9          10          11          12     -56.814
tors          11          12          13          14    +119.901
ENDCONSTRAINT
$end

$rem
JOBTYPE                   OPT
METHOD                    B3LYP
DFT_D                     d3_op
BASIS                     STO-3G
GEOM_OPT_MAX_CYCLES       100
GEOM_OPT_TOL_GRADIENT     300
GEOM_OPT_TOL_DISPLACEMENT 1200
GEOM_OPT_TOL_ENERGY       100
SYMMETRY                  False
THRESH                    12
SCF_CONVERGENCE           8
MAX_SUB_FILE_NUM          128
MEM_STATIC                400
MEM_TOTAL                 4000
$end
