$molecule
0  1
O -3.94934 -3.66094 2.70899
C -3.26408 -4.56952 2.26188
C -3.36658 -6.02376 2.66595
C -3.50724 -6.32784 4.16648
C -3.70839 -5.13879 5.07961
O -4.93306 -5.21621 5.67929
C -5.12913 -4.22143 6.68985
C -5.64243 -4.86864 7.97195
O -6.21157 -3.86834 8.83123
C -5.54735 -3.65164 9.99355
C -6.20621 -2.60615 10.86162
C -6.34093 -1.21955 10.21551
C -6.13725 -1.16728 8.71468
O -6.91355 -0.6715 7.91087
O -2.25191 -4.26069 1.40899
O -4.86139 -1.39521 8.30241
O -4.52783 -4.23716 10.33688
C -4.34835 -0.95224 7.0978
C -7.67715 -2.90827 11.20753
C -8.05259 -2.19156 12.5027
C -8.05224 -0.74893 12.03667
C -7.82582 -0.94536 10.53157
O -8.42172 -2.19013 10.25371
H -5.61929 -2.55485 11.80763
H -5.64782 -0.47462 10.66489
H -7.89624 -3.99564 11.28549
H -9.09943 -2.48918 12.73983
H -7.40618 -2.40535 13.38093
H -9.0566 -0.3157 12.24009
H -7.26062 -0.10657 12.47991
H -8.2281 -0.07428 9.96942
O -2.86117 -4.27259 5.26467
C -1.97356 -2.98597 0.96195
C -4.6655 -6.66645 2.1302
C -4.46183 -8.16926 1.96129
C -4.38759 -8.60252 3.40875
C -4.73048 -7.28009 4.10989
O -5.57213 -6.61444 3.20375
H -2.50734 -6.55859 2.19934
H -2.61322 -6.85892 4.56104
H -1.72863 -2.32409 1.82007
H -5.01727 -6.22051 1.17366
H -5.40211 -8.56875 1.51711
H -3.60202 -8.47872 1.329
H -5.17235 -9.37163 3.58374
H -3.39756 -8.98446 3.73973
H -5.15804 -7.50393 5.1116
H -2.84512 -2.57623 0.40794
H -1.10065 -3.0226 0.27845
H -3.29392 -1.28423 7.00523
H -4.37419 0.15771 7.06158
H -4.93328 -1.35689 6.24574
H -6.46448 -5.57024 7.71454
H -4.82813 -5.48455 8.41367
H -5.93134 -3.54945 6.31701
H -4.24525 -3.60636 6.95185
$end

$opt
CONSTRAINT
tors           1           2           3           4     -43.563
tors           3           4           5           6    +116.094
tors           4           5           6           7    +172.333
tors           5           6           7           8    -130.399
tors           6           7           8           9    -162.814
tors           7           8           9          10    -113.711
tors           8           9          10          11    -179.090
tors           9          10          11          12     -59.529
tors          11          12          13          14    +127.436
ENDCONSTRAINT
$end

$rem
JOBTYPE                   OPT
METHOD                    B3LYP
DFT_D                     d3_op
BASIS                     STO-3G
GEOM_OPT_MAX_CYCLES       100
GEOM_OPT_TOL_GRADIENT     300
GEOM_OPT_TOL_DISPLACEMENT 1200
GEOM_OPT_TOL_ENERGY       100
SYMMETRY                  False
THRESH                    12
SCF_CONVERGENCE           8
MAX_SUB_FILE_NUM          128
MEM_STATIC                400
MEM_TOTAL                 4000
$end
