$molecule
0  1
O -3.94934 -3.66094 2.70899
C -3.26408 -4.56952 2.26188
C -3.36658 -6.02376 2.66595
C -3.28771 -6.34293 4.16787
C -3.29375 -5.15956 5.11004
O -4.10257 -5.42161 6.17895
C -4.02596 -4.4226 7.20138
C -2.92094 -4.76968 8.19364
O -3.04105 -3.94947 9.36655
C -2.03086 -3.06717 9.56705
C -2.20383 -2.25081 10.82574
C -3.33801 -1.21669 10.77583
C -4.33895 -1.38752 9.65083
O -5.53887 -1.57419 9.79195
O -2.29964 -4.27085 1.35198
O -3.87315 -1.1214 8.4019
O -1.01056 -3.00885 8.89178
C -4.68557 -0.85937 7.31604
C -2.59118 -3.05977 12.07688
C -2.15869 -2.30125 13.32987
C -3.13445 -1.14106 13.30881
C -4.0193 -1.54443 12.12192
O -3.99286 -2.95261 12.13976
H -1.22957 -1.74064 11.00697
H -2.96468 -0.17015 10.72283
H -2.17431 -4.09056 12.07982
H -2.3998 -2.95355 14.19986
H -1.08545 -2.01656 13.37415
H -3.71266 -1.15361 14.25931
H -2.67893 -0.13938 13.15138
H -5.02181 -1.07254 12.21727
O -2.44527 -4.275 5.07694
C -2.04504 -3.00106 0.8777
C -4.74904 -6.61332 2.31985
C -4.6305 -8.12157 2.12551
C -4.37594 -8.56483 3.54904
C -4.55358 -7.23251 4.2918
O -5.4867 -6.526 3.51441
H -2.59215 -6.57895 2.08766
H -2.35643 -6.90462 4.40198
H -1.75421 -2.33102 1.71493
H -5.21501 -6.14823 1.42316
H -5.63707 -8.48309 1.81407
H -3.87673 -8.45825 1.38165
H -5.16651 -9.29464 3.83309
H -3.3705 -8.99924 3.73879
H -4.85436 -7.4547 5.33749
H -2.94466 -2.59582 0.36696
H -1.20992 -3.0455 0.14894
H -4.05497 -0.71138 6.41549
H -5.27067 0.06714 7.49816
H -5.38927 -1.699 7.13597
H -3.04631 -5.82442 8.51897
H -1.9417 -4.71598 7.67058
H -4.9905 -4.44876 7.75182
H -3.90788 -3.39633 6.79961
$end

$opt
CONSTRAINT
tors           1           2           3           4     -52.792
tors           3           4           5           6    +137.682
tors           4           5           6           7    +172.333
tors           5           6           7           8     -89.217
tors           6           7           8           9    -166.983
tors           7           8           9          10    -113.711
tors           8           9          10          11    -179.090
tors           9          10          11          12     -70.333
tors          11          12          13          14    +119.901
ENDCONSTRAINT
$end

$rem
JOBTYPE                   OPT
METHOD                    B3LYP
DFT_D                     d3_op
BASIS                     STO-3G
GEOM_OPT_MAX_CYCLES       100
GEOM_OPT_TOL_GRADIENT     300
GEOM_OPT_TOL_DISPLACEMENT 1200
GEOM_OPT_TOL_ENERGY       100
SYMMETRY                  False
THRESH                    12
SCF_CONVERGENCE           8
MAX_SUB_FILE_NUM          128
MEM_STATIC                400
MEM_TOTAL                 4000
$end
