$molecule
0  1
O -3.94934 -3.66094 2.70899
C -3.26408 -4.56952 2.26188
C -3.36658 -6.02376 2.66595
C -3.28771 -6.34293 4.16787
C -3.29375 -5.15956 5.11004
O -4.23173 -5.34739 6.0849
C -4.15953 -4.37294 7.13108
C -3.03816 -4.72672 8.10243
O -2.97079 -3.74653 9.15009
C -1.78379 -3.1017 9.26986
C -1.76924 -2.10117 10.40096
C -2.84011 -1.00434 10.30878
C -3.96723 -1.26197 9.32901
O -5.15998 -1.22116 9.59405
O -2.29931 -4.27066 1.35239
O -3.60862 -1.18729 8.01964
O -0.80395 -3.29109 8.55959
C -4.47941 -0.8388 7.0037
C -2.09543 -2.70787 11.7797
C -1.48742 -1.83556 12.87581
C -2.36625 -0.60447 12.77558
C -3.39718 -1.08517 11.74535
O -3.4717 -2.47494 11.95541
H -0.74382 -1.66609 10.43685
H -2.40921 -0.00974 10.05898
H -1.75748 -3.76174 11.88765
H -1.69824 -2.3462 13.84303
H -0.39552 -1.64535 12.79579
H -2.83833 -0.43033 13.76786
H -1.85348 0.31838 12.42753
H -4.34766 -0.5208 11.86682
O -2.43512 -4.28421 5.10628
C -2.04446 -3.00073 0.87858
C -4.74708 -6.62105 2.32203
C -4.61774 -8.12745 2.1196
C -4.34972 -8.57589 3.53952
C -4.53997 -7.24999 4.29097
O -5.48221 -6.54831 3.51988
H -2.59072 -6.57762 2.08818
H -2.35112 -6.89637 4.40021
H -1.7539 -2.33096 1.71611
H -5.22001 -6.15459 1.42978
H -5.624 -8.49449 1.8136
H -3.86733 -8.4561 1.36879
H -5.12821 -9.31863 3.82315
H -3.33704 -8.9967 3.72125
H -4.83004 -7.47814 5.33886
H -2.94388 -2.59527 0.36765
H -1.20909 -3.045 0.1501
H -3.94372 -0.88019 6.03305
H -4.84777 0.19713 7.16223
H -5.34917 -1.52913 6.97161
H -3.26269 -5.71456 8.55807
H -2.09284 -4.8562 7.53582
H -5.11737 -4.37787 7.69321
H -4.02373 -3.36305 6.70911
$end

$opt
CONSTRAINT
tors           1           2           3           4     -52.792
tors           3           4           5           6    +129.819
tors           4           5           6           7    +170.931
tors           5           6           7           8     -79.720
tors           6           7           8           9    -179.965
tors           7           8           9          10    -121.459
tors           8           9          10          11    -179.090
tors           9          10          11          12     -58.185
tors          11          12          13          14    +126.717
ENDCONSTRAINT
$end

$rem
JOBTYPE                   OPT
METHOD                    B3LYP
DFT_D                     d3_op
BASIS                     STO-3G
GEOM_OPT_MAX_CYCLES       100
GEOM_OPT_TOL_GRADIENT     300
GEOM_OPT_TOL_DISPLACEMENT 1200
GEOM_OPT_TOL_ENERGY       100
SYMMETRY                  False
THRESH                    12
SCF_CONVERGENCE           8
MAX_SUB_FILE_NUM          128
MEM_STATIC                400
MEM_TOTAL                 4000
$end
