$molecule
0  1
O -3.94934 -3.66094 2.70899
C -3.26408 -4.56952 2.26188
C -3.36658 -6.02376 2.66595
C -3.27083 -6.34448 4.16656
C -3.26169 -5.16191 5.10971
O -4.33257 -5.23377 5.95438
C -4.22592 -4.34985 7.07534
C -3.13719 -4.83601 8.02636
O -3.04009 -3.95029 9.15285
C -1.91142 -3.20061 9.20957
C -1.85885 -2.30749 10.42622
C -3.02934 -1.32202 10.55688
C -4.23318 -1.60608 9.68122
O -5.38623 -1.71092 10.0737
O -2.30271 -4.27135 1.34854
O -4.03825 -1.37203 8.35636
O -1.01463 -3.21572 8.37522
C -5.05739 -1.07363 7.47074
C -1.96562 -3.0632 11.76495
C -1.31865 -2.2324 12.87094
C -2.31386 -1.09485 12.98716
C -3.40745 -1.58661 12.02932
O -3.32811 -2.98977 12.10767
H -0.88113 -1.77355 10.39461
H -2.72364 -0.27006 10.36381
H -1.52121 -4.08197 11.73162
H -1.3675 -2.84502 13.79991
H -0.26587 -1.92393 12.69394
H -2.68285 -1.05913 14.03615
H -1.93261 -0.09667 12.68054
H -4.38578 -1.13617 12.30621
O -2.38085 -4.30966 5.13584
C -2.04976 -3.00184 0.87258
C -4.74966 -6.62092 2.33394
C -4.62269 -8.12789 2.1319
C -4.34551 -8.5758 3.55042
C -4.52462 -7.24815 4.30099
O -5.47366 -6.54625 3.53806
H -2.59501 -6.57714 2.08212
H -2.34309 -6.9125 4.39882
H -1.7562 -2.33125 1.70841
H -5.22965 -6.15458 1.44543
H -5.63076 -8.49537 1.83256
H -3.87687 -8.45641 1.37647
H -5.12588 -9.31341 3.84208
H -3.33383 -9.00207 3.72462
H -4.7996 -7.46797 5.35537
H -2.95108 -2.59698 0.36455
H -1.21705 -3.04671 0.1411
H -4.63158 -0.93656 6.45552
H -5.55785 -0.1294 7.77417
H -5.80774 -1.89194 7.44372
H -3.40254 -5.84779 8.39963
H -2.17737 -4.96976 7.48711
H -5.19254 -4.34123 7.62178
H -4.00801 -3.32448 6.72254
$end

$opt
CONSTRAINT
tors           1           2           3           4     -53.504
tors           3           4           5           6    +119.479
tors           4           5           6           7    +165.669
tors           5           6           7           8     -70.163
tors           6           7           8           9    -179.652
tors           7           8           9          10    -110.515
tors           8           9          10          11    -179.090
tors           9          10          11          12     -58.185
tors          11          12          13          14    +126.717
ENDCONSTRAINT
$end

$rem
JOBTYPE                   OPT
METHOD                    B3LYP
DFT_D                     d3_op
BASIS                     STO-3G
GEOM_OPT_MAX_CYCLES       100
GEOM_OPT_TOL_GRADIENT     300
GEOM_OPT_TOL_DISPLACEMENT 1200
GEOM_OPT_TOL_ENERGY       100
SYMMETRY                  False
THRESH                    12
SCF_CONVERGENCE           8
MAX_SUB_FILE_NUM          128
MEM_STATIC                400
MEM_TOTAL                 4000
$end
