$molecule
0  1
O -3.94934 -3.66094 2.70899
C -3.26408 -4.56952 2.26188
C -3.36658 -6.02376 2.66595
C -3.28771 -6.34293 4.16787
C -3.29375 -5.15956 5.11004
O -4.29266 -5.30415 6.0302
C -4.23579 -4.33302 7.0804
C -3.12152 -4.68383 8.06093
O -3.10255 -3.73588 9.13978
C -1.90214 -3.15389 9.38359
C -1.94227 -2.18519 10.54146
C -3.09259 -1.16885 10.4956
C -4.21411 -1.48355 9.52613
O -5.373 -1.71985 9.83547
O -2.29919 -4.27063 1.35251
O -3.93963 -1.21758 8.22166
O -0.89583 -3.30619 8.70212
C -4.90853 -0.92326 7.28072
C -2.22063 -2.86983 11.89554
C -1.66596 -2.00487 13.02531
C -2.62445 -0.83234 12.97625
C -3.62774 -1.34351 11.93343
O -3.60688 -2.74125 12.08825
H -0.94265 -1.69629 10.5999
H -2.7532 -0.12934 10.29254
H -1.81058 -3.90156 11.96
H -1.8389 -2.56778 13.97085
H -0.58937 -1.73932 12.95279
H -3.0986 -0.72616 13.97708
H -2.17703 0.13441 12.65855
H -4.61411 -0.85102 12.08133
O -2.43168 -4.28781 5.11826
C -2.04442 -3.00075 0.87856
C -4.74619 -6.62324 2.32181
C -4.61411 -8.12941 2.11856
C -4.34485 -8.57829 3.53824
C -4.5375 -7.25315 4.29035
O -5.48142 -6.55299 3.51979
H -2.58989 -6.57701 2.08872
H -2.35274 -6.89787 4.40294
H -1.75403 -2.33083 1.71603
H -5.22003 -6.157 1.42994
H -5.61978 -8.49814 1.81263
H -3.86335 -8.45632 1.36735
H -5.12183 -9.32261 3.8218
H -3.33129 -8.9972 3.7194
H -4.82444 -7.48007 5.33964
H -2.94381 -2.59547 0.36744
H -1.20894 -3.04503 0.1502
H -4.42594 -0.77695 6.2926
H -5.43328 0.01451 7.5621
H -5.65453 -1.7425 7.20659
H -3.34883 -5.68447 8.48673
H -2.15685 -4.78798 7.5236
H -5.19953 -4.34804 7.6324
H -4.09368 -3.3203 6.65924
$end

$opt
CONSTRAINT
tors           1           2           3           4     -52.792
tors           3           4           5           6    +125.687
tors           4           5           6           7    +170.923
tors           5           6           7           8     -75.751
tors           6           7           8           9    -177.775
tors           7           8           9          10    -127.528
tors           8           9          10          11    -179.090
tors           9          10          11          12     -48.936
tors          11          12          13          14    +116.032
ENDCONSTRAINT
$end

$rem
JOBTYPE                   OPT
METHOD                    B3LYP
DFT_D                     d3_op
BASIS                     STO-3G
GEOM_OPT_MAX_CYCLES       100
GEOM_OPT_TOL_GRADIENT     300
GEOM_OPT_TOL_DISPLACEMENT 1200
GEOM_OPT_TOL_ENERGY       100
SYMMETRY                  False
THRESH                    12
SCF_CONVERGENCE           8
MAX_SUB_FILE_NUM          128
MEM_STATIC                400
MEM_TOTAL                 4000
$end
