$molecule
0  1
O -3.94934 -3.66094 2.70899
C -3.26408 -4.56952 2.26188
C -3.36658 -6.02376 2.66595
C -3.28771 -6.34293 4.16787
C -3.29375 -5.15956 5.11004
O -4.35425 -5.25305 5.96562
C -4.2076 -4.44065 7.13513
C -3.38636 -5.17801 8.18774
O -3.24309 -4.35894 9.35884
C -1.9669 -4.07582 9.71984
C -1.8828 -3.21597 10.95849
C -2.64531 -1.88554 10.87592
C -3.64907 -1.7682 9.74659
O -4.80493 -1.3872 9.86235
O -2.29871 -4.2705 1.35305
O -3.08367 -1.67525 8.51332
O -0.96588 -4.45012 9.12135
C -3.65035 -0.98204 7.4588
C -2.542 -3.84807 12.2004
C -1.91642 -3.25952 13.46302
C -2.45905 -1.84514 13.41244
C -3.41058 -1.95836 12.21367
O -3.83671 -3.29936 12.23693
H -0.80089 -3.05748 11.17375
H -1.96398 -1.0092 10.80392
H -2.47837 -4.95816 12.21535
H -2.3816 -3.78919 14.32545
H -0.81083 -3.33974 13.54094
H -3.01764 -1.65118 14.35485
H -1.69972 -1.05049 13.24599
H -4.21104 -1.19029 12.29064
O -2.38899 -4.3352 5.17493
C -2.04387 -3.0006 0.87916
C -4.74521 -6.62221 2.31797
C -4.61467 -8.12903 2.1179
C -4.3536 -8.57581 3.53957
C -4.54285 -7.24784 4.2872
O -5.48346 -6.54724 3.51314
H -2.58836 -6.57613 2.09008
H -2.36349 -6.91141 4.41294
H -1.75407 -2.33056 1.71674
H -5.21514 -6.15686 1.42355
H -5.61892 -8.49745 1.80702
H -3.85982 -8.45723 1.37136
H -5.13654 -9.31416 3.8224
H -3.34359 -9.00092 3.72586
H -4.8313 -7.46949 5.33754
H -2.94304 -2.59551 0.36749
H -1.20797 -3.04479 0.15128
H -2.99946 -1.0792 6.5656
H -3.73726 0.09455 7.71845
H -4.66011 -1.37959 7.22029
H -3.91958 -6.1109 8.46919
H -2.4265 -5.48908 7.72205
H -5.21436 -4.24114 7.55946
H -3.76077 -3.4661 6.88813
$end

$opt
CONSTRAINT
tors           1           2           3           4     -52.792
tors           3           4           5           6    +121.100
tors           4           5           6           7    +161.245
tors           5           6           7           8     -84.132
tors           6           7           8           9    -179.965
tors           7           8           9          10    -121.459
tors           8           9          10          11    -179.838
tors           9          10          11          12     -56.173
tors          11          12          13          14    +131.053
ENDCONSTRAINT
$end

$rem
JOBTYPE                   OPT
METHOD                    B3LYP
DFT_D                     d3_op
BASIS                     STO-3G
GEOM_OPT_MAX_CYCLES       100
GEOM_OPT_TOL_GRADIENT     300
GEOM_OPT_TOL_DISPLACEMENT 1200
GEOM_OPT_TOL_ENERGY       100
SYMMETRY                  False
THRESH                    12
SCF_CONVERGENCE           8
MAX_SUB_FILE_NUM          128
MEM_STATIC                400
MEM_TOTAL                 4000
$end
