$molecule
0  1
O -3.94934 -3.66094 2.70899
C -3.26408 -4.56952 2.26188
C -3.36658 -6.02376 2.66595
C -3.1787 -6.35398 4.15575
C -3.08612 -5.1767 5.10102
O -3.95074 -5.34997 6.14401
C -3.81554 -4.35019 7.1596
C -2.62451 -4.67015 8.05693
O -2.59778 -3.76866 9.17473
C -1.37223 -3.2985 9.51549
C -1.37671 -2.53339 10.8175
C -2.28621 -1.2962 10.83818
C -3.30569 -1.20678 9.72042
O -4.50822 -1.04446 9.86919
O -2.3257 -4.27638 1.32332
O -2.79281 -1.04969 8.47027
O -0.34205 -3.50537 8.88609
C -3.51706 -0.59291 7.38726
C -1.94172 -3.32334 12.01468
C -1.36805 -2.75862 13.31246
C -2.06717 -1.41434 13.36835
C -3.01844 -1.54826 12.17151
O -3.2897 -2.92782 12.10006
H -0.31839 -2.26182 11.03742
H -1.70315 -0.34925 10.81935
H -1.75346 -4.41722 11.94821
H -1.75809 -3.39763 14.13724
H -0.25946 -2.7185 13.37746
H -2.62928 -1.3522 14.32644
H -1.40442 -0.52918 13.25429
H -3.89888 -0.88266 12.3072
O -2.22085 -4.31124 5.02983
C -2.08399 -3.00932 0.83518
C -4.77429 -6.60122 2.41791
C -4.68044 -8.10889 2.20543
C -4.32395 -8.56488 3.60357
C -4.43627 -7.23748 4.36777
O -5.42008 -6.51924 3.6659
H -2.63502 -6.58385 2.0384
H -2.23867 -6.92783 4.31287
H -1.76969 -2.33501 1.66041
H -5.30159 -6.12519 1.562
H -5.7096 -8.46207 1.96685
H -3.98597 -8.4445 1.40548
H -5.09652 -9.29138 3.94058
H -3.31051 -9.00784 3.71461
H -4.65451 -7.4627 5.43353
H -2.99729 -2.60629 0.34749
H -1.26951 -3.05815 0.0837
H -2.87118 -0.60284 6.48548
H -3.85582 0.44852 7.57311
H -4.40621 -1.23179 7.20888
H -2.78138 -5.69531 8.45648
H -1.69124 -4.69072 7.45588
H -4.72712 -4.38755 7.79342
H -3.75651 -3.33112 6.72715
$end

$opt
CONSTRAINT
tors           1           2           3           4     -57.412
tors           3           4           5           6    +129.755
tors           4           5           6           7    +173.444
tors           5           6           7           8     -79.720
tors           6           7           8           9    -172.408
tors           7           8           9          10    -138.356
tors           8           9          10          11    -171.062
tors           9          10          11          12     -60.066
tors          11          12          13          14    +126.717
ENDCONSTRAINT
$end

$rem
JOBTYPE                   OPT
METHOD                    B3LYP
DFT_D                     d3_op
BASIS                     STO-3G
GEOM_OPT_MAX_CYCLES       100
GEOM_OPT_TOL_GRADIENT     300
GEOM_OPT_TOL_DISPLACEMENT 1200
GEOM_OPT_TOL_ENERGY       100
SYMMETRY                  False
THRESH                    12
SCF_CONVERGENCE           8
MAX_SUB_FILE_NUM          128
MEM_STATIC                400
MEM_TOTAL                 4000
$end
