$molecule
0  1
O -3.94934 -3.66094 2.70899
C -3.26408 -4.56952 2.26188
C -3.36658 -6.02376 2.66595
C -3.63086 -6.32354 4.15058
C -3.93982 -5.13516 5.03397
O -5.06246 -5.38422 5.77091
C -5.27173 -4.43078 6.81801
C -4.38108 -4.75761 8.01219
O -4.72782 -3.91889 9.12539
C -3.70497 -3.20643 9.65953
C -4.12826 -2.36241 10.83814
C -5.08378 -1.20918 10.49855
C -5.74735 -1.27975 9.13789
O -6.95104 -1.22094 8.9324
O -2.23274 -4.25699 1.43368
O -4.91256 -1.13261 8.07454
O -2.5321 -3.30117 9.31912
C -5.32264 -0.71934 6.82173
C -4.94149 -3.11163 11.91023
C -4.79195 -2.40025 13.25331
C -5.57931 -1.1314 12.99026
C -6.1429 -1.43899 11.59651
O -6.28401 -2.84025 11.58605
H -3.1933 -1.96936 11.30043
H -4.58601 -0.21652 10.56352
H -4.66373 -4.18432 12.00257
H -5.34324 -3.0125 14.00285
H -3.74934 -2.24595 13.60543
H -6.39334 -1.06242 13.74555
H -4.9819 -0.19397 12.98443
H -7.07142 -0.85216 11.42317
O -3.15082 -4.21808 5.23515
C -1.94482 -2.98053 0.99775
C -4.60957 -6.68979 2.03134
C -4.36527 -8.1879 1.87926
C -4.38876 -8.61915 3.3287
C -4.82031 -7.30671 4.00008
O -5.60016 -6.65802 3.02959
H -2.4681 -6.54752 2.26518
H -2.7444 -6.81153 4.61223
H -1.71952 -2.32165 1.8635
H -4.89462 -6.25087 1.04959
H -5.2639 -8.6034 1.3684
H -3.45703 -8.48365 1.31141
H -5.15983 -9.41301 3.44384
H -3.41529 -8.96971 3.73512
H -5.32682 -7.55188 4.95806
H -2.80387 -2.56911 0.42573
H -1.05674 -3.01441 0.33393
H -4.45386 -0.72724 6.13201
H -5.72263 0.31531 6.87996
H -6.11535 -1.3851 6.42149
H -4.5809 -5.80904 8.31063
H -3.31592 -4.71115 7.703
H -6.32563 -4.52779 7.15534
H -5.13269 -3.39336 6.462
$end

$opt
CONSTRAINT
tors           1           2           3           4     -38.336
tors           3           4           5           6    +130.468
tors           4           5           6           7    +168.273
tors           5           6           7           8     -79.720
tors           6           7           8           9    -171.882
tors           7           8           9          10    -125.239
tors           8           9          10          11    -179.090
tors           9          10          11          12     -67.017
tors          11          12          13          14    +126.207
ENDCONSTRAINT
$end

$rem
JOBTYPE                   OPT
METHOD                    B3LYP
DFT_D                     d3_op
BASIS                     STO-3G
GEOM_OPT_MAX_CYCLES       100
GEOM_OPT_TOL_GRADIENT     300
GEOM_OPT_TOL_DISPLACEMENT 1200
GEOM_OPT_TOL_ENERGY       100
SYMMETRY                  False
THRESH                    12
SCF_CONVERGENCE           8
MAX_SUB_FILE_NUM          128
MEM_STATIC                400
MEM_TOTAL                 4000
$end
