$molecule
0  1
O -3.94934 -3.66094 2.70899
C -3.26408 -4.56952 2.26188
C -3.36658 -6.02376 2.66595
C -3.51264 -6.32759 4.16602
C -3.71853 -5.13851 5.07805
O -4.84016 -5.32318 5.83519
C -5.06755 -4.26511 6.77222
C -4.20935 -4.47111 8.01609
O -4.44201 -3.40751 8.95284
C -3.35585 -2.65827 9.26594
C -3.64035 -1.62586 10.33077
C -4.75779 -0.63071 9.98542
C -5.65013 -1.01648 8.82283
O -6.87144 -0.96234 8.81832
O -2.25162 -4.26068 1.40937
O -5.02635 -1.02329 7.61379
O -2.24558 -2.78343 8.76386
C -5.67686 -0.82713 6.40964
C -4.17838 -2.21677 11.64866
C -3.86747 -1.26144 12.79874
C -4.8066 -0.11633 12.47512
C -5.57548 -0.71696 11.29055
O -5.57684 -2.10094 11.54696
H -2.67946 -1.10199 10.5413
H -4.36441 0.38754 9.77173
H -3.78399 -3.23298 11.86843
H -4.2203 -1.75923 13.73063
H -2.79984 -0.9781 12.92003
H -5.47492 0.04543 13.34976
H -4.31223 0.83722 12.18859
H -6.57402 -0.23566 11.20239
O -2.89894 -4.23805 5.22281
C -1.97299 -2.9859 0.96269
C -4.66615 -6.66654 2.13023
C -4.45972 -8.16798 1.95581
C -4.3774 -8.60505 3.40168
C -4.72871 -7.28766 4.10898
O -5.5725 -6.62164 3.20537
H -2.50777 -6.55979 2.19968
H -2.6036 -6.83924 4.55192
H -1.72825 -2.32423 1.82103
H -5.02067 -6.21834 1.17576
H -5.40194 -8.5671 1.51533
H -3.60315 -8.4754 1.31817
H -5.15338 -9.38327 3.57555
H -3.38243 -8.97757 3.72869
H -5.15862 -7.5245 5.10598
H -2.84434 -2.57594 0.4085
H -1.09987 -3.02247 0.27945
H -4.94196 -0.89618 5.58136
H -6.13857 0.18306 6.38952
H -6.4686 -1.59227 6.26118
H -4.49702 -5.43143 8.49439
H -3.14844 -4.58689 7.71103
H -6.13423 -4.28236 7.08101
H -4.86996 -3.2832 6.30562
$end

$opt
CONSTRAINT
tors           1           2           3           4     -43.335
tors           3           4           5           6    +125.941
tors           4           5           6           7    +177.200
tors           5           6           7           8     -81.518
tors           6           7           8           9    -179.965
tors           7           8           9          10    -119.489
tors           8           9          10          11    -175.658
tors           9          10          11          12     -58.134
tors          11          12          13          14    +133.386
ENDCONSTRAINT
$end

$rem
JOBTYPE                   OPT
METHOD                    B3LYP
DFT_D                     d3_op
BASIS                     STO-3G
GEOM_OPT_MAX_CYCLES       100
GEOM_OPT_TOL_GRADIENT     300
GEOM_OPT_TOL_DISPLACEMENT 1200
GEOM_OPT_TOL_ENERGY       100
SYMMETRY                  False
THRESH                    12
SCF_CONVERGENCE           8
MAX_SUB_FILE_NUM          128
MEM_STATIC                400
MEM_TOTAL                 4000
$end
