$molecule
0  1
O -3.94934 -3.66094 2.70899
C -3.26408 -4.56952 2.26188
C -3.36658 -6.02376 2.66595
C -3.35185 -6.33753 4.171
C -3.41538 -5.1516 5.10781
O -4.3817 -5.3566 6.05101
C -4.4715 -4.29352 7.0055
C -3.37555 -4.43675 8.05645
O -3.57043 -3.47098 9.10153
C -2.51168 -2.66144 9.35223
C -2.77647 -1.67363 10.46343
C -3.88243 -0.6496 10.16932
C -4.78627 -0.97175 8.99629
O -6.00777 -1.00743 9.03154
O -2.28482 -4.26758 1.36908
O -4.18849 -0.92145 7.77588
O -1.41706 -2.74831 8.80937
C -4.86574 -0.68556 6.59463
C -3.30029 -2.30286 11.76824
C -2.96349 -1.38982 12.94515
C -3.8974 -0.22613 12.67592
C -4.68644 -0.77567 11.47994
O -4.69891 -2.16829 11.68819
H -1.80963 -1.16009 10.67267
H -3.4765 0.37122 9.99472
H -2.91367 -3.32996 11.94706
H -3.30562 -1.91555 13.86557
H -1.89137 -1.12009 13.05757
H -4.55461 -0.0929 13.56371
H -3.39887 0.73411 12.42074
H -5.68055 -0.28096 11.42008
O -2.58442 -4.2505 5.12467
C -2.02276 -2.9961 0.90341
C -4.72806 -6.63317 2.26771
C -4.57759 -8.13847 2.07173
C -4.3603 -8.5834 3.50132
C -4.59651 -7.25958 4.24345
O -5.51297 -6.56766 3.43397
H -2.56668 -6.5737 2.11801
H -2.41733 -6.87527 4.44455
H -1.74571 -2.32886 1.74752
H -5.16895 -6.17195 1.3565
H -5.5685 -8.51388 1.72798
H -3.79673 -8.4622 1.35043
H -5.13911 -9.33688 3.75401
H -3.34979 -8.98986 3.72341
H -4.92736 -7.49056 5.27852
H -2.91407 -2.58926 0.37954
H -1.17591 -3.0379 0.18815
H -4.15155 -0.73787 5.74736
H -5.31817 0.32867 6.61729
H -5.67294 -1.43224 6.44124
H -3.46875 -5.44595 8.51167
H -2.37943 -4.40286 7.56975
H -5.44865 -4.38443 7.52586
H -4.44478 -3.30601 6.51097
$end

$opt
CONSTRAINT
tors           1           2           3           4     -50.092
tors           3           4           5           6    +130.648
tors           4           5           6           7    +177.985
tors           5           6           7           8     -79.720
tors           6           7           8           9    -172.795
tors           7           8           9          10    -124.913
tors           8           9          10          11    -179.758
tors           9          10          11          12     -64.175
tors          11          12          13          14    +127.051
ENDCONSTRAINT
$end

$rem
JOBTYPE                   OPT
METHOD                    B3LYP
DFT_D                     d3_op
BASIS                     STO-3G
GEOM_OPT_MAX_CYCLES       100
GEOM_OPT_TOL_GRADIENT     300
GEOM_OPT_TOL_DISPLACEMENT 1200
GEOM_OPT_TOL_ENERGY       100
SYMMETRY                  False
THRESH                    12
SCF_CONVERGENCE           8
MAX_SUB_FILE_NUM          128
MEM_STATIC                400
MEM_TOTAL                 4000
$end
