$molecule
0  1
O -3.94934 -3.66094 2.70899
C -3.26408 -4.56952 2.26188
C -3.36658 -6.02376 2.66595
C -3.41708 -6.33288 4.17119
C -3.53867 -5.14511 5.0999
O -4.62734 -5.29915 5.91013
C -4.77257 -4.24266 6.86511
C -3.89092 -4.50829 8.08096
O -4.1642 -3.53882 9.10484
C -3.07766 -2.90853 9.61602
C -3.42908 -1.91131 10.69431
C -4.20514 -0.67863 10.20799
C -4.81756 -0.78625 8.82594
O -5.9698 -0.49761 8.53682
O -2.27019 -4.26442 1.38649
O -3.9247 -0.90739 7.8066
O -1.91594 -3.18739 9.34553
C -4.18936 -0.55611 6.4969
C -4.3786 -2.44427 11.78362
C -4.18778 -1.6372 13.06601
C -4.78486 -0.3058 12.65363
C -5.32889 -0.66436 11.26434
O -5.65794 -2.02991 11.36766
H -2.46854 -1.60344 11.16863
H -3.57553 0.23841 10.20965
H -4.25283 -3.53092 11.98292
H -4.84642 -2.09956 13.83606
H -3.14877 -1.58922 13.45716
H -5.61148 -0.06077 13.35685
H -4.06618 0.54043 12.59772
H -6.16186 0.02052 10.99326
O -2.6945 -4.26159 5.19846
C -2.00073 -2.99137 0.92938
C -4.7041 -6.64769 2.21033
C -4.52951 -8.15155 2.02237
C -4.36753 -8.59298 3.46031
C -4.65149 -7.27133 4.18941
O -5.54009 -6.5908 3.34061
H -2.54122 -6.56781 2.15102
H -2.49562 -6.865 4.4951
H -1.73762 -2.32682 1.78005
H -5.11026 -6.19212 1.28029
H -5.50127 -8.53745 1.63795
H -3.71603 -8.4681 1.33473
H -5.14657 -9.35625 3.6807
H -3.36209 -8.98584 3.72564
H -5.02119 -7.5024 5.21166
H -2.88347 -2.58296 0.39236
H -1.14231 -3.03072 0.22791
H -3.30852 -0.80016 5.86826
H -4.38213 0.53592 6.43281
H -5.07757 -1.09704 6.10989
H -4.16033 -5.50883 8.4822
H -2.82966 -4.56091 7.75699
H -5.82712 -4.24716 7.21412
H -4.58614 -3.24995 6.41616
$end

$opt
CONSTRAINT
tors           1           2           3           4     -47.352
tors           3           4           5           6    +124.610
tors           4           5           6           7    +177.128
tors           5           6           7           8     -83.093
tors           6           7           8           9    -172.795
tors           7           8           9          10    -129.174
tors           8           9          10          11    -179.526
tors           9          10          11          12     -67.811
tors          11          12          13          14    +131.716
ENDCONSTRAINT
$end

$rem
JOBTYPE                   OPT
METHOD                    B3LYP
DFT_D                     d3_op
BASIS                     STO-3G
GEOM_OPT_MAX_CYCLES       100
GEOM_OPT_TOL_GRADIENT     300
GEOM_OPT_TOL_DISPLACEMENT 1200
GEOM_OPT_TOL_ENERGY       100
SYMMETRY                  False
THRESH                    12
SCF_CONVERGENCE           8
MAX_SUB_FILE_NUM          128
MEM_STATIC                400
MEM_TOTAL                 4000
$end
