$molecule
0  1
O -3.94934 -3.66094 2.70899
C -3.26408 -4.56952 2.26188
C -3.36658 -6.02376 2.66595
C -3.41708 -6.33288 4.17119
C -3.53867 -5.14511 5.0999
O -4.70626 -5.22431 5.80408
C -4.80898 -4.23838 6.83686
C -3.98825 -4.66132 8.0508
O -4.22695 -3.75813 9.14174
C -3.11853 -3.20715 9.6958
C -3.43437 -2.27727 10.84307
C -4.12996 -0.96807 10.44253
C -4.7201 -0.93345 9.0471
O -5.8497 -0.56119 8.76426
O -2.26967 -4.26429 1.3871
O -3.81645 -1.02769 8.03458
O -1.96774 -3.51825 9.41392
C -4.04032 -0.57189 6.74974
C -4.43109 -2.83539 11.876
C -4.21831 -2.13908 13.21846
C -4.73345 -0.74878 12.90077
C -5.2708 -0.96983 11.48058
O -5.67744 -2.31837 11.47493
H -2.4665 -2.06016 11.35154
H -3.4497 -0.09178 10.52482
H -4.36979 -3.93933 11.9938
H -4.91475 -2.61993 13.94257
H -3.18508 -2.17958 13.62544
H -5.55843 -0.51165 13.60862
H -3.96846 0.05752 12.92052
H -6.05907 -0.22002 11.25082
O -2.67633 -4.28438 5.23465
C -2.00002 -2.99123 0.93014
C -4.70227 -6.64822 2.20699
C -4.5282 -8.1529 2.02332
C -4.37479 -8.59152 3.46304
C -4.65574 -7.26664 4.18685
O -5.54127 -6.58685 3.33412
H -2.53955 -6.56667 2.15267
H -2.50657 -6.87773 4.5046
H -1.73745 -2.32665 1.78094
H -5.1046 -6.19442 1.27442
H -5.49769 -8.53956 1.63401
H -3.71054 -8.47051 1.34112
H -5.15971 -9.34895 3.68268
H -3.37306 -8.99012 3.73368
H -5.02579 -7.48918 5.21131
H -2.88248 -2.58289 0.39259
H -1.14119 -3.03054 0.22918
H -3.16111 -0.81398 6.1181
H -4.17921 0.53011 6.76102
H -4.9463 -1.04048 6.3125
H -4.33546 -5.66912 8.36438
H -2.9232 -4.7644 7.75328
H -5.87184 -4.19468 7.15669
H -4.53584 -3.23181 6.47138
$end

$opt
CONSTRAINT
tors           1           2           3           4     -47.352
tors           3           4           5           6    +117.831
tors           4           5           6           7    +171.815
tors           5           6           7           8     -78.697
tors           6           7           8           9    -172.795
tors           7           8           9          10    -126.579
tors           8           9          10          11    -179.526
tors           9          10          11          12     -69.342
tors          11          12          13          14    +131.480
ENDCONSTRAINT
$end

$rem
JOBTYPE                   OPT
METHOD                    B3LYP
DFT_D                     d3_op
BASIS                     STO-3G
GEOM_OPT_MAX_CYCLES       100
GEOM_OPT_TOL_GRADIENT     300
GEOM_OPT_TOL_DISPLACEMENT 1200
GEOM_OPT_TOL_ENERGY       100
SYMMETRY                  False
THRESH                    12
SCF_CONVERGENCE           8
MAX_SUB_FILE_NUM          128
MEM_STATIC                400
MEM_TOTAL                 4000
$end
