$molecule
0  1
O -3.94934 -3.66094 2.70899
C -3.26408 -4.56952 2.26188
C -3.36658 -6.02376 2.66595
C -3.53137 -6.32676 4.16425
C -3.75368 -5.13762 5.07233
O -4.92294 -5.29197 5.76112
C -5.14473 -4.26338 6.73172
C -4.43527 -4.61013 8.03654
O -4.84046 -3.69969 9.07085
C -3.83637 -3.19629 9.83081
C -4.32687 -2.25607 10.90601
C -4.91375 -0.93368 10.39111
C -5.25119 -0.89112 8.91429
O -6.31417 -0.51658 8.44061
O -2.24787 -4.25988 1.41413
O -4.18926 -1.00768 8.07194
O -2.66559 -3.54996 9.76228
C -4.18611 -0.57532 6.76022
C -5.50238 -2.78997 11.74611
C -5.51268 -2.09698 13.10698
C -5.93079 -0.69525 12.70737
C -6.21736 -0.90638 11.21471
O -6.64743 -2.24518 11.13479
H -3.45943 -2.06103 11.57824
H -4.23837 -0.07258 10.59038
H -5.48799 -3.89487 11.86987
H -6.33706 -2.56024 13.69552
H -4.56882 -2.16133 13.68991
H -6.86017 -0.43647 13.26158
H -5.16134 0.09216 12.86119
H -6.9358 -0.13896 10.85234
O -2.92725 -4.25124 5.25779
C -1.96734 -2.9847 0.96973
C -4.65662 -6.67092 2.11277
C -4.44359 -8.17207 1.94295
C -4.38104 -8.60738 3.39029
C -4.74469 -7.28969 4.09059
O -5.5779 -6.62709 3.1748
H -2.50035 -6.55725 2.21072
H -2.63133 -6.84131 4.56697
H -1.72638 -2.32372 1.82967
H -4.9989 -6.22483 1.15285
H -5.37809 -8.57447 1.48922
H -3.57687 -8.4775 1.3182
H -5.15845 -9.38631 3.55429
H -3.39032 -8.97816 3.73179
H -5.18639 -7.52433 5.08319
H -2.83628 -2.57433 0.41208
H -1.09125 -3.02068 0.29027
H -3.21459 -0.83559 6.29235
H -4.3139 0.52761 6.72829
H -5.00843 -1.04479 6.18296
H -4.77004 -5.6265 8.33653
H -3.3395 -4.65722 7.85475
H -6.23431 -4.24515 6.94758
H -4.88073 -3.25784 6.35355
$end

$opt
CONSTRAINT
tors           1           2           3           4     -42.546
tors           3           4           5           6    +122.636
tors           4           5           6           7    +174.717
tors           5           6           7           8     -84.904
tors           6           7           8           9    -170.327
tors           7           8           9          10    -134.310
tors           8           9          10          11    -179.526
tors           9          10          11          12     -67.811
tors          11          12          13          14    +130.194
ENDCONSTRAINT
$end

$rem
JOBTYPE                   OPT
METHOD                    B3LYP
DFT_D                     d3_op
BASIS                     STO-3G
GEOM_OPT_MAX_CYCLES       100
GEOM_OPT_TOL_GRADIENT     300
GEOM_OPT_TOL_DISPLACEMENT 1200
GEOM_OPT_TOL_ENERGY       100
SYMMETRY                  False
THRESH                    12
SCF_CONVERGENCE           8
MAX_SUB_FILE_NUM          128
MEM_STATIC                400
MEM_TOTAL                 4000
$end
