$molecule
0  1
O -3.94934 -3.66094 2.70899
C -3.26408 -4.56952 2.26188
C -3.36658 -6.02376 2.66595
C -3.59927 -6.32435 4.1557
C -3.88083 -5.13552 5.04761
O -5.06921 -5.31364 5.6968
C -5.33886 -4.29623 6.66708
C -4.4796 -4.51277 7.90842
O -4.81141 -3.53776 8.90948
C -3.75497 -2.93188 9.50614
C -4.16832 -1.92786 10.55578
C -4.95951 -0.72393 10.02394
C -5.52213 -0.86912 8.62427
O -6.69134 -0.70079 8.30934
O -2.23676 -4.25763 1.42845
O -4.59608 -0.9233 7.62949
O -2.57957 -3.21026 9.30239
C -4.84818 -0.57495 6.31659
C -5.14595 -2.47386 11.61396
C -5.02325 -1.64986 12.89389
C -5.63423 -0.33708 12.44414
C -6.11946 -0.72436 11.04073
O -6.41903 -2.09608 11.14772
H -3.23509 -1.59394 11.06554
H -4.35883 0.2122 10.03527
H -5.00136 -3.55502 11.82976
H -5.70078 -2.12012 13.64252
H -4.00199 -1.57345 13.32519
H -6.49014 -0.10199 13.11495
H -4.93243 0.52399 12.40224
H -6.95817 -0.06289 10.73152
O -3.08745 -4.22099 5.24181
C -1.95072 -2.98137 0.99071
C -4.62425 -6.68669 2.05767
C -4.38615 -8.18536 1.89943
C -4.37963 -8.61814 3.3489
C -4.79307 -7.30521 4.03038
O -5.59285 -6.65432 3.07736
H -2.47744 -6.55008 2.24807
H -2.70856 -6.82031 4.60019
H -1.72116 -2.32226 1.85519
H -4.92944 -6.24599 1.08285
H -5.29614 -8.5989 1.40744
H -3.49071 -8.48219 1.31216
H -5.15053 -9.4096 3.48026
H -3.39865 -8.972 3.7338
H -5.27566 -7.5451 5.00241
H -2.81243 -2.56994 0.42271
H -1.06584 -3.01561 0.32265
H -3.93878 -0.75953 5.70872
H -5.10357 0.50445 6.25804
H -5.69324 -1.16061 5.90038
H -4.72797 -5.51775 8.31227
H -3.40536 -4.53434 7.63427
H -6.40338 -4.37863 6.97332
H -5.19553 -3.29019 6.23406
$end

$opt
CONSTRAINT
tors           1           2           3           4     -39.677
tors           3           4           5           6    +123.632
tors           4           5           6           7    +173.802
tors           5           6           7           8     -75.205
tors           6           7           8           9    -176.557
tors           7           8           9          10    -133.755
tors           8           9          10          11    -179.500
tors           9          10          11          12     -63.880
tors          11          12          13          14    +126.593
ENDCONSTRAINT
$end

$rem
JOBTYPE                   OPT
METHOD                    B3LYP
DFT_D                     d3_op
BASIS                     STO-3G
GEOM_OPT_MAX_CYCLES       100
GEOM_OPT_TOL_GRADIENT     300
GEOM_OPT_TOL_DISPLACEMENT 1200
GEOM_OPT_TOL_ENERGY       100
SYMMETRY                  False
THRESH                    12
SCF_CONVERGENCE           8
MAX_SUB_FILE_NUM          128
MEM_STATIC                400
MEM_TOTAL                 4000
$end
