$molecule
0  1
O -3.94934 -3.66094 2.70899
C -3.26408 -4.56952 2.26188
C -3.36658 -6.02376 2.66595
C -2.1637 -6.92746 2.34928
C -0.92277 -6.23941 1.8251
O -0.63306 -5.15209 2.59919
C -1.77226 -4.32418 2.8562
C -2.77279 -4.43642 1.71058
O -3.62999 -5.5699 1.91871
C -3.96049 -6.26398 0.8015
C -4.0167 -7.75563 1.03064
C -2.81935 -8.54128 0.47622
C -1.60249 -7.71723 0.1062
O -0.69908 -8.07982 -0.63335
O -1.6755 -2.93228 1.20547
O -1.9938 -6.5679 -0.53689
O -4.44761 -5.71557 -0.19021
C -1.45879 -5.88756 -1.64677
C -4.64588 -8.84079 1.9687
C -5.29672 -10.00093 1.17946
C -4.06442 -10.74064 0.66191
C -2.9411 -9.88012 1.25637
O -3.53114 -9.51884 2.48605
H -4.79289 -7.869 0.24062
H -3.0842 -8.81604 -0.57455
H -5.38953 -8.45239 2.69014
H -5.81702 -10.66575 1.90579
H -6.02841 -9.69186 0.40226
H -4.0348 -11.74612 1.13866
H -4.00904 -10.86289 -0.44113
H -1.97874 -10.43242 1.3023
O 0.10737 -6.86624 1.57184
C -1.97992 -1.59285 1.09094
C -3.25155 -6.14614 4.35308
C -3.62021 -7.49993 5.06241
C -2.38238 -8.28513 4.75147
C -1.64192 -7.26103 3.87857
O -1.89302 -6.13602 4.63262
H -4.48467 -6.60575 3.19688
H -1.96938 -7.98239 2.42185
H -1.22559 -0.99369 1.64161
H -3.8264 -5.32987 4.85325
H -3.66908 -7.34989 6.16516
H -4.57379 -7.9787 4.76189
H -1.79406 -8.35614 5.69762
H -2.48135 -9.33844 4.44656
H -0.55963 -7.55849 3.92666
H -2.98758 -1.40046 1.51382
H -1.97091 -1.30597 0.01869
H -1.14673 -4.86148 -1.36802
H -2.24148 -5.81373 -2.42951
H -0.5702 -6.37279 -2.10209
H -2.65797 -4.38766 0.33346
H -2.08858 -4.7585 0.6074
H -1.25055 -3.35947 3.1457
H -1.94349 -4.11284 3.97873
$end

$opt
CONSTRAINT
tors           1           2           3           4    -161.053
tors           3           4           5           6     +47.368
tors           4           5           6           7     -47.368
tors           5           6           7           8     -28.421
tors           6           7           8           9     +85.263
tors           7           8           9          10    -142.105
tors           8           9          10          11    +142.105
tors           9          10          11          12    -104.211
tors          11          12          13          14    -161.053
ENDCONSTRAINT
$end

$rem
JOBTYPE                   OPT
METHOD                    B3LYP
DFT_D                     d3_op
BASIS                     STO-3G
GEOM_OPT_MAX_CYCLES       100
GEOM_OPT_TOL_GRADIENT     300
GEOM_OPT_TOL_DISPLACEMENT 1200
GEOM_OPT_TOL_ENERGY       100
SYMMETRY                  False
THRESH                    12
SCF_CONVERGENCE           8
MAX_SUB_FILE_NUM          128
MEM_STATIC                400
MEM_TOTAL                 4000
$end
