$molecule
0  1
O -3.94934 -3.66094 2.70899
C -3.26408 -4.56952 2.26188
C -3.36658 -6.02376 2.66595
C -2.09215 -6.69516 3.20345
C -0.90361 -5.79095 3.44399
O -1.18083 -4.92041 4.45924
C -2.21509 -3.98596 4.13315
C -2.15642 -2.78732 5.07441
O -0.80499 -2.31217 5.1781
C -0.03464 -2.94173 6.0997
C 0.60756 -4.20108 5.56841
C 0.68496 -5.36113 6.57169
C -0.18646 -5.22788 7.8044
O -0.80037 -4.22311 8.13321
O -2.46368 -4.31912 1.18717
O -0.2767 -6.33742 8.58282
O 0.36022 -2.31094 7.08333
C -1.02905 -6.41757 9.73568
C 1.66708 -4.8509 4.56231
C 3.14282 -4.99211 5.06933
C 3.02306 -6.2043 6.00141
C 1.51228 -6.47577 5.90626
O 1.31658 -6.22162 4.54693
H 1.47158 -3.52372 5.68828
H 1.47551 -4.96816 7.25533
H 1.64838 -4.34227 3.57373
H 3.79271 -5.28681 4.21526
H 3.56474 -4.07495 5.53436
H 3.55603 -7.06633 5.54054
H 3.4086 -6.05183 7.03272
H 1.20942 -7.4896 6.24261
O -0.22053 -5.44248 2.491
C -2.36615 -3.09975 0.54779
C -4.36204 -6.41413 3.79228
C -4.78088 -7.87814 3.63162
C -3.51347 -8.58673 4.08087
C -2.642 -7.38637 4.46879
O -3.58364 -6.47433 4.9674
H -3.70979 -6.5278 1.73426
H -1.71469 -7.46851 2.49657
H -2.00465 -2.31726 1.24726
H -5.25644 -5.75531 3.82434
H -5.58129 -8.08383 4.37793
H -5.14713 -8.15162 2.61879
H -3.74948 -9.18693 4.98785
H -3.0351 -9.23615 3.3163
H -1.83112 -7.69034 5.16636
H -3.35554 -2.80447 0.13812
H -1.64473 -3.18662 -0.29022
H -0.92281 -7.43294 10.1695
H -2.10104 -6.237 9.50597
H -0.67274 -5.67175 10.47806
H -2.81563 -1.96997 4.70212
H -2.52586 -3.0293 6.10474
H -3.1693 -4.31531 4.59953
H -1.756 -3.34561 3.31945
$end

$opt
CONSTRAINT
tors           1           2           3           4    -123.158
tors           3           4           5           6     +66.316
tors           4           5           6           7     -66.316
tors           5           6           7           8    -161.053
tors           6           7           8           9     +47.368
tors           7           8           9          10     -85.263
tors           8           9          10          11     +85.263
tors           9          10          11          12    -142.105
tors          11          12          13          14      -9.474
ENDCONSTRAINT
$end

$rem
JOBTYPE                   OPT
METHOD                    B3LYP
DFT_D                     d3_op
BASIS                     STO-3G
GEOM_OPT_MAX_CYCLES       100
GEOM_OPT_TOL_GRADIENT     300
GEOM_OPT_TOL_DISPLACEMENT 1200
GEOM_OPT_TOL_ENERGY       100
SYMMETRY                  False
THRESH                    12
SCF_CONVERGENCE           8
MAX_SUB_FILE_NUM          128
MEM_STATIC                400
MEM_TOTAL                 4000
$end
