$molecule
0  1
O -3.94934 -3.66094 2.70899
C -3.26408 -4.56952 2.26188
C -3.36658 -6.02376 2.66595
C -2.27333 -6.57303 3.59705
C -1.29943 -5.56331 4.16282
O -0.28167 -5.35325 3.27656
C -0.13785 -3.97981 2.89944
C 0.72753 -3.24326 3.91666
O 1.8542 -2.64372 3.25785
C 1.55838 -1.64416 2.39037
C 2.78299 -1.05565 1.73108
C 3.73266 -0.30876 2.67899
C 3.52022 -0.55796 4.15868
O 4.22392 -1.26358 4.86682
O -2.48166 -4.32176 1.17604
O 2.43003 0.03934 4.70772
O 0.42217 -1.27483 2.11964
C 2.08246 -0.05195 6.039
C 3.72914 -2.08124 1.08722
C 4.55237 -1.39813 -0.00504
C 5.467 -0.52778 0.83344
C 5.05814 -0.97468 2.24253
O 4.6944 -2.32554 2.0791
H 2.40671 -0.36156 0.94468
H 3.76143 0.79247 2.52489
H 3.19956 -2.97079 0.68169
H 5.16486 -2.18684 -0.49745
H 3.96357 -0.85731 -0.77726
H 6.51953 -0.81855 0.61992
H 5.33959 0.56824 0.69723
H 5.8857 -0.77589 2.95891
O -1.62357 -4.73757 5.0096
C -2.43786 -3.11641 0.50054
C -4.61441 -6.28689 3.54005
C -4.99641 -7.7669 3.47845
C -3.89884 -8.37382 4.32397
C -3.14653 -7.11024 4.74886
O -4.157 -6.13931 4.85946
H -3.48931 -6.6097 1.72736
H -1.68199 -7.39463 3.13351
H -2.14213 -2.28983 1.18069
H -5.49034 -5.66505 3.25102
H -5.96495 -7.89042 4.0138
H -5.08968 -8.18079 2.4511
H -4.36585 -8.84994 5.21506
H -3.24322 -9.10444 3.80322
H -2.5573 -7.30597 5.67213
H -3.43236 -2.88807 0.06355
H -1.69106 -3.18508 -0.31673
H 1.15296 0.52786 6.21272
H 2.89076 0.37108 6.67351
H 1.90173 -1.1122 6.3169
H 0.14853 -2.50718 4.51896
H 1.15287 -3.97995 4.63163
H -1.08032 -3.41785 2.83021
H 0.35147 -3.98549 1.90178
$end

$opt
CONSTRAINT
tors           1           2           3           4    -104.211
tors           3           4           5           6     -85.263
tors           4           5           6           7    +123.158
tors           5           6           7           8     +85.263
tors           6           7           8           9    +123.158
tors           7           8           9          10     +66.316
tors           8           9          10          11    -180.000
tors           9          10          11          12     -66.316
tors          11          12          13          14    +104.211
ENDCONSTRAINT
$end

$rem
JOBTYPE                   OPT
METHOD                    B3LYP
DFT_D                     d3_op
BASIS                     STO-3G
GEOM_OPT_MAX_CYCLES       100
GEOM_OPT_TOL_GRADIENT     300
GEOM_OPT_TOL_DISPLACEMENT 1200
GEOM_OPT_TOL_ENERGY       100
SYMMETRY                  False
THRESH                    12
SCF_CONVERGENCE           8
MAX_SUB_FILE_NUM          128
MEM_STATIC                400
MEM_TOTAL                 4000
$end
