$molecule
0  1
O -3.94934 -3.66094 2.70899
C -3.26408 -4.56952 2.26188
C -3.36658 -6.02376 2.66595
C -2.57813 -6.46456 3.91009
C -1.91791 -5.36653 4.71416
O -1.25871 -5.90562 5.78199
C -2.10247 -6.10918 6.92036
C -3.14833 -7.17654 6.6153
O -3.75901 -6.91362 5.34219
C -4.03728 -8.0084 4.59175
C -5.49542 -8.10552 4.21088
C -6.4687 -7.45422 5.20427
C -5.84787 -6.51313 6.21701
O -5.07643 -6.83905 7.10763
O -2.73392 -4.24292 1.00826
O -6.20026 -5.19966 6.13722
O -3.47064 -9.08591 4.77565
C -5.72932 -4.20292 6.96489
C -6.0634 -7.52918 2.89864
C -7.35739 -8.25051 2.5004
C -8.3236 -7.68685 3.5093
C -7.4079 -6.70433 4.23612
O -6.526 -6.24812 3.24012
H -5.7115 -9.19937 4.16567
H -7.02349 -8.20471 5.81021
H -5.41761 -7.62601 2.03933
H -7.65373 -7.88091 1.49171
H -7.29177 -9.35956 2.47141
H -9.12206 -7.13405 2.96531
H -8.77918 -8.42928 4.19975
H -8.03128 -5.93166 4.73638
O -1.9872 -4.15712 4.54791
C -2.68442 -2.97476 0.46518
C -3.07649 -7.12107 1.556
C -1.71208 -7.06593 0.82837
C -0.79233 -7.4744 1.95803
C -1.84774 -7.76025 3.09889
O -2.89467 -8.28209 2.30895
H -2.39909 -5.60648 2.46154
H -1.47365 -6.50275 3.85106
H -2.08772 -2.30546 1.12071
H -3.86182 -7.15889 0.77411
H -1.71304 -7.8764 0.06385
H -1.43727 -6.12218 0.31926
H -0.27947 -8.41771 1.66437
H -0.02949 -6.7159 2.24051
H -1.38791 -8.52506 3.78684
H -3.71009 -2.56689 0.34351
H -2.19962 -3.02488 -0.5312
H -6.20113 -3.24094 6.67816
H -4.631 -4.10201 6.85383
H -5.98633 -4.42765 8.02194
H -2.3613 -7.93199 6.38099
H -3.40262 -7.95319 7.40635
H -2.58588 -5.15908 7.23112
H -1.47026 -6.44666 7.77167
$end

$opt
CONSTRAINT
tors           1           2           3           4     -85.263
tors           3           4           5           6    -180.000
tors           4           5           6           7     -85.263
tors           5           6           7           8     +66.316
tors           6           7           8           9     -47.368
tors           7           8           9          10    +142.105
tors           8           9          10          11    +123.158
tors           9          10          11          12     -28.421
tors          11          12          13          14     -66.316
ENDCONSTRAINT
$end

$rem
JOBTYPE                   OPT
METHOD                    B3LYP
DFT_D                     d3_op
BASIS                     STO-3G
GEOM_OPT_MAX_CYCLES       100
GEOM_OPT_TOL_GRADIENT     300
GEOM_OPT_TOL_DISPLACEMENT 1200
GEOM_OPT_TOL_ENERGY       100
SYMMETRY                  False
THRESH                    12
SCF_CONVERGENCE           8
MAX_SUB_FILE_NUM          128
MEM_STATIC                400
MEM_TOTAL                 4000
$end
