$molecule
0  1
O -3.94934 -3.66094 2.70899
C -3.26408 -4.56952 2.26188
C -3.36658 -6.02376 2.66595
C -3.41669 -6.33291 4.1712
C -3.53792 -5.14515 5.09996
O -2.40434 -4.38624 5.0331
C -2.44368 -3.2387 5.888
C -1.03209 -2.71334 6.12792
O -0.06873 -3.64558 5.61241
C 1.19 -3.51242 6.09926
C 1.37346 -2.25871 6.92096
C 0.57839 -2.22342 8.23432
C 0.01686 -3.55083 8.70268
O -1.16209 -3.78119 8.92981
O -2.26873 -4.26461 1.38838
O 0.89661 -4.58458 8.81418
O 2.07776 -4.30643 5.82969
C 0.55158 -5.8682 9.18137
C 2.81599 -2.07082 7.44094
C 3.06352 -0.59879 7.77373
C 2.23313 -0.45323 9.03028
C 1.74374 -1.89641 9.20329
O 2.80957 -2.66943 8.70833
H 1.15807 -1.39078 6.2555
H -0.13906 -1.39211 8.41371
H 3.59177 -2.43196 6.73113
H 4.13845 -0.49279 8.045
H 2.81981 0.11482 6.95746
H 2.91229 -0.17931 9.86833
H 1.3973 0.27651 8.96831
H 1.47062 -2.08021 10.26703
O -4.51104 -4.89658 5.80486
C -1.99028 -2.98956 0.94257
C -4.72017 -6.61721 2.22307
C -4.6082 -8.13547 2.097
C -4.51915 -8.53149 3.55487
C -4.7132 -7.16588 4.224
O -5.55768 -6.46925 3.3426
H -2.55323 -6.57895 2.1451
H -2.53798 -6.92306 4.51458
H -1.72151 -2.33513 1.79948
H -5.09723 -6.18313 1.27059
H -5.57808 -8.50115 1.68941
H -3.77985 -8.50142 1.45299
H -5.37229 -9.20695 3.78762
H -3.56236 -9.00728 3.86103
H -5.09173 -7.30329 5.26084
H -2.87032 -2.56962 0.41006
H -1.13259 -3.02885 0.24024
H 1.46267 -6.50079 9.19021
H -0.17162 -6.29244 8.45231
H 0.1051 -5.86825 10.19863
H -0.98334 -1.99849 5.27564
H -1.11753 -1.87523 6.79578
H -2.77689 -3.55905 6.90121
H -3.15621 -2.46358 5.52267
$end

$opt
CONSTRAINT
tors           1           2           3           4     -47.368
tors           3           4           5           6     -66.316
tors           4           5           6           7    -180.000
tors           5           6           7           8    +161.053
tors           6           7           8           9      -9.474
tors           7           8           9          10    -161.053
tors           8           9          10          11      -9.474
tors           9          10          11          12     +66.316
tors          11          12          13          14    -123.158
ENDCONSTRAINT
$end

$rem
JOBTYPE                   OPT
METHOD                    B3LYP
DFT_D                     d3_op
BASIS                     STO-3G
GEOM_OPT_MAX_CYCLES       100
GEOM_OPT_TOL_GRADIENT     300
GEOM_OPT_TOL_DISPLACEMENT 1200
GEOM_OPT_TOL_ENERGY       100
SYMMETRY                  False
THRESH                    12
SCF_CONVERGENCE           8
MAX_SUB_FILE_NUM          128
MEM_STATIC                400
MEM_TOTAL                 4000
$end
