$molecule
0  1
O -3.94934 -3.66094 2.70899
C -3.26408 -4.56952 2.26188
C -3.36658 -6.02376 2.66595
C -3.85957 -6.32399 4.09097
C -4.36389 -5.14454 4.89263
O -4.07997 -3.98138 4.23546
C -5.11944 -3.00346 4.3469
C -4.51681 -1.60934 4.48621
O -5.31001 -0.65836 3.75864
C -5.78731 0.38135 4.48688
C -7.1857 0.78731 4.08642
C -8.09747 1.20268 5.25023
C -7.40064 1.49391 6.56412
O -6.407 2.1931 6.69972
O -2.23046 -4.2561 1.43742
O -7.91083 0.86717 7.65647
O -5.00356 1.08765 5.1004
C -7.39581 0.98386 8.93051
C -7.21547 2.07405 3.23575
C -8.50282 2.11479 2.41337
C -9.52535 2.3658 3.50373
C -8.59728 2.5553 4.70996
O -7.42813 3.11169 4.15923
H -7.62651 -0.03837 3.48092
H -8.92755 0.48492 5.43541
H -6.32916 2.18172 2.57267
H -8.44282 3.02003 1.76717
H -8.69767 1.22545 1.77623
H -10.06757 3.30767 3.26555
H -10.24918 1.54 3.67638
H -9.09907 3.16067 5.4976
O -4.92934 -5.22236 5.97592
C -1.94358 -2.97802 1.00536
C -4.49032 -6.70355 1.85349
C -4.27161 -8.21552 1.81698
C -4.62076 -8.58264 3.24247
C -5.07147 -7.21823 3.77422
O -5.63679 -6.58268 2.65647
H -2.40939 -6.52895 2.40361
H -3.10063 -6.84586 4.71385
H -1.72215 -2.3208 1.87345
H -4.57938 -6.3098 0.81649
H -5.04793 -8.64223 1.14189
H -3.2673 -8.54367 1.47278
H -5.47492 -9.29561 3.22256
H -3.7862 -9.00431 3.84359
H -5.74539 -7.35302 4.64912
H -2.80225 -2.5665 0.43277
H -1.05392 -3.00854 0.34355
H -8.00338 0.3696 9.62624
H -7.43286 2.04342 9.26268
H -6.34665 0.61888 8.95398
H -4.3275 -1.36492 5.5572
H -3.5266 -1.5901 3.98284
H -5.81661 -3.15166 5.20308
H -5.84961 -3.03569 3.49276
$end

$opt
CONSTRAINT
tors           1           2           3           4     -28.421
tors           3           4           5           6      -9.474
tors           4           5           6           7    +142.105
tors           5           6           7           8    +142.105
tors           6           7           8           9    +142.105
tors           7           8           9          10    +123.158
tors           8           9          10          11    -142.105
tors           9          10          11          12    +142.105
tors          11          12          13          14     +47.368
ENDCONSTRAINT
$end

$rem
JOBTYPE                   OPT
METHOD                    B3LYP
DFT_D                     d3_op
BASIS                     STO-3G
GEOM_OPT_MAX_CYCLES       100
GEOM_OPT_TOL_GRADIENT     300
GEOM_OPT_TOL_DISPLACEMENT 1200
GEOM_OPT_TOL_ENERGY       100
SYMMETRY                  False
THRESH                    12
SCF_CONVERGENCE           8
MAX_SUB_FILE_NUM          128
MEM_STATIC                400
MEM_TOTAL                 4000
$end
