$molecule
0  1
O -3.94934 -3.66094 2.70899
C -3.26408 -4.56952 2.26188
C -3.36658 -6.02376 2.66595
C -4.25419 -6.35572 3.87665
C -5.08044 -5.22016 4.4387
O -5.1201 -5.30534 5.80127
C -3.83321 -5.5221 6.38964
C -3.31762 -4.23085 7.01652
O -1.90155 -4.11589 6.80577
C -1.5308 -3.56701 5.62238
C -2.28785 -2.30116 5.29808
C -1.49368 -1.00232 5.49951
C 0.00681 -1.16057 5.64165
O 0.632 -1.07971 6.6891
O -2.48292 -4.33736 1.16988
O 0.7067 -1.52269 4.52972
O -0.48884 -3.89623 5.07774
C 2.0673 -1.74763 4.49587
C -2.37252 -1.95813 3.75356
C -3.67603 -1.16793 3.49879
C -3.30266 0.14995 4.15762
C -1.79756 -0.0853 4.34373
O -1.459 -0.96455 3.3529
H -3.28195 -2.11457 5.70452
H -1.82082 -0.56674 6.47123
H -2.02612 -2.82953 3.21616
H -3.73462 -1.00662 2.39772
H -4.63952 -1.59683 3.84991
H -3.53639 0.97929 3.45494
H -3.77358 0.33354 5.14819
H -1.20617 0.8557 4.38587
O -5.98151 -4.66508 3.82393
C -2.46662 -3.17677 0.42259
C -4.02855 -6.83439 1.54107
C -3.72924 -8.3253 1.71406
C -4.68403 -8.66478 2.83324
C -5.27034 -7.28024 3.13191
O -5.39149 -6.72191 1.84681
H -2.31961 -6.34879 2.85608
H -3.83203 -7.11194 4.57118
H -2.12694 -2.31234 1.02237
H -3.7247 -6.50036 0.52488
H -4.03531 -8.88909 0.80463
H -2.65564 -8.51393 1.93185
H -5.50734 -9.28653 2.41337
H -4.23688 -9.19618 3.70055
H -6.22564 -7.40826 3.69034
H -3.47892 -2.97475 0.01257
H -1.76045 -3.30389 -0.42315
H 2.36367 -2.02624 3.46393
H 2.33478 -2.5798 5.18158
H 2.6145 -0.82661 4.78979
H -4.00609 -3.37821 6.96131
H -3.44004 -4.40599 8.10672
H -2.98536 -5.75938 5.72408
H -3.87048 -6.36487 7.11386
$end

$opt
CONSTRAINT
tors           1           2           3           4      -9.474
tors           3           4           5           6    -142.105
tors           4           5           6           7     +47.368
tors           5           6           7           8    +104.211
tors           6           7           8           9    -142.105
tors           7           8           9          10     +85.263
tors           8           9          10          11     +47.368
tors           9          10          11          12    +104.211
tors          11          12          13          14    -104.211
ENDCONSTRAINT
$end

$rem
JOBTYPE                   OPT
METHOD                    B3LYP
DFT_D                     d3_op
BASIS                     STO-3G
GEOM_OPT_MAX_CYCLES       100
GEOM_OPT_TOL_GRADIENT     300
GEOM_OPT_TOL_DISPLACEMENT 1200
GEOM_OPT_TOL_ENERGY       100
SYMMETRY                  False
THRESH                    12
SCF_CONVERGENCE           8
MAX_SUB_FILE_NUM          128
MEM_STATIC                400
MEM_TOTAL                 4000
$end
