$molecule
0  1
O -3.94934 -3.66094 2.70899
C -3.26408 -4.56952 2.26188
C -3.36658 -6.02376 2.66595
C -4.55778 -6.42467 3.55148
C -5.60993 -5.36381 3.78738
O -5.37997 -4.29275 2.97168
C -4.37078 -4.54107 1.98724
C -3.99766 -6.01987 1.97842
O -4.91618 -6.76125 2.79668
C -6.00231 -6.07176 3.2257
C -6.13989 -4.72048 2.56556
C -5.18309 -4.47394 1.38997
C -4.49914 -5.70297 0.8257
O -4.76863 -6.85979 1.11505
O -1.93759 -4.24128 1.82069
O -3.91729 -5.49099 -0.45704
O -7.06114 -6.9211 3.26625
C -3.65885 -6.44554 -1.42688
C -7.55093 -4.95918 1.66637
C -8.24844 -3.70182 1.04683
C -7.43665 -3.54506 -0.17456
C -6.34196 -4.61423 0.13359
O -7.14252 -5.66548 0.55143
H -7.23568 -4.03899 3.06321
H -5.59998 -3.27918 0.97494
H -8.39351 -5.47835 2.19685
H -9.29441 -3.92452 0.73534
H -8.25581 -2.80806 1.7085
H -8.02371 -3.91082 -1.05097
H -7.09796 -2.50797 -0.39318
H -5.94396 -4.74987 -0.89758
O -5.8678 -4.92541 5.07232
C -1.32788 -3.01012 1.97635
C -2.23835 -7.16749 3.37068
C -1.68274 -6.96878 4.82821
C -2.88715 -7.3475 5.67112
C -3.88538 -7.71419 4.55031
O -3.02855 -8.31732 3.60122
H -2.55543 -5.47155 3.41991
H -4.10085 -5.84693 4.49113
H -1.25536 -2.76349 3.05647
H -1.36754 -7.33919 2.69808
H -0.89841 -7.74183 4.99477
H -1.23436 -5.97678 5.05446
H -2.6406 -8.26021 6.25835
H -3.26046 -6.55941 6.36049
H -4.69573 -8.37777 4.9219
H -1.88557 -2.20639 1.45455
H -0.30406 -3.05827 1.55284
H -2.57045 -6.46364 -1.64044
H -4.20116 -6.1738 -2.35544
H -3.98431 -7.46086 -1.11725
H -2.8059 -6.84215 1.00559
H -2.8059 -6.84215 1.00559
H -3.70823 -3.38291 0.74009
H -3.70823 -3.38291 0.74009
$end

$opt
CONSTRAINT
tors           1           2           3           4      +9.474
tors           3           4           5           6      +9.474
tors           4           5           6           7      +9.474
tors           5           6           7           8      +9.474
tors           6           7           8           9      +9.474
tors           7           8           9          10      +9.474
tors           8           9          10          11      +9.474
tors           9          10          11          12      +9.474
tors          11          12          13          14      +9.474
ENDCONSTRAINT
$end

$rem
JOBTYPE                   OPT
METHOD                    B3LYP
DFT_D                     d3_op
BASIS                     STO-3G
GEOM_OPT_MAX_CYCLES       100
GEOM_OPT_TOL_GRADIENT     300
GEOM_OPT_TOL_DISPLACEMENT 1200
GEOM_OPT_TOL_ENERGY       100
SYMMETRY                  False
THRESH                    12
SCF_CONVERGENCE           8
MAX_SUB_FILE_NUM          128
MEM_STATIC                400
MEM_TOTAL                 4000
$end
