$molecule
0  1
O -3.94934 -3.66094 2.70899
C -3.26408 -4.56952 2.26188
C -3.36658 -6.02376 2.66595
C -4.73745 -6.52338 3.15068
C -5.89497 -5.55994 3.00924
O -7.07661 -6.2422 3.06987
C -6.97148 -7.59271 2.60692
C -7.13362 -7.64291 1.09123
O -6.60297 -8.87696 0.58287
C -5.26161 -9.03113 0.70984
C -4.51555 -7.7181 0.70669
C -4.17293 -7.1716 -0.68694
C -4.91564 -7.80517 -1.84611
O -5.60236 -7.20547 -2.66057
O -1.94178 -4.20253 2.112
O -4.75722 -9.1475 -2.01513
O -4.73091 -10.1286 0.78276
C -5.3501 -9.88377 -3.0192
C -4.43688 -5.90241 0.33573
C -2.89823 -5.17549 -0.05214
C -2.77863 -5.22079 -1.43085
C -4.09669 -5.8173 -1.48261
O -5.08614 -5.32476 -0.7465
H -3.52564 -8.00701 1.0519
H -3.18948 -7.67191 -0.93729
H -5.00565 -5.32341 1.00783
H -2.97553 -4.05893 0.04999
H -1.99994 -5.66979 0.38919
H -2.71529 -4.22716 -1.95138
H -2.02462 -5.93508 -1.83553
H -4.22923 -5.63629 -2.58547
O -5.97098 -4.40344 3.40162
C -1.45583 -2.90847 2.13397
C -2.35832 -7.1628 3.08041
C -1.87372 -7.10059 4.53956
C -3.20203 -7.38316 5.24597
C -4.13175 -7.74853 4.03191
O -3.18169 -8.30595 3.17215
H -3.11933 -5.48045 3.60093
H -4.92709 -6.17613 4.19007
H -1.6595 -2.43962 3.12006
H -1.52556 -7.26227 2.35257
H -1.1836 -7.96186 4.68987
H -1.36256 -6.16187 4.84489
H -3.04361 -8.26377 5.9077
H -3.59734 -6.5444 5.8588
H -4.86525 -8.48001 4.42745
H -1.92574 -2.30514 1.32887
H -0.35895 -2.93044 1.9713
H -5.05002 -10.94663 -2.91596
H -5.01905 -9.51276 -4.01265
H -6.45618 -9.81496 -2.94069
H -8.2183 -7.58182 0.8568
H -6.74304 -6.76599 0.56166
H -7.8595 -8.13397 2.99846
H -6.23959 -8.28531 2.98712
$end

$opt
CONSTRAINT
tors           1           2           3           4     +28.421
tors           3           4           5           6    +161.053
tors           4           5           6           7     -28.421
tors           5           6           7           8     -85.263
tors           6           7           8           9    +161.053
tors           7           8           9          10     -66.316
tors           8           9          10          11     -28.421
tors           9          10          11          12     -85.263
tors          11          12          13          14    +123.158
ENDCONSTRAINT
$end

$rem
JOBTYPE                   OPT
METHOD                    B3LYP
DFT_D                     d3_op
BASIS                     STO-3G
GEOM_OPT_MAX_CYCLES       100
GEOM_OPT_TOL_GRADIENT     300
GEOM_OPT_TOL_DISPLACEMENT 1200
GEOM_OPT_TOL_ENERGY       100
SYMMETRY                  False
THRESH                    12
SCF_CONVERGENCE           8
MAX_SUB_FILE_NUM          128
MEM_STATIC                400
MEM_TOTAL                 4000
$end
