$molecule
0  1
O -3.94934 -3.66094 2.70899
C -3.26408 -4.56952 2.26188
C -3.36658 -6.02376 2.66595
C -4.77372 -6.64113 2.71769
C -5.90468 -5.78727 2.1886
O -5.43425 -4.93673 1.22907
C -5.69269 -3.55946 1.52163
C -6.48083 -2.91928 0.3836
O -5.76786 -1.78133 -0.12593
C -6.25606 -0.57239 0.24725
C -5.25179 0.54359 0.08387
C -4.95382 1.33875 1.36341
C -5.40867 0.69915 2.65985
O -6.35624 -0.06396 2.77948
O -2.30142 -4.2733 1.34431
O -4.83421 1.17989 3.79546
O -7.43627 -0.36858 0.50773
C -5.16212 0.76783 5.07031
C -3.82448 0.12258 -0.33614
C -3.1059 1.29986 -0.99415
C -2.86133 2.18594 0.20553
C -3.40825 1.2918 1.32224
O -3.13719 -0.01338 0.87938
H -5.66792 1.20058 -0.7126
H -5.32517 2.38693 1.35804
H -3.78934 -0.74759 -1.02565
H -2.12401 0.92465 -1.36268
H -3.65409 1.77753 -1.83451
H -1.76283 2.32145 0.32231
H -3.36593 3.17595 0.17906
H -2.93558 1.57946 2.28629
O -6.93664 -5.59271 2.81799
C -1.96533 -3.0138 0.89741
C -2.66317 -7.00083 1.70019
C -2.37571 -8.32933 2.40484
C -3.76137 -8.93507 2.44077
C -4.56702 -7.82998 1.75778
O -3.6769 -7.33364 0.78623
H -2.90232 -6.06901 3.67596
H -5.06565 -7.00762 3.7278
H -1.67183 -2.36818 1.75226
H -1.71849 -6.60804 1.26776
H -1.7356 -8.95586 1.74359
H -1.88309 -8.20776 3.39365
H -3.76892 -9.83476 1.78505
H -4.13904 -9.20536 3.45042
H -5.52718 -8.24097 1.37361
H -2.80473 -2.5605 0.3406
H -1.10559 -3.0967 0.20171
H -4.53782 1.31946 5.80269
H -4.96711 -0.32042 5.18136
H -6.23208 0.98146 5.27949
H -6.54813 -3.62807 -0.47172
H -7.53449 -2.74158 0.69483
H -4.80439 -3.11181 1.03643
H -6.11967 -3.2381 2.51004
$end

$opt
CONSTRAINT
tors           1           2           3           4     +47.368
tors           3           4           5           6     +28.421
tors           4           5           6           7    -123.158
tors           5           6           7           8    -123.158
tors           6           7           8           9    -123.158
tors           7           8           9          10    -104.211
tors           8           9          10          11    +161.053
tors           9          10          11          12    -123.158
tors          11          12          13          14     -28.421
ENDCONSTRAINT
$end

$rem
JOBTYPE                   OPT
METHOD                    B3LYP
DFT_D                     d3_op
BASIS                     STO-3G
GEOM_OPT_MAX_CYCLES       100
GEOM_OPT_TOL_GRADIENT     300
GEOM_OPT_TOL_DISPLACEMENT 1200
GEOM_OPT_TOL_ENERGY       100
SYMMETRY                  False
THRESH                    12
SCF_CONVERGENCE           8
MAX_SUB_FILE_NUM          128
MEM_STATIC                400
MEM_TOTAL                 4000
$end
