$molecule
0  1
O -3.94934 -3.66094 2.70899
C -3.26408 -4.56952 2.26188
C -3.36658 -6.02376 2.66595
C -4.41631 -6.88207 1.94122
C -5.12384 -6.23632 0.77054
O -4.95227 -6.99578 -0.35161
C -4.77384 -6.21503 -1.53813
C -6.05128 -6.22553 -2.3713
O -6.73866 -4.97248 -2.22906
C -5.9668 -3.86549 -2.36302
C -6.15489 -3.17444 -3.69258
C -5.30155 -1.91354 -3.89319
C -4.1532 -1.73129 -2.9212
O -3.18536 -1.00507 -3.09569
O -2.08271 -4.22251 1.68401
O -3.89687 -2.60836 -1.92725
O -6.09188 -3.1367 -1.38515
C -2.82557 -2.58017 -1.06906
C -5.79014 -3.95254 -4.9769
C -6.52869 -3.35567 -6.17879
C -5.77273 -2.06184 -6.36823
C -4.70677 -2.2101 -5.28294
O -4.45662 -3.59424 -5.23233
H -7.2377 -2.91461 -3.74026
H -5.89113 -0.97085 -3.87136
H -6.02213 -5.02625 -4.96657
H -6.32675 -4.00967 -7.05782
H -7.62741 -3.25079 -6.04898
H -5.29608 -2.07574 -7.37395
H -6.37377 -1.13499 -6.24499
H -3.83169 -1.56732 -5.52452
O -5.77131 -5.19928 0.81714
C -1.45118 -3.00832 1.88073
C -2.09645 -6.87306 2.38901
C -2.03854 -8.05282 3.35689
C -3.16102 -8.91024 2.82118
C -3.5483 -8.11044 1.57143
O -2.34717 -7.50906 1.15944
H -3.52056 -6.01015 3.76883
H -5.23487 -7.16319 2.63999
H -1.16043 -2.90671 2.94804
H -1.14267 -6.3076 2.4628
H -1.07351 -8.57703 3.16985
H -2.1088 -7.79659 4.43585
H -2.7416 -9.90326 2.54469
H -4.02701 -9.04145 3.50554
H -4.03315 -8.79907 0.84643
H -2.11427 -2.16163 1.61407
H -0.53337 -2.96711 1.25899
H -2.92308 -3.44377 -0.39866
H -2.84317 -1.63642 -0.48766
H -1.87099 -2.66859 -1.62743
H -5.73836 -6.34041 -3.4202
H -6.7076 -7.09524 -2.15603
H -4.04261 -6.82133 -2.11608
H -4.20638 -5.27102 -1.40164
$end

$opt
CONSTRAINT
tors           1           2           3           4     +85.263
tors           3           4           5           6    +123.158
tors           4           5           6           7    -142.105
tors           5           6           7           8    -104.211
tors           6           7           8           9    +104.211
tors           7           8           9          10     +47.368
tors           8           9          10          11    +104.211
tors           9          10          11          12    -180.000
tors          11          12          13          14    +161.053
ENDCONSTRAINT
$end

$rem
JOBTYPE                   OPT
METHOD                    B3LYP
DFT_D                     d3_op
BASIS                     STO-3G
GEOM_OPT_MAX_CYCLES       100
GEOM_OPT_TOL_GRADIENT     300
GEOM_OPT_TOL_DISPLACEMENT 1200
GEOM_OPT_TOL_ENERGY       100
SYMMETRY                  False
THRESH                    12
SCF_CONVERGENCE           8
MAX_SUB_FILE_NUM          128
MEM_STATIC                400
MEM_TOTAL                 4000
$end
