$molecule
0  1
O -3.94934 -3.66094 2.70899
C -3.26408 -4.56952 2.26188
C -3.36658 -6.02376 2.66595
C -4.06137 -6.97914 1.68189
C -4.41791 -6.40938 0.32677
O -5.36976 -7.18766 -0.26795
C -6.67682 -6.60495 -0.2318
C -6.98711 -6.09679 1.17235
O -6.11704 -5.00203 1.50001
C -5.37354 -5.1639 2.62257
C -5.89393 -4.3644 3.79332
C -7.40636 -4.47835 4.03388
C -8.10443 -5.61994 3.32242
O -8.19068 -6.76669 3.73727
O -2.31979 -4.24785 1.33398
O -9.20031 -5.16173 2.63847
O -5.62093 -6.28402 3.14095
C -10.20206 -5.94073 2.07855
C -5.36236 -4.64248 5.2318
C -5.56717 -3.419 6.12803
C -7.06691 -3.45266 6.32076
C -7.41377 -4.73311 5.55732
O -6.29037 -5.55759 5.7594
H -5.8207 -3.26538 3.60564
H -7.96362 -3.53957 3.79805
H -4.29758 -4.92823 5.29151
H -5.08345 -3.63685 7.10761
H -5.15822 -2.46867 5.72286
H -7.27945 -3.58661 7.40492
H -7.61657 -2.56692 5.93532
H -8.38787 -5.13726 5.91149
O -3.6845 -5.70223 -0.34678
C -2.13014 -2.98381 0.81643
C -1.92848 -6.62157 2.6618
C -1.85005 -7.91199 3.4893
C -2.57501 -8.86178 2.57337
C -2.86009 -7.92695 1.38719
O -1.74831 -7.07751 1.35376
H -3.49919 -6.12137 3.76674
H -4.77506 -7.79711 1.96392
H -1.86092 -2.27254 1.62591
H -1.15934 -5.90578 3.0313
H -0.78193 -8.22013 3.54591
H -2.26075 -7.84049 4.52022
H -1.86597 -9.66175 2.2654
H -3.49155 -9.32463 3.00053
H -3.01408 -8.54051 0.46964
H -3.0555 -2.64128 0.30517
H -1.30538 -3.0155 0.07519
H -10.32039 -5.66937 1.00881
H -11.15901 -5.74397 2.60124
H -9.97252 -7.02687 2.13006
H -7.9635 -5.68086 0.90887
H -7.02036 -7.06104 1.72711
H -7.42109 -7.36048 -0.56816
H -6.70755 -5.75113 -0.94784
$end

$opt
CONSTRAINT
tors           1           2           3           4    +104.211
tors           3           4           5           6    -161.053
tors           4           5           6           7    +104.211
tors           5           6           7           8     -47.368
tors           6           7           8           9     +66.316
tors           7           8           9          10    -123.158
tors           8           9          10          11    -104.211
tors           9          10          11          12     +47.368
tors          11          12          13          14     +85.263
ENDCONSTRAINT
$end

$rem
JOBTYPE                   OPT
METHOD                    B3LYP
DFT_D                     d3_op
BASIS                     STO-3G
GEOM_OPT_MAX_CYCLES       100
GEOM_OPT_TOL_GRADIENT     300
GEOM_OPT_TOL_DISPLACEMENT 1200
GEOM_OPT_TOL_ENERGY       100
SYMMETRY                  False
THRESH                    12
SCF_CONVERGENCE           8
MAX_SUB_FILE_NUM          128
MEM_STATIC                400
MEM_TOTAL                 4000
$end
