$molecule
0  1
O -3.94934 -3.66094 2.70899
C -3.26408 -4.56952 2.26188
C -3.36658 -6.02376 2.66595
C -3.18715 -7.07505 1.5585
C -2.74922 -6.56083 0.20502
O -3.50739 -5.48125 -0.1487
C -3.01169 -4.24716 0.38098
C -3.90625 -3.0912 -0.05451
O -4.52658 -3.39953 -1.31269
C -5.83448 -3.752 -1.24712
C -6.05542 -5.06256 -0.52999
C -7.48784 -5.2911 -0.02579
C -8.54674 -4.37559 -0.60655
O -8.50501 -3.85528 -1.71203
O -1.90651 -4.25948 2.46245
O -9.55972 -4.03733 0.23382
O -6.56787 -2.78136 -1.17249
C -10.60601 -3.20556 -0.10592
C -6.00268 -6.20107 -1.61511
C -5.73166 -7.58516 -1.04575
C -6.96096 -7.7866 -0.19486
C -7.81625 -6.62826 -0.72313
O -7.33318 -6.38444 -2.01853
H -5.60474 -5.41008 0.40771
H -7.62786 -5.35664 1.08032
H -5.29137 -5.99471 -2.4458
H -5.79668 -8.27123 -1.92325
H -4.77651 -7.82452 -0.57784
H -7.38003 -8.79202 -0.41928
H -6.80375 -7.66814 0.8996
H -8.89771 -6.88714 -0.65315
O -1.71688 -6.86379 -0.37524
C -1.33485 -3.00378 2.6027
C -2.29065 -6.53525 3.66751
C -2.79466 -7.77164 4.41382
C -2.70327 -8.81479 3.32355
C -2.11034 -7.97861 2.18653
O -1.27555 -7.06073 2.84694
H -4.34691 -6.11537 3.18628
H -4.13403 -7.63008 1.4204
H -0.84747 -2.93468 3.59645
H -1.97995 -5.76505 4.4074
H -2.0478 -8.02025 5.20155
H -3.79635 -7.65571 4.88078
H -1.97073 -9.59089 3.6395
H -3.66496 -9.29701 3.04387
H -1.62031 -8.64633 1.44444
H -2.07686 -2.18334 2.50539
H -0.56437 -2.86816 1.81586
H -11.28781 -3.10479 0.76325
H -11.17467 -3.63673 -0.95773
H -10.22309 -2.19951 -0.38031
H -4.63307 -2.52335 0.64501
H -3.23059 -2.2213 -0.23181
H -2.13055 -4.07125 -0.28402
H -4.07066 -4.31289 0.40911
$end

$opt
CONSTRAINT
tors           1           2           3           4    +142.105
tors           3           4           5           6     -47.368
tors           4           5           6           7     +85.263
tors           5           6           7           8    -180.000
tors           6           7           8           9     -28.421
tors           7           8           9          10    +104.211
tors           8           9          10          11     -66.316
tors           9          10          11          12    +161.053
tors          11          12          13          14     +28.421
ENDCONSTRAINT
$end

$rem
JOBTYPE                   OPT
METHOD                    B3LYP
DFT_D                     d3_op
BASIS                     STO-3G
GEOM_OPT_MAX_CYCLES       100
GEOM_OPT_TOL_GRADIENT     300
GEOM_OPT_TOL_DISPLACEMENT 1200
GEOM_OPT_TOL_ENERGY       100
SYMMETRY                  False
THRESH                    12
SCF_CONVERGENCE           8
MAX_SUB_FILE_NUM          128
MEM_STATIC                400
MEM_TOTAL                 4000
$end
