$molecule
0  1
O -3.94934 -3.66094 2.70899
C -3.26408 -4.56952 2.26188
C -3.36658 -6.02376 2.66595
C -2.76261 -7.06348 1.7078
C -1.9673 -6.5228 0.54022
O -0.88748 -7.32482 0.30322
C -1.10196 -8.68658 0.68906
C -2.40277 -8.81144 1.47545
O -2.61289 -10.17927 1.85989
C -1.48762 -10.91775 2.0259
C -0.50761 -10.7608 0.88766
C -0.56852 -9.40832 0.16286
C -1.31987 -8.30628 0.88238
O -0.97803 -7.78519 1.93413
O -2.09956 -4.14351 1.70388
O -2.69447 -8.08306 -0.62659
O -1.50829 -11.93157 2.70493
C -3.82592 -7.56057 -1.27015
C 1.01969 -11.16439 0.92887
C 1.45312 -11.71589 -0.43331
C 1.53197 -10.42932 -1.24472
C 1.1178 -9.39691 -0.1804
O 1.75553 -9.96165 0.94525
H -0.9535 -11.53005 0.21298
H -0.76485 -9.69243 -1.07948
H 1.24124 -11.88795 1.74211
H 2.48335 -12.12851 -0.33285
H 0.7863 -12.50303 -0.84267
H 2.602 -10.24533 -1.49572
H 0.94884 -10.41581 -2.18856
H 1.46952 -8.3838 -0.47407
O -2.23084 -5.57158 -0.18815
C -1.90068 -2.87159 1.19659
C -3.07581 -5.89232 4.19174
C -4.0897 -6.69562 4.99325
C -3.77485 -8.02032 4.4156
C -2.54001 -7.57619 3.56471
O -1.92949 -6.56766 4.27072
H -4.50402 -6.07097 2.68046
H -3.78077 -7.04445 1.21248
H -1.97288 -2.11102 2.00129
H -3.01332 -4.87207 4.64152
H -3.79403 -6.64785 6.06666
H -5.14836 -6.3803 4.86928
H -3.4949 -8.69319 5.26018
H -4.58303 -8.47216 3.80455
H -1.89851 -8.47884 3.76334
H -2.66282 -2.65704 0.41355
H -0.89838 -2.816 0.7259
H -4.52199 -8.39502 -1.49392
H -3.51139 -7.10706 -2.23185
H -4.38735 -6.79051 -0.71201
H -3.37978 -9.05931 2.09958
H -3.55405 -8.93924 1.03107
H 0.18803 -9.15828 1.98884
H -2.39515 -9.84968 -0.06284
$end

$opt
CONSTRAINT
tors           1           2           3           4    +161.053
tors           3           4           5           6    +142.105
tors           4           5           6           7     +28.421
tors           5           6           7           8      -9.474
tors           6           7           8           9    -180.000
tors           7           8           9          10     +28.421
tors           8           9          10          11     -47.368
tors           9          10          11          12     +28.421
tors          11          12          13          14     +66.316
ENDCONSTRAINT
$end

$rem
JOBTYPE                   OPT
METHOD                    B3LYP
DFT_D                     d3_op
BASIS                     STO-3G
GEOM_OPT_MAX_CYCLES       100
GEOM_OPT_TOL_GRADIENT     300
GEOM_OPT_TOL_DISPLACEMENT 1200
GEOM_OPT_TOL_ENERGY       100
SYMMETRY                  False
THRESH                    12
SCF_CONVERGENCE           8
MAX_SUB_FILE_NUM          128
MEM_STATIC                400
MEM_TOTAL                 4000
$end
