$molecule
0  1
O -3.94934 -3.66094 2.70899
C -3.26408 -4.56952 2.26188
C -3.36658 -6.02376 2.66595
C -2.39035 -6.52418 3.74317
C -1.5404 -5.47394 4.42337
O -0.57835 -6.07623 5.18306
C 0.73064 -5.5403 4.96269
C 1.55861 -5.63332 6.24017
O 2.78659 -6.33055 5.97781
C 3.82434 -5.55394 5.57895
C 5.08651 -6.34338 5.32528
C 6.38961 -5.61206 5.67935
C 6.24029 -4.37856 6.54704
O 6.97806 -4.06853 7.47124
O -2.24489 -4.26634 1.4156
O 5.49652 -3.36427 6.03593
O 3.61469 -4.49514 5.00089
C 5.34674 -2.11926 6.61368
C 5.26255 -7.62553 6.1798
C 6.18953 -8.59938 5.4538
C 7.51545 -7.88102 5.58654
C 7.10334 -6.71107 6.48726
O 6.05573 -7.2272 7.27065
H 5.05401 -6.63841 4.25185
H 6.94414 -5.29256 4.76969
H 4.31532 -8.14705 6.43308
H 6.22679 -9.52667 6.07008
H 5.89537 -8.86568 4.41584
H 8.22967 -8.55645 6.10776
H 7.95743 -7.51875 4.63299
H 7.98744 -6.32985 7.04354
O -1.55503 -4.26929 4.20973
C -1.95916 -2.99362 0.96785
C -4.70074 -6.31312 3.39917
C -5.04283 -7.80013 3.30429
C -4.01655 -8.38595 4.24942
C -3.36537 -7.104 4.77681
O -4.40546 -6.15952 4.76583
H -3.3692 -6.62639 1.73001
H -1.69226 -7.27778 3.31368
H -1.71776 -2.33063 1.82607
H -5.55306 -5.71105 3.01382
H -6.05266 -7.93234 3.75532
H -5.04331 -8.22553 2.27779
H -4.55314 -8.9168 5.06705
H -3.2705 -9.06366 3.78055
H -2.8846 -7.29059 5.76251
H -2.82548 -2.58219 0.40691
H -1.08162 -3.03481 0.2906
H 4.67814 -1.50248 5.97882
H 6.33127 -1.6109 6.69417
H 4.89038 -2.21957 7.62168
H 1.66988 -4.66993 6.78662
H 1.01189 -6.3035 6.93814
H 0.80135 -4.52963 4.50101
H 1.18714 -6.23429 4.2225
$end

$opt
CONSTRAINT
tors           1           2           3           4     -96.098
tors           3           4           5           6    -169.978
tors           4           5           6           7    +131.315
tors           5           6           7           8    +148.977
tors           6           7           8           9    +125.359
tors           7           8           9          10     +89.165
tors           8           9          10          11    +179.743
tors           9          10          11          12    -145.710
tors          11          12          13          14    +139.116
ENDCONSTRAINT
$end

$rem
JOBTYPE                   OPT
METHOD                    B3LYP
DFT_D                     d3_op
BASIS                     STO-3G
GEOM_OPT_MAX_CYCLES       100
GEOM_OPT_TOL_GRADIENT     300
GEOM_OPT_TOL_DISPLACEMENT 1200
GEOM_OPT_TOL_ENERGY       100
SYMMETRY                  False
THRESH                    12
SCF_CONVERGENCE           8
MAX_SUB_FILE_NUM          128
MEM_STATIC                400
MEM_TOTAL                 4000
$end
