$molecule
0  1
O -3.94934 -3.66094 2.70899
C -3.26408 -4.56952 2.26188
C -3.36658 -6.02376 2.66595
C -2.34859 -6.99755 2.0501
C -1.23148 -6.38084 1.23781
O -1.42268 -6.64368 -0.08876
C -0.59664 -5.84787 -0.94527
C 0.87011 -6.0102 -0.56003
O 1.27884 -4.91985 0.28078
C 0.6894 -4.8719 1.50119
C 1.15997 -3.70502 2.33643
C 0.7271 -3.7469 3.80923
C 0.21274 -5.08192 4.30908
O -0.91901 -5.513 4.14213
O -2.82598 -4.3099 0.99987
O 1.06303 -5.84529 5.0525
O -0.38685 -4.37522 1.22255
C 0.77031 -7.10081 5.54219
C 2.70235 -3.65711 2.51418
C 3.14108 -2.21784 2.80067
C 2.57064 -2.02489 4.18934
C 2.08824 -3.45173 4.47983
O 2.95773 -4.27614 3.74664
H 0.92046 -2.72092 1.84407
H -0.03092 -2.97961 4.07939
H 3.27019 -4.05407 1.64515
H 4.25256 -2.23108 2.87028
H 2.83867 -1.44805 2.05778
H 3.39728 -1.72237 4.86953
H 1.72828 -1.30271 4.26346
H 2.06147 -3.62516 5.57854
O -0.26234 -6.98566 1.70369
C -2.79942 -3.04236 0.43285
C -3.55228 -6.62291 4.08871
C -4.47559 -7.84467 4.01592
C -3.55325 -8.85625 3.33335
C -2.25071 -8.03689 3.22076
O -2.34099 -7.27587 4.39383
H -4.34965 -6.21194 2.17299
H -2.91384 -7.56275 1.26967
H -2.16037 -2.3674 1.04592
H -3.91604 -5.87771 4.82775
H -4.6583 -8.18463 5.06098
H -5.45496 -7.67713 3.51884
H -3.40076 -9.70904 4.03227
H -3.91483 -9.24743 2.35851
H -1.37622 -8.7155 3.1289
H -3.82397 -2.61963 0.36932
H -2.37604 -3.09211 -0.58892
H 1.64527 -7.48304 6.10669
H 0.55831 -7.79615 4.70211
H -0.10467 -7.05374 6.22451
H 1.16222 -7.01915 -0.19732
H 1.45173 -5.86096 -1.49484
H -0.92044 -4.79494 -1.06076
H -0.72621 -6.30146 -1.95118
$end

$opt
CONSTRAINT
tors           1           2           3           4    -176.121
tors           3           4           5           6    -108.475
tors           4           5           6           7    +166.402
tors           5           6           7           8     +54.998
tors           6           7           8           9     -97.719
tors           7           8           9          10     +66.316
tors           8           9          10          11    -180.000
tors           9          10          11          12    -169.209
tors          11          12          13          14     -81.119
ENDCONSTRAINT
$end

$rem
JOBTYPE                   OPT
METHOD                    B3LYP
DFT_D                     d3_op
BASIS                     STO-3G
GEOM_OPT_MAX_CYCLES       100
GEOM_OPT_TOL_GRADIENT     300
GEOM_OPT_TOL_DISPLACEMENT 1200
GEOM_OPT_TOL_ENERGY       100
SYMMETRY                  False
THRESH                    12
SCF_CONVERGENCE           8
MAX_SUB_FILE_NUM          128
MEM_STATIC                400
MEM_TOTAL                 4000
$end
