$molecule
0  1
O -3.94934 -3.66094 2.70899
C -3.26408 -4.56952 2.26188
C -3.36658 -6.02376 2.66595
C -2.38701 -6.52542 3.73956
C -1.53361 -5.47619 4.41699
O -0.47096 -5.15728 3.62045
C -0.31928 -3.74779 3.42153
C 0.02251 -3.45643 1.96399
O -0.94355 -2.55173 1.40619
C -1.69031 -1.86741 2.30797
C -2.18266 -0.54141 1.77883
C -2.96798 0.30745 2.78927
C -2.84271 -0.10926 4.24095
O -2.2515 0.51595 5.10936
O -2.80513 -4.44563 0.98827
O -3.73977 -1.04985 4.65523
O -2.17639 -2.30296 3.31882
C -3.86778 -1.49223 5.95575
C -1.03111 0.42971 1.43192
C -1.51305 1.44056 0.39329
C -2.47627 2.25917 1.2271
C -2.22249 1.64845 2.61179
O -0.87919 1.23695 2.57077
H -2.75367 -0.72682 0.84705
H -4.05025 0.40214 2.55034
H -0.11068 -0.07831 1.06997
H -0.63466 2.0758 0.13665
H -1.93849 1.01561 -0.54121
H -2.15574 3.3238 1.1876
H -3.54697 2.16918 0.94213
H -2.48238 2.38389 3.40512
O -1.73753 -4.97544 5.51573
C -3.43145 -3.70598 0.00586
C -4.71798 -6.32253 3.34678
C -5.03752 -7.81473 3.26021
C -4.04928 -8.3695 4.26074
C -3.40818 -7.07269 4.76411
O -4.45638 -6.13749 4.71343
H -3.30044 -6.64161 1.74048
H -1.71811 -7.35097 3.40773
H -3.57087 -2.65906 0.31831
H -5.56091 -5.7325 2.92388
H -6.06641 -7.96398 3.65921
H -4.97273 -8.24492 2.23763
H -4.61936 -8.85253 5.08568
H -3.30273 -9.08272 3.84937
H -2.95618 -7.24437 5.76629
H -4.42951 -4.14293 -0.20971
H -2.82092 -3.73597 -0.91959
H -4.66617 -2.26107 6.00069
H -4.14409 -0.64871 6.62363
H -2.91395 -1.94783 6.29819
H 1.02894 -2.99637 1.82526
H 0.01046 -4.40039 1.37734
H 0.73031 -3.68617 3.78437
H -0.457 -3.0905 4.31343
$end

$opt
CONSTRAINT
tors           1           2           3           4     -96.310
tors           3           4           5           6     -80.483
tors           4           5           6           7    +129.231
tors           5           6           7           8    -137.937
tors           6           7           8           9    +123.372
tors           7           8           9          10     +17.622
tors           8           9          10          11    +153.005
tors           9          10          11          12    -176.749
tors          11          12          13          14    +109.933
ENDCONSTRAINT
$end

$rem
JOBTYPE                   OPT
METHOD                    B3LYP
DFT_D                     d3_op
BASIS                     STO-3G
GEOM_OPT_MAX_CYCLES       100
GEOM_OPT_TOL_GRADIENT     300
GEOM_OPT_TOL_DISPLACEMENT 1200
GEOM_OPT_TOL_ENERGY       100
SYMMETRY                  False
THRESH                    12
SCF_CONVERGENCE           8
MAX_SUB_FILE_NUM          128
MEM_STATIC                400
MEM_TOTAL                 4000
$end
