$molecule
0  1
O -3.94934 -3.66094 2.70899
C -3.26408 -4.56952 2.26188
C -3.36658 -6.02376 2.66595
C -2.27333 -6.57303 3.59705
C -1.29943 -5.56331 4.16282
O -0.19319 -5.48833 3.36531
C 0.19131 -4.14347 3.06072
C 1.61209 -4.11563 2.50686
O 1.89503 -2.82227 1.95002
C 3.15144 -2.35812 2.16249
C 3.38635 -0.99622 1.55364
C 3.35468 0.17229 2.54957
C 3.45259 -0.20489 4.0141
O 4.41676 0.00257 4.73653
O -2.45944 -4.31306 1.19842
O 2.36575 -0.83234 4.53643
O 3.97077 -2.89308 2.90065
C 2.27475 -1.28054 5.83705
C 4.77504 -0.81756 0.91738
C 4.71456 0.28074 -0.14231
C 4.53379 1.5062 0.73147
C 4.66378 0.87436 2.1237
O 5.54218 -0.20883 1.92651
H 2.60525 -0.84699 0.772
H 2.46643 0.83193 2.43526
H 5.18465 -1.75647 0.4849
H 5.72135 0.32655 -0.61641
H 3.94523 0.1452 -0.93266
H 5.37599 2.2052 0.53137
H 3.56248 2.03414 0.6156
H 4.99115 1.64072 2.86052
O -1.65479 -4.66107 4.91391
C -2.40268 -3.09857 0.54294
C -4.60651 -6.28339 3.55772
C -5.00099 -7.75959 3.49698
C -3.88774 -8.38177 4.31097
C -3.13143 -7.12397 4.74826
O -4.1361 -6.14969 4.87534
H -3.50332 -6.61292 1.73132
H -1.68266 -7.38157 3.10916
H -2.0983 -2.29189 1.24371
H -5.48296 -5.65488 3.28596
H -5.95449 -7.871 4.06167
H -5.13158 -8.1724 2.47359
H -4.33755 -8.88715 5.19452
H -3.23433 -9.09188 3.75934
H -2.53062 -7.33014 5.66189
H -3.39462 -2.85498 0.10609
H -1.65728 -3.16196 -0.2761
H 1.28286 -1.75337 5.9895
H 2.37951 -0.42982 6.54377
H 3.06473 -2.03585 6.03648
H 2.32178 -4.47429 3.28533
H 1.63974 -4.83876 1.66332
H 0.21024 -3.4924 3.96451
H -0.49341 -3.70725 2.32402
$end

$opt
CONSTRAINT
tors           1           2           3           4    -104.211
tors           3           4           5           6     -93.489
tors           4           5           6           7    +132.737
tors           5           6           7           8    +164.583
tors           6           7           8           9    +168.212
tors           7           8           9          10    +141.673
tors           8           9          10          11    -180.000
tors           9          10          11          12    +102.355
tors          11          12          13          14    +109.379
ENDCONSTRAINT
$end

$rem
JOBTYPE                   OPT
METHOD                    B3LYP
DFT_D                     d3_op
BASIS                     STO-3G
GEOM_OPT_MAX_CYCLES       100
GEOM_OPT_TOL_GRADIENT     300
GEOM_OPT_TOL_DISPLACEMENT 1200
GEOM_OPT_TOL_ENERGY       100
SYMMETRY                  False
THRESH                    12
SCF_CONVERGENCE           8
MAX_SUB_FILE_NUM          128
MEM_STATIC                400
MEM_TOTAL                 4000
$end
