$molecule
0  1
O -3.94934 -3.66094 2.70899
C -3.26408 -4.56952 2.26188
C -3.36658 -6.02376 2.66595
C -2.65325 -6.44509 3.96113
C -2.06679 -5.33195 4.80083
O -1.57464 -5.84156 5.96852
C -0.88425 -4.86928 6.76053
C -0.70048 -5.38535 8.18392
O 0.22039 -4.54303 8.89482
C -0.08315 -4.31583 10.19689
C 0.95081 -4.87067 11.14754
C 1.14049 -4.06394 12.4404
C 0.05245 -3.05765 12.75699
O -1.08365 -3.33151 13.11595
O -2.43856 -4.30465 1.21509
O 0.43317 -1.75308 12.7457
O -1.23387 -4.08742 10.54659
C -0.40221 -0.69679 13.04325
C 0.57225 -6.24374 11.74673
C 1.84195 -6.97828 12.17545
C 2.26455 -6.14069 13.36789
C 1.06168 -5.19476 13.478
O -0.01887 -5.95428 12.99069
H 1.9032 -4.99661 10.58171
H 2.11172 -3.5205 12.42592
H -0.02622 -6.87553 11.05441
H 1.5202 -7.98014 12.54092
H 2.61813 -7.11161 11.3915
H 2.33952 -6.807 14.25553
H 3.20885 -5.56916 13.23556
H 0.95739 -4.8037 14.51434
O -1.96102 -4.15503 4.47856
C -2.24981 -3.05126 0.67146
C -4.81602 -6.42898 2.98265
C -4.98027 -7.9429 2.85302
C -4.24236 -8.412 4.08844
C -3.85383 -7.06712 4.70993
O -4.92471 -6.22045 4.36835
H -2.99021 -6.62227 1.805
H -1.84356 -7.1884 3.78537
H -1.84288 -2.35921 1.43959
H -5.56285 -5.90547 2.34586
H -6.06161 -8.17838 2.97622
H -4.6171 -8.36646 1.89193
H -4.96709 -8.93599 4.75105
H -3.36252 -9.06452 3.90025
H -3.67021 -7.19839 5.79864
H -3.21067 -2.6547 0.27927
H -1.52485 -3.12291 -0.16507
H 0.16534 0.25215 12.95442
H -0.78293 -0.79013 14.0828
H -1.25488 -0.67192 12.3313
H -1.68508 -5.53367 8.6829
H -0.21795 -6.38302 8.09977
H -1.45806 -3.91809 6.85196
H 0.10579 -4.664 6.29547
$end

$opt
CONSTRAINT
tors           1           2           3           4     -81.371
tors           3           4           5           6    +174.631
tors           4           5           6           7    +174.206
tors           5           6           7           8    +164.583
tors           6           7           8           9    +168.212
tors           7           8           9          10    +141.673
tors           8           9          10          11    +116.235
tors           9          10          11          12    +147.511
tors          11          12          13          14     +71.054
ENDCONSTRAINT
$end

$rem
JOBTYPE                   OPT
METHOD                    B3LYP
DFT_D                     d3_op
BASIS                     STO-3G
GEOM_OPT_MAX_CYCLES       100
GEOM_OPT_TOL_GRADIENT     300
GEOM_OPT_TOL_DISPLACEMENT 1200
GEOM_OPT_TOL_ENERGY       100
SYMMETRY                  False
THRESH                    12
SCF_CONVERGENCE           8
MAX_SUB_FILE_NUM          128
MEM_STATIC                400
MEM_TOTAL                 4000
$end
