$molecule
0  1
O -3.94934 -3.66094 2.70899
C -3.26408 -4.56952 2.26188
C -3.36658 -6.02376 2.66595
C -2.27333 -6.57303 3.59705
C -1.29943 -5.56331 4.16282
O -0.23844 -6.20955 4.73036
C 0.9211 -5.38045 4.86191
C 1.91707 -6.01858 5.82469
O 3.25792 -5.67814 5.43854
C 4.11446 -5.43215 6.46078
C 5.50589 -5.08043 5.9908
C 5.97487 -3.6651 6.35844
C 5.16035 -2.95409 7.42038
O 5.3864 -1.8342 7.85549
O -2.28486 -4.2741 1.3666
O 4.04515 -3.49796 7.97074
O 3.93449 -5.92168 7.57337
C 3.23372 -2.91447 8.92583
C 6.62742 -5.9173 6.64475
C 7.86289 -5.91668 5.74518
C 8.32847 -4.48293 5.90422
C 7.34519 -3.99169 6.9732
O 7.06184 -5.14118 7.73495
H 5.54951 -5.24815 4.8894
H 6.01672 -2.99133 5.47476
H 6.3209 -6.96113 6.87488
H 8.61023 -6.5878 6.22656
H 7.69857 -6.24843 4.69745
H 9.37037 -4.49393 6.29429
H 8.26965 -3.85944 4.98573
H 7.7744 -3.13064 7.53192
O -1.3458 -4.34915 4.00796
C -2.01771 -3.00486 0.89797
C -4.60195 -6.28688 3.5624
C -4.99556 -7.76284 3.4972
C -3.87543 -8.38956 4.29911
C -3.12078 -7.13437 4.74612
O -4.12487 -6.15999 4.87994
H -3.49553 -6.6114 1.72937
H -1.6693 -7.3427 3.06523
H -1.73586 -2.33729 1.74019
H -5.47992 -5.65741 3.29797
H -5.94398 -7.8755 4.07018
H -5.13617 -8.17219 2.47376
H -4.31896 -8.90936 5.17739
H -3.21959 -9.08767 3.735
H -2.51921 -7.3464 5.65761
H -2.90792 -2.59478 0.37487
H -1.17206 -3.05221 0.18169
H 2.40449 -3.6096 9.1703
H 2.80229 -1.96808 8.53561
H 3.81524 -2.71237 9.85051
H 1.63699 -5.83356 6.88692
H 1.85071 -7.11527 5.65374
H 0.7159 -4.35098 5.23449
H 1.37908 -5.31501 3.84929
$end

$opt
CONSTRAINT
tors           1           2           3           4    -104.211
tors           3           4           5           6    -167.398
tors           4           5           6           7    +159.295
tors           5           6           7           8    +164.583
tors           6           7           8           9    +148.354
tors           7           8           9          10    +141.673
tors           8           9          10          11    -180.000
tors           9          10          11          12    +116.779
tors          11          12          13          14    +179.059
ENDCONSTRAINT
$end

$rem
JOBTYPE                   OPT
METHOD                    B3LYP
DFT_D                     d3_op
BASIS                     STO-3G
GEOM_OPT_MAX_CYCLES       100
GEOM_OPT_TOL_GRADIENT     300
GEOM_OPT_TOL_DISPLACEMENT 1200
GEOM_OPT_TOL_ENERGY       100
SYMMETRY                  False
THRESH                    12
SCF_CONVERGENCE           8
MAX_SUB_FILE_NUM          128
MEM_STATIC                400
MEM_TOTAL                 4000
$end
