$molecule
0  1
O -3.94934 -3.66094 2.70899
C -3.26408 -4.56952 2.26188
C -3.36658 -6.02376 2.66595
C -4.57839 -6.43209 3.51955
C -5.64454 -5.37882 3.72459
O -6.50302 -5.77342 4.71085
C -7.23192 -4.68655 5.29107
C -8.41794 -5.21632 6.09034
O -9.06542 -4.13547 6.77985
C -10.41746 -4.21488 6.84934
C -11.03814 -3.05124 7.58511
C -10.70742 -1.66819 7.0054
C -10.12302 -1.66032 5.60714
O -9.81251 -0.66149 4.97431
O -2.27008 -4.26459 1.38634
O -10.19501 -2.78075 4.83574
O -11.08523 -5.11322 6.34959
C -9.95282 -2.8408 3.47593
C -12.58058 -3.00164 7.55482
C -13.09121 -2.18758 8.74328
C -12.67481 -0.78953 8.33121
C -12.12046 -1.06873 6.92986
O -12.88465 -2.15866 6.46975
H -10.69796 -3.13917 8.64177
H -9.9989 -1.1063 7.65273
H -13.05947 -4.00467 7.54854
H -14.20326 -2.24632 8.72173
H -12.72843 -2.51603 9.74094
H -13.58634 -0.15385 8.27647
H -11.91197 -0.30933 8.9818
H -12.15711 -0.14895 6.30514
O -6.10132 -4.73774 2.78406
C -2.00746 -2.99361 0.91982
C -3.59655 -6.93097 1.43612
C -3.15434 -8.35984 1.75085
C -4.26084 -8.79737 2.68652
C -5.16086 -7.55877 2.64747
O -4.99357 -7.05829 1.34466
H -2.39578 -6.29262 3.13943
H -4.26574 -6.79295 4.52561
H -1.75005 -2.32053 1.76539
H -3.08096 -6.57228 0.51853
H -3.23694 -8.9476 0.80848
H -2.12322 -8.45579 2.15386
H -4.78387 -9.66725 2.23028
H -3.93912 -9.04717 3.72073
H -6.20091 -7.82712 2.93741
H -2.89176 -2.59522 0.37783
H -1.14764 -3.03343 0.2201
H -10.06626 -3.88964 3.133
H -8.92216 -2.49546 3.24857
H -10.68365 -2.20575 2.9315
H -9.07727 -5.7859 5.39742
H -8.02044 -5.91835 6.85446
H -7.64954 -4.01407 4.51447
H -6.55375 -4.09743 5.94715
$end

$opt
CONSTRAINT
tors           1           2           3           4     +11.096
tors           3           4           5           6    -167.398
tors           4           5           6           7    +159.295
tors           5           6           7           8    +164.583
tors           6           7           8           9    +174.205
tors           7           8           9          10    +142.784
tors           8           9          10          11    -180.000
tors           9          10          11          12     +57.315
tors          11          12          13          14    +179.059
ENDCONSTRAINT
$end

$rem
JOBTYPE                   OPT
METHOD                    B3LYP
DFT_D                     d3_op
BASIS                     STO-3G
GEOM_OPT_MAX_CYCLES       100
GEOM_OPT_TOL_GRADIENT     300
GEOM_OPT_TOL_DISPLACEMENT 1200
GEOM_OPT_TOL_ENERGY       100
SYMMETRY                  False
THRESH                    12
SCF_CONVERGENCE           8
MAX_SUB_FILE_NUM          128
MEM_STATIC                400
MEM_TOTAL                 4000
$end
