$molecule
0  1
O -3.94934 -3.66094 2.70899
C -3.26408 -4.56952 2.26188
C -3.36658 -6.02376 2.66595
C -4.14293 -6.34199 3.95431
C -4.88075 -5.18965 4.59916
O -5.51619 -5.61972 5.72906
C -6.23523 -4.58018 6.40106
C -7.21098 -5.18165 7.40717
O -7.36792 -4.29556 8.52658
C -8.62415 -4.20901 9.03011
C -8.72392 -3.26332 10.2033
C -10.11004 -2.63661 10.41351
C -11.25375 -3.29807 9.67114
O -12.29182 -3.697 10.17891
O -2.41519 -4.30016 1.23562
O -11.16839 -3.30054 8.31261
O -9.41413 -5.13772 8.8982
C -12.10365 -3.87149 7.47413
C -8.48867 -3.88839 11.59097
C -8.02562 -2.79255 12.55821
C -9.31009 -2.00663 12.7351
C -10.27731 -2.87486 11.92544
O -9.77623 -4.18244 12.07621
H -7.94795 -2.47917 10.04235
H -10.12442 -1.56386 10.12012
H -7.75956 -4.72709 11.5749
H -7.77503 -3.28297 13.52527
H -7.15333 -2.19159 12.21991
H -9.58481 -2.019 13.81333
H -9.28956 -0.96024 12.35908
H -11.32019 -2.70758 12.2736
O -4.27636 -4.15181 4.8384
C -2.20517 -3.04086 0.71356
C -4.15147 -6.8579 1.64231
C -3.78223 -8.3357 1.78048
C -4.48708 -8.68443 3.0753
C -5.16526 -7.34977 3.39373
O -5.47254 -6.82142 2.12461
H -2.3179 -6.38783 2.75461
H -3.47912 -6.78418 4.73198
H -1.81457 -2.3614 1.5015
H -3.99952 -6.51746 0.59448
H -4.27552 -8.89031 0.95061
H -2.69011 -8.54095 1.76445
H -5.26132 -9.45387 2.85797
H -3.82786 -9.03371 3.89919
H -6.03029 -7.5145 4.07291
H -3.15321 -2.6329 0.30266
H -1.45817 -3.10509 -0.10385
H -11.7455 -3.7984 6.42683
H -13.07575 -3.34363 7.56521
H -12.23431 -4.94697 7.72534
H -8.14239 -5.53825 6.91112
H -6.70276 -6.07482 7.83199
H -6.80518 -3.91348 5.71348
H -5.48811 -3.97535 6.96424
$end

$opt
CONSTRAINT
tors           1           2           3           4     -15.190
tors           3           4           5           6    -179.811
tors           4           5           6           7    +179.768
tors           5           6           7           8    +164.583
tors           6           7           8           9    +148.354
tors           7           8           9          10    +141.673
tors           8           9          10          11    -180.000
tors           9          10          11          12    +153.706
tors          11          12          13          14    +126.614
ENDCONSTRAINT
$end

$rem
JOBTYPE                   OPT
METHOD                    B3LYP
DFT_D                     d3_op
BASIS                     STO-3G
GEOM_OPT_MAX_CYCLES       100
GEOM_OPT_TOL_GRADIENT     300
GEOM_OPT_TOL_DISPLACEMENT 1200
GEOM_OPT_TOL_ENERGY       100
SYMMETRY                  False
THRESH                    12
SCF_CONVERGENCE           8
MAX_SUB_FILE_NUM          128
MEM_STATIC                400
MEM_TOTAL                 4000
$end
