$molecule
0  1
O -3.94934 -3.66094 2.70899
C -3.26408 -4.56952 2.26188
C -3.36658 -6.02376 2.66595
C -2.27125 -6.97392 2.15478
C -1.09956 -6.3326 1.4449
O -0.44374 -7.26672 0.69473
C 0.11998 -6.72962 -0.50652
C 1.50011 -6.14521 -0.22394
O 2.44932 -7.20494 -0.02682
C 3.682 -6.98825 -0.54903
C 4.63283 -8.13673 -0.3091
C 5.95595 -8.05444 -1.08424
C 6.28579 -6.70363 -1.68691
O 7.37618 -6.15295 -1.63824
O -2.60129 -4.27062 1.11137
O 5.42736 -6.2823 -2.65793
O 4.08933 -5.83219 -0.58336
C 5.61897 -5.16499 -3.44462
C 5.15918 -8.21362 1.13867
C 5.57791 -9.64882 1.44918
C 6.81262 -9.77601 0.57905
C 6.93935 -8.33394 0.06957
O 6.40011 -7.55173 1.10751
H 4.07441 -9.07293 -0.53995
H 6.00417 -8.7995 -1.90857
H 4.42894 -7.85054 1.89462
H 5.89194 -9.66416 2.51779
H 4.8024 -10.42808 1.28739
H 7.67175 -10.05287 1.22943
H 6.72562 -10.49133 -0.26744
H 7.99494 -8.1188 -0.20603
O -0.49852 -5.37118 1.90883
C -2.51168 -3.0154 0.54353
C -3.15571 -6.17956 4.18864
C -3.77999 -7.48825 4.67244
C -2.79997 -8.49282 4.10612
C -1.76374 -7.54839 3.4895
O -1.78005 -6.42631 4.33519
H -4.39849 -6.35701 2.41598
H -2.68754 -7.76562 1.4912
H -2.01831 -2.31247 1.24815
H -3.56227 -5.32855 4.77829
H -3.69827 -7.50351 5.78305
H -4.84131 -7.64086 4.38063
H -2.34947 -9.05972 4.95115
H -3.22019 -9.19789 3.35661
H -0.78405 -8.06539 3.38361
H -3.52342 -2.63906 0.28123
H -1.9037 -3.07908 -0.38215
H 4.76223 -5.06001 -4.14131
H 6.55183 -5.26916 -4.03885
H 5.67711 -4.25599 -2.80862
H 1.75498 -5.56279 -1.14115
H 1.51769 -5.43683 0.62678
H -0.54614 -5.93617 -0.9225
H 0.19727 -7.52158 -1.28158
$end

$opt
CONSTRAINT
tors           1           2           3           4    -170.577
tors           3           4           5           6    -160.977
tors           4           5           6           7    +146.888
tors           5           6           7           8     +85.688
tors           6           7           8           9     +73.600
tors           7           8           9          10    +141.673
tors           8           9          10          11    -180.000
tors           9          10          11          12    +169.756
tors          11          12          13          14    +135.137
ENDCONSTRAINT
$end

$rem
JOBTYPE                   OPT
METHOD                    B3LYP
DFT_D                     d3_op
BASIS                     STO-3G
GEOM_OPT_MAX_CYCLES       100
GEOM_OPT_TOL_GRADIENT     300
GEOM_OPT_TOL_DISPLACEMENT 1200
GEOM_OPT_TOL_ENERGY       100
SYMMETRY                  False
THRESH                    12
SCF_CONVERGENCE           8
MAX_SUB_FILE_NUM          128
MEM_STATIC                400
MEM_TOTAL                 4000
$end
