$molecule
0  1
O -3.94934 -3.66094 2.70899
C -3.26408 -4.56952 2.26188
C -3.36658 -6.02376 2.66595
C -2.40788 -6.51779 3.7617
C -1.57605 -5.46233 4.45608
O -0.26168 -5.60875 4.11488
C -0.06516 -5.83573 2.7152
C 1.42407 -5.94355 2.4042
O 1.8264 -7.32231 2.40867
C 2.00708 -7.88099 1.18622
C 2.42875 -9.32934 1.25775
C 1.31906 -10.30694 1.67146
C -0.09563 -9.76773 1.60377
O -1.10869 -10.40091 1.8633
O -2.40579 -4.29068 1.24769
O -0.33108 -8.67156 0.83466
O 1.95418 -7.26912 0.12441
C -1.53677 -8.37228 0.23135
C 2.82572 -9.94896 -0.10459
C 3.74624 -11.14741 0.12538
C 2.7697 -12.1458 0.7123
C 1.45953 -11.36402 0.56543
O 1.65567 -10.56877 -0.57811
H 3.32318 -9.37264 1.91988
H 1.4683 -10.6955 2.70243
H 3.31393 -9.22915 -0.79696
H 4.05978 -11.50837 -0.88069
H 4.6519 -10.95267 0.73913
H 2.76862 -13.05483 0.07086
H 2.95476 -12.42471 1.77246
H 0.59165 -12.05933 0.53182
O -1.89591 -4.90852 5.49807
C -2.20297 -3.03239 0.72086
C -4.73391 -6.30274 3.32666
C -5.06121 -7.79495 3.2594
C -4.12336 -8.32814 4.31503
C -3.46399 -7.02529 4.78276
O -4.50051 -6.08321 4.69106
H -3.33603 -6.59848 1.72305
H -1.84105 -7.45097 3.55148
H -1.82396 -2.3457 1.50773
H -5.56415 -5.71794 2.87211
H -6.10805 -7.94251 3.60874
H -4.94091 -8.23828 2.24732
H -4.73404 -8.74243 5.14861
H -3.39967 -9.09666 3.96735
H -3.03792 -7.17846 5.79985
H -3.15128 -2.63579 0.29939
H -1.4495 -3.09583 -0.09075
H -1.4657 -7.38154 -0.26263
H -2.34691 -8.3615 0.98357
H -1.77469 -9.14148 -0.5334
H 1.5767 -5.46276 1.41206
H 2.04466 -5.33639 3.09712
H -0.36983 -4.88716 2.23477
H -0.57323 -6.65203 2.18573
$end

$opt
CONSTRAINT
tors           1           2           3           4     -94.996
tors           3           4           5           6    -111.241
tors           4           5           6           7     +44.417
tors           5           6           7           8    +178.161
tors           6           7           8           9     +94.561
tors           7           8           9          10    +103.386
tors           8           9          10          11    -180.000
tors           9          10          11          12     +73.222
tors          11          12          13          14    +178.272
ENDCONSTRAINT
$end

$rem
JOBTYPE                   OPT
METHOD                    B3LYP
DFT_D                     d3_op
BASIS                     STO-3G
GEOM_OPT_MAX_CYCLES       100
GEOM_OPT_TOL_GRADIENT     300
GEOM_OPT_TOL_DISPLACEMENT 1200
GEOM_OPT_TOL_ENERGY       100
SYMMETRY                  False
THRESH                    12
SCF_CONVERGENCE           8
MAX_SUB_FILE_NUM          128
MEM_STATIC                400
MEM_TOTAL                 4000
$end
