$molecule
0  1
O -3.94934 -3.66094 2.70899
C -3.26408 -4.56952 2.26188
C -3.36658 -6.02376 2.66595
C -2.27333 -6.57303 3.59705
C -1.29943 -5.56331 4.16282
O -0.38374 -5.21763 3.21023
C 0.5678 -4.25116 3.66823
C 1.7596 -4.19577 2.71814
O 1.32861 -3.76706 1.41685
C 1.84193 -2.58574 0.99243
C 1.35164 -2.19039 -0.38014
C 0.5274 -0.89544 -0.42495
C 0.61347 -0.01449 0.80518
O 0.1037 1.09044 0.92279
O -2.32349 -4.28517 1.32981
O 1.17962 -0.43832 1.96433
O 2.89449 -2.12994 1.43332
C 1.24247 0.26495 3.15256
C 2.48415 -1.8392 -1.36809
C 1.98876 -2.00487 -2.80428
C 1.03183 -0.83504 -2.90913
C 1.27392 -0.16036 -1.55372
O 2.62152 -0.44424 -1.26379
H 0.79042 -3.05149 -0.80772
H -0.54803 -1.05055 -0.65138
H 3.40781 -2.43773 -1.20902
H 2.86035 -1.81154 -3.47025
H 1.55397 -2.9969 -3.05258
H 1.36827 -0.18117 -3.74413
H -0.03809 -1.10592 -3.04207
H 1.00628 0.91832 -1.60686
O -1.27292 -5.18725 5.33053
C -2.09641 -3.02751 0.82249
C -4.61694 -6.2806 3.53959
C -5.01398 -7.7547 3.4708
C -3.91105 -8.37871 4.29435
C -3.15607 -7.12211 4.73902
O -4.15836 -6.1459 4.85973
H -3.48439 -6.60787 1.72586
H -1.67652 -7.39723 3.14611
H -1.74737 -2.34411 1.62619
H -5.48874 -5.64966 3.25836
H -5.97427 -7.86665 4.02375
H -5.13186 -8.1634 2.44418
H -4.37126 -8.88171 5.17402
H -3.25486 -9.09188 3.75011
H -2.57452 -7.34264 5.66146
H -3.02127 -2.62707 0.35507
H -1.32215 -3.10843 0.0424
H 1.76725 -0.35187 3.91072
H 0.21798 0.48606 3.52097
H 1.80562 1.21144 3.00817
H 2.51398 -3.53144 3.19561
H 2.21902 -5.20355 2.63199
H 0.99301 -4.56285 4.65094
H 0.09253 -3.25048 3.77344
$end

$opt
CONSTRAINT
tors           1           2           3           4    -104.211
tors           3           4           5           6     -77.128
tors           4           5           6           7    +179.402
tors           5           6           7           8    +164.583
tors           6           7           8           9     +62.666
tors           7           8           9          10    +116.283
tors           8           9          10          11    -180.000
tors           9          10          11          12    +116.779
tors          11          12          13          14    +174.902
ENDCONSTRAINT
$end

$rem
JOBTYPE                   OPT
METHOD                    B3LYP
DFT_D                     d3_op
BASIS                     STO-3G
GEOM_OPT_MAX_CYCLES       100
GEOM_OPT_TOL_GRADIENT     300
GEOM_OPT_TOL_DISPLACEMENT 1200
GEOM_OPT_TOL_ENERGY       100
SYMMETRY                  False
THRESH                    12
SCF_CONVERGENCE           8
MAX_SUB_FILE_NUM          128
MEM_STATIC                400
MEM_TOTAL                 4000
$end
