$molecule
0  1
O -3.94934 -3.66094 2.70899
C -3.26408 -4.56952 2.26188
C -3.36658 -6.02376 2.66595
C -2.06069 -6.83393 2.712
C -0.77739 -6.05609 2.52176
O -0.02255 -6.63832 1.54367
C 1.20689 -5.94833 1.29541
C 2.23781 -6.90628 0.70747
O 1.59495 -8.1207 0.28938
C 2.13233 -8.71882 -0.80269
C 1.42946 -10.0022 -1.17629
C 1.52175 -10.38215 -2.66134
C 2.57253 -9.64576 -3.46775
O 3.02318 -10.00921 -4.54449
O -2.5441 -4.32603 1.13405
O 2.51064 -8.28694 -3.35222
O 3.32481 -8.56608 -1.05172
C 3.24078 -7.3541 -4.06925
C 2.05696 -11.24898 -0.52259
C 1.01829 -12.36668 -0.45328
C 0.89751 -12.72936 -1.9197
C 1.99784 -11.84067 -2.51352
O 2.9539 -11.74245 -1.48587
H 0.37054 -9.91668 -0.83902
H 0.55399 -10.28333 -3.20028
H 2.48054 -11.04987 0.48625
H 1.49671 -13.21619 0.08529
H 0.06258 -12.10769 0.05116
H 1.14763 -13.80732 -2.03523
H -0.08917 -12.51269 -2.38367
H 2.36033 -12.27018 -3.47341
O -0.45894 -5.07233 3.1813
C -2.40178 -3.08493 0.54986
C -3.85028 -6.19377 4.11995
C -4.43694 -7.59211 4.31914
C -3.1756 -8.42888 4.32441
C -2.11528 -7.33617 4.16688
O -2.66023 -6.24366 4.8668
H -4.0977 -6.47996 1.96169
H -2.07888 -7.6921 2.00062
H -1.919 -2.3817 1.26169
H -4.59283 -5.42733 4.43141
H -4.89142 -7.63388 5.33478
H -5.19692 -7.88029 3.56124
H -3.07148 -8.90119 5.3269
H -3.11591 -9.2075 3.53356
H -1.12835 -7.70398 4.52614
H -3.39333 -2.6889 0.243
H -1.76017 -3.17877 -0.35016
H 3.81487 -6.72312 -3.35983
H 2.54408 -6.70562 -4.639
H 3.95963 -7.81998 -4.77631
H 2.91291 -6.41 -0.02731
H 2.87138 -7.21437 1.56748
H 1.64593 -5.37206 2.14221
H 0.96867 -5.21943 0.4902
$end

$opt
CONSTRAINT
tors           1           2           3           4    -144.721
tors           3           4           5           6    -128.245
tors           4           5           6           7    +179.402
tors           5           6           7           8    +154.940
tors           6           7           8           9     +13.295
tors           7           8           9          10    +146.618
tors           8           9          10          11    +178.935
tors           9          10          11          12    +153.504
tors          11          12          13          14    +161.326
ENDCONSTRAINT
$end

$rem
JOBTYPE                   OPT
METHOD                    B3LYP
DFT_D                     d3_op
BASIS                     STO-3G
GEOM_OPT_MAX_CYCLES       100
GEOM_OPT_TOL_GRADIENT     300
GEOM_OPT_TOL_DISPLACEMENT 1200
GEOM_OPT_TOL_ENERGY       100
SYMMETRY                  False
THRESH                    12
SCF_CONVERGENCE           8
MAX_SUB_FILE_NUM          128
MEM_STATIC                400
MEM_TOTAL                 4000
$end
