$molecule
0  1
O -3.94934 -3.66094 2.70899
C -3.26408 -4.56952 2.26188
C -3.36658 -6.02376 2.66595
C -2.79301 -6.41386 4.03806
C -2.34134 -5.27724 4.9281
O -1.13244 -4.80607 4.5015
C -0.64335 -3.7154 5.2892
C 0.77179 -4.01104 5.77513
O 1.70384 -3.85117 4.69411
C 2.08283 -2.57512 4.43485
C 3.06185 -2.47329 3.28952
C 2.78153 -1.33498 2.29758
C 1.81155 -0.27072 2.77002
O 1.5698 0.77673 2.1878
O -2.41037 -4.29564 1.24022
O 0.75698 -0.64652 3.54535
O 2.02051 -1.6988 5.29398
C -0.29962 0.1616 3.92808
C 4.4896 -2.11079 3.74425
C 5.49651 -2.56901 2.69059
C 5.20066 -1.5886 1.57381
C 4.17699 -0.68255 2.26874
O 4.55468 -0.71209 3.62386
H 3.0971 -3.46169 2.77517
H 2.43753 -1.68793 1.30078
H 4.7527 -2.53093 4.7398
H 6.51003 -2.34977 3.09713
H 5.44233 -3.64189 2.40626
H 6.13454 -1.02999 1.3419
H 4.78107 -2.0357 0.64657
H 4.16571 0.32215 1.79086
O -2.93582 -4.9242 5.94172
C -2.19025 -3.03381 0.72849
C -4.82626 -6.48234 2.80088
C -4.91506 -8.00086 2.65595
C -4.31619 -8.44322 3.97355
C -4.05505 -7.08488 4.63289
O -5.10969 -6.28013 4.16243
H -2.85268 -6.60894 1.86928
H -1.96184 -7.15299 3.98838
H -1.78952 -2.3651 1.52073
H -5.50715 -5.98412 2.07604
H -5.993 -8.27957 2.64524
H -4.41893 -8.40626 1.74786
H -5.09736 -8.99185 4.54592
H -3.39881 -9.06583 3.89606
H -3.99268 -7.21377 5.73598
H -3.13572 -2.61359 0.32375
H -1.4475 -3.09874 -0.09282
H -0.99022 -0.41597 4.57465
H -0.86106 0.5122 3.03604
H 0.0782 1.0335 4.50365
H 1.0432 -3.3567 6.63415
H 0.8091 -5.04998 6.16629
H -1.23599 -3.5007 6.20469
H -0.65472 -2.78123 4.69369
$end

$opt
CONSTRAINT
tors           1           2           3           4     -74.556
tors           3           4           5           6     -77.128
tors           4           5           6           7    +179.402
tors           5           6           7           8    +126.992
tors           6           7           8           9     +75.226
tors           7           8           9          10     +81.155
tors           8           9          10          11    -180.000
tors           9          10          11          12    +136.490
tors          11          12          13          14    +171.949
ENDCONSTRAINT
$end

$rem
JOBTYPE                   OPT
METHOD                    B3LYP
DFT_D                     d3_op
BASIS                     STO-3G
GEOM_OPT_MAX_CYCLES       100
GEOM_OPT_TOL_GRADIENT     300
GEOM_OPT_TOL_DISPLACEMENT 1200
GEOM_OPT_TOL_ENERGY       100
SYMMETRY                  False
THRESH                    12
SCF_CONVERGENCE           8
MAX_SUB_FILE_NUM          128
MEM_STATIC                400
MEM_TOTAL                 4000
$end
