$molecule
0  1
O -3.94934 -3.66094 2.70899
C -3.26408 -4.56952 2.26188
C -3.36658 -6.02376 2.66595
C -2.10073 -6.68602 3.23419
C -0.924 -5.77371 3.50084
O 0.08892 -6.05614 2.62926
C 1.23743 -5.2212 2.81102
C 2.50575 -5.9849 2.44463
O 2.98488 -5.55121 1.16196
C 3.82146 -4.48403 1.18235
C 4.67805 -4.38417 -0.05738
C 4.12656 -3.45958 -1.15249
C 3.02147 -2.51478 -0.72489
O 2.60059 -1.57311 -1.38115
O -2.37584 -4.29541 1.27111
O 2.43032 -2.59491 0.49847
O 4.10082 -3.86957 2.20784
C 1.50804 -1.6923 1.00089
C 6.05338 -3.71837 0.18882
C 7.03891 -4.15162 -0.89581
C 6.481 -3.41273 -2.09359
C 5.37362 -2.5961 -1.41765
O 5.8577 -2.36162 -0.11862
H 4.87786 -5.421 -0.41311
H 3.76998 -4.00432 -2.05352
H 6.47938 -3.93722 1.19238
H 8.02435 -3.70496 -0.63077
H 7.16153 -5.24792 -1.02951
H 7.27734 -2.74958 -2.4986
H 6.07082 -4.05696 -2.90137
H 5.14361 -1.68937 -2.01989
O -0.96123 -4.80852 4.25697
C -2.1483 -3.03761 0.75542
C -4.33989 -6.25487 3.84142
C -4.81699 -7.70798 3.85205
C -3.57046 -8.41215 4.34527
C -2.64419 -7.21444 4.57185
O -3.51918 -6.19101 4.98268
H -3.7353 -6.56137 1.76361
H -1.76068 -7.51843 2.57523
H -1.7757 -2.35957 1.55282
H -5.2176 -5.57261 3.82798
H -5.60572 -7.80123 4.63256
H -5.21567 -8.06973 2.87987
H -3.802 -8.89478 5.32105
H -3.13844 -9.16126 3.64704
H -1.8319 -7.48141 5.28378
H -3.08352 -2.6275 0.31799
H -1.38272 -3.10814 -0.04373
H 1.21347 -1.98679 2.02708
H 0.6038 -1.66849 0.35774
H 1.95735 -0.67747 1.05031
H 3.29311 -5.83808 3.2215
H 2.32837 -7.08162 2.45314
H 1.37492 -5.02814 3.90211
H 1.13786 -4.23616 2.31906
$end

$opt
CONSTRAINT
tors           1           2           3           4    -121.767
tors           3           4           5           6    -111.778
tors           4           5           6           7    +179.402
tors           5           6           7           8    +148.773
tors           6           7           8           9    +103.961
tors           7           8           9          10     +87.896
tors           8           9          10          11    +158.715
tors           9          10          11          12     +95.311
tors          11          12          13          14    +168.071
ENDCONSTRAINT
$end

$rem
JOBTYPE                   OPT
METHOD                    B3LYP
DFT_D                     d3_op
BASIS                     STO-3G
GEOM_OPT_MAX_CYCLES       100
GEOM_OPT_TOL_GRADIENT     300
GEOM_OPT_TOL_DISPLACEMENT 1200
GEOM_OPT_TOL_ENERGY       100
SYMMETRY                  False
THRESH                    12
SCF_CONVERGENCE           8
MAX_SUB_FILE_NUM          128
MEM_STATIC                400
MEM_TOTAL                 4000
$end
