$molecule
0  1
O -3.94934 -3.66094 2.70899
C -3.26408 -4.56952 2.26188
C -3.36658 -6.02376 2.66595
C -2.43874 -6.50703 3.79263
C -1.63856 -5.44282 4.51045
O -0.36499 -5.40886 4.01821
C 0.4265 -4.35465 4.57627
C 1.74475 -4.91045 5.10488
O 2.80184 -4.63235 4.17316
C 3.98828 -4.27786 4.72619
C 5.05735 -3.99892 3.69665
C 5.30599 -2.51118 3.40839
C 4.72992 -1.53747 4.41673
O 4.89697 -0.32645 4.40802
O -2.20562 -4.2594 1.46894
O 3.95193 -1.95157 5.45191
O 4.27856 -4.54893 5.88793
C 3.37571 -1.14365 6.41326
C 6.47964 -4.42646 4.13093
C 7.35268 -4.64601 2.89578
C 7.52622 -3.21987 2.41558
C 6.83568 -2.46212 3.55533
O 7.05019 -3.26841 4.68799
H 4.80378 -4.57883 2.77931
H 4.93778 -2.20157 2.40604
H 6.49343 -5.33661 4.76955
H 8.3365 -5.01925 3.26126
H 6.95359 -5.35588 2.13975
H 8.61445 -2.99056 2.38335
H 7.05621 -2.98777 1.43525
H 7.22261 -1.42096 3.61945
O -2.1679 -4.55245 5.16827
C -1.88249 -2.98009 1.06843
C -4.73414 -6.33604 3.32302
C -5.04317 -7.82938 3.212
C -4.06385 -8.39497 4.21789
C -3.46189 -7.10056 4.77345
O -4.51815 -6.17609 4.70332
H -3.305 -6.62607 1.73182
H -1.7281 -7.27944 3.41894
H -1.66727 -2.34505 1.95441
H -5.57265 -5.74799 2.88888
H -6.07542 -7.9813 3.6017
H -4.97327 -8.25435 2.18766
H -4.63877 -8.92596 5.00896
H -3.28551 -9.06794 3.79738
H -3.0275 -7.27402 5.78305
H -2.71799 -2.53983 0.4832
H -0.97746 -3.01728 0.42813
H 2.79998 -1.77596 7.11988
H 2.68218 -0.41791 5.9375
H 4.16253 -0.60037 6.97874
H 1.93413 -4.37533 6.06656
H 1.67074 -5.99235 5.34857
H -0.05687 -3.84046 5.43841
H 0.61453 -3.55605 3.82624
$end

$opt
CONSTRAINT
tors           1           2           3           4     -93.111
tors           3           4           5           6     -99.527
tors           4           5           6           7    +175.427
tors           5           6           7           8    +128.428
tors           6           7           8           9    +101.716
tors           7           8           9          10    +140.582
tors           8           9          10          11    -180.000
tors           9          10          11          12    +100.634
tors          11          12          13          14    +174.902
ENDCONSTRAINT
$end

$rem
JOBTYPE                   OPT
METHOD                    B3LYP
DFT_D                     d3_op
BASIS                     STO-3G
GEOM_OPT_MAX_CYCLES       100
GEOM_OPT_TOL_GRADIENT     300
GEOM_OPT_TOL_DISPLACEMENT 1200
GEOM_OPT_TOL_ENERGY       100
SYMMETRY                  False
THRESH                    12
SCF_CONVERGENCE           8
MAX_SUB_FILE_NUM          128
MEM_STATIC                400
MEM_TOTAL                 4000
$end
