$molecule
0  1
O -3.94934 -3.66094 2.70899
C -3.26408 -4.56952 2.26188
C -3.36658 -6.02376 2.66595
C -2.07085 -6.72301 3.10864
C -0.85047 -5.84359 3.26801
O -0.0095 -6.02012 2.20639
C 1.16703 -5.20785 2.27884
C 2.21792 -5.7161 1.29729
O 1.81304 -5.42192 -0.04897
C 2.62007 -4.56892 -0.72737
C 2.18562 -4.3608 -2.15867
C 1.79143 -2.91936 -2.51242
C 2.21914 -1.85528 -1.52171
O 2.1818 -0.64902 -1.71693
O -2.40619 -4.30089 1.24218
O 2.32393 -2.16529 -0.2014
O 3.72626 -4.20681 -0.33465
C 2.58053 -1.27746 0.82579
C 3.29725 -4.6343 -3.18577
C 2.67732 -4.95023 -4.54586
C 2.14617 -3.58625 -4.93665
C 2.67035 -2.74139 -3.76933
O 3.87514 -3.37279 -3.40591
H 1.32971 -5.04728 -2.35663
H 0.71007 -2.77406 -2.72741
H 3.99011 -5.44692 -2.87549
H 3.51331 -5.21637 -5.23187
H 1.92686 -5.76982 -4.54807
H 2.63274 -3.28172 -5.88991
H 1.04103 -3.51429 -5.03188
H 2.75726 -1.67651 -4.07968
O -0.76406 -4.92952 4.08106
C -2.17675 -3.04372 0.72451
C -4.23911 -6.24689 3.9177
C -4.74481 -7.68985 3.95586
C -3.47613 -8.42548 4.33404
C -2.50611 -7.25094 4.48625
O -3.31877 -6.21305 4.98179
H -3.8153 -6.54313 1.78953
H -1.81067 -7.55683 2.41608
H -1.77584 -2.37342 1.51464
H -5.0986 -5.54533 3.98761
H -5.46655 -7.77668 4.79934
H -5.2315 -8.031 3.01685
H -3.63213 -8.90904 5.32429
H -3.12494 -9.17995 3.59733
H -1.64047 -7.54285 5.12131
H -3.11778 -2.62074 0.31264
H -1.42904 -3.11809 -0.09206
H 2.61636 -1.83418 1.78464
H 1.7746 -0.51536 0.88608
H 3.56053 -0.78004 0.66368
H 3.17694 -5.23896 1.59625
H 2.35968 -6.81125 1.41851
H 1.62728 -5.33417 3.28753
H 0.93896 -4.13041 2.11844
$end

$opt
CONSTRAINT
tors           1           2           3           4    -127.394
tors           3           4           5           6    -103.913
tors           4           5           6           7    +179.402
tors           5           6           7           8    +164.583
tors           6           7           8           9     +71.480
tors           7           8           9          10    +116.283
tors           8           9          10          11    +176.750
tors           9          10          11          12    +117.734
tors          11          12          13          14    +168.289
ENDCONSTRAINT
$end

$rem
JOBTYPE                   OPT
METHOD                    B3LYP
DFT_D                     d3_op
BASIS                     STO-3G
GEOM_OPT_MAX_CYCLES       100
GEOM_OPT_TOL_GRADIENT     300
GEOM_OPT_TOL_DISPLACEMENT 1200
GEOM_OPT_TOL_ENERGY       100
SYMMETRY                  False
THRESH                    12
SCF_CONVERGENCE           8
MAX_SUB_FILE_NUM          128
MEM_STATIC                400
MEM_TOTAL                 4000
$end
