$molecule
0  1
O -3.94934 -3.66094 2.70899
C -3.26408 -4.56952 2.26188
C -3.36658 -6.02376 2.66595
C -2.29005 -6.56525 3.62079
C -1.33426 -5.54902 4.20544
O -0.17744 -5.52881 3.47964
C 0.69209 -4.4489 3.83594
C 2.09168 -4.69657 3.28281
O 2.00552 -5.19534 1.93868
C 2.26597 -4.29014 0.96301
C 2.15934 -4.87453 -0.42544
C 1.42141 -3.99321 -1.44378
C 1.22016 -2.54592 -1.04186
O 0.85628 -1.64745 -1.78678
O -2.33215 -4.28536 1.31893
O 0.96899 -2.25478 0.26376
O 2.94561 -3.28909 1.17515
C 0.68297 -1.00198 0.7746
C 3.52644 -5.03578 -1.11835
C 3.42807 -6.10209 -2.20782
C 2.57485 -5.38038 -3.23061
C 2.47054 -3.99838 -2.574
O 3.68085 -3.85915 -1.87033
H 1.68609 -5.88038 -0.3415
H 0.43647 -4.3983 -1.76345
H 4.35022 -5.27892 -0.41184
H 4.45222 -6.23112 -2.62613
H 3.04078 -7.09081 -1.88022
H 3.14421 -5.32537 -4.18496
H 1.56999 -5.82112 -3.40871
H 2.26783 -3.22302 -3.34568
O -1.68487 -4.65457 4.96851
C -2.16014 -3.03667 0.76527
C -4.62212 -6.29164 3.53303
C -5.00614 -7.77007 3.46208
C -3.9046 -8.38738 4.29597
C -3.1656 -7.12601 4.75243
O -4.17885 -6.15813 4.86059
H -3.47706 -6.61275 1.72787
H -1.68559 -7.36461 3.13413
H -1.8536 -2.31045 1.5476
H -5.49645 -5.66748 3.24491
H -5.96937 -7.88788 4.00867
H -5.11526 -8.18209 2.43586
H -4.36818 -8.89974 5.16829
H -3.23501 -9.09029 3.7546
H -2.58144 -7.33023 5.67718
H -3.10284 -2.69732 0.28523
H -1.38218 -3.09828 -0.01715
H 0.5377 -1.08284 1.87135
H -0.24785 -0.60065 0.32025
H 1.52775 -0.30875 0.57566
H 2.7214 -3.79094 3.42702
H 2.56553 -5.5022 3.88302
H 0.79041 -4.32016 4.9389
H 0.28394 -3.51451 3.39003
$end

$opt
CONSTRAINT
tors           1           2           3           4    -102.951
tors           3           4           5           6     -97.257
tors           4           5           6           7    +170.640
tors           5           6           7           8    +164.583
tors           6           7           8           9     +42.684
tors           7           8           9          10    +102.399
tors           8           9          10          11    -180.000
tors           9          10          11          12    +136.284
tors          11          12          13          14    +167.575
ENDCONSTRAINT
$end

$rem
JOBTYPE                   OPT
METHOD                    B3LYP
DFT_D                     d3_op
BASIS                     STO-3G
GEOM_OPT_MAX_CYCLES       100
GEOM_OPT_TOL_GRADIENT     300
GEOM_OPT_TOL_DISPLACEMENT 1200
GEOM_OPT_TOL_ENERGY       100
SYMMETRY                  False
THRESH                    12
SCF_CONVERGENCE           8
MAX_SUB_FILE_NUM          128
MEM_STATIC                400
MEM_TOTAL                 4000
$end
