$molecule
0  1
O -3.94934 -3.66094 2.70899
C -3.26408 -4.56952 2.26188
C -3.36658 -6.02376 2.66595
C -2.16419 -6.63423 3.40448
C -1.06704 -5.67669 3.81373
O -0.30143 -5.35722 2.72874
C 0.7544 -4.44029 3.0349
C 1.92856 -4.65467 2.08541
O 1.68146 -3.98051 0.84149
C 2.29256 -2.77834 0.69836
C 1.99417 -2.12085 -0.62804
C 1.37298 -0.7198 -0.53081
C 1.47036 -0.04632 0.82331
O 1.12774 1.10084 1.07067
O -2.33536 -4.27951 1.31279
O 1.77264 -0.73147 1.95553
O 3.30805 -2.47831 1.32261
C 1.81137 -0.22276 3.24048
C 3.2499 -1.82227 -1.47076
C 2.86632 -1.70451 -2.94508
C 2.10906 -0.39212 -2.93545
C 2.32217 0.03755 -1.47908
O 3.58125 -0.49568 -1.1449
H 1.33348 -2.80536 -1.20942
H 0.30896 -0.67846 -0.85155
H 4.0557 -2.57743 -1.34012
H 3.81268 -1.56448 -3.51541
H 2.31077 -2.56952 -3.36695
H 2.61667 0.31005 -3.63351
H 1.02804 -0.4644 -3.18425
H 2.22287 1.14175 -1.38517
O -0.85462 -5.30825 4.96485
C -2.06886 -3.01085 0.84115
C -4.48446 -6.26057 3.70381
C -4.92838 -7.72277 3.67492
C -3.74157 -8.38786 4.33401
C -2.88611 -7.16147 4.66543
O -3.82952 -6.15695 4.94165
H -3.61403 -6.58243 1.73575
H -1.68556 -7.4808 2.86289
H -1.72382 -2.35889 1.67204
H -5.3683 -5.60127 3.55973
H -5.8088 -7.82241 4.34958
H -5.19124 -8.10807 2.66628
H -4.08804 -8.871 5.27499
H -3.19996 -9.12816 3.70646
H -2.18189 -7.41081 5.4898
H -2.97802 -2.57645 0.37354
H -1.26508 -3.06766 0.07839
H 2.09448 -1.03394 3.94228
H 0.81162 0.16551 3.52986
H 2.56702 0.58874 3.30754
H 2.832 -4.26755 2.60712
H 2.13384 -5.73357 1.91895
H 1.19558 -4.70114 4.02628
H 0.409 -3.38426 3.07695
$end

$opt
CONSTRAINT
tors           1           2           3           4    -113.844
tors           3           4           5           6     -77.128
tors           4           5           6           7    +179.402
tors           5           6           7           8    +151.386
tors           6           7           8           9     +81.602
tors           7           8           9          10     +99.596
tors           8           9          10          11    -180.000
tors           9          10          11          12    +123.058
tors          11          12          13          14    +174.195
ENDCONSTRAINT
$end

$rem
JOBTYPE                   OPT
METHOD                    B3LYP
DFT_D                     d3_op
BASIS                     STO-3G
GEOM_OPT_MAX_CYCLES       100
GEOM_OPT_TOL_GRADIENT     300
GEOM_OPT_TOL_DISPLACEMENT 1200
GEOM_OPT_TOL_ENERGY       100
SYMMETRY                  False
THRESH                    12
SCF_CONVERGENCE           8
MAX_SUB_FILE_NUM          128
MEM_STATIC                400
MEM_TOTAL                 4000
$end
