$molecule
0  1
O -3.94934 -3.66094 2.70899
C -3.26408 -4.56952 2.26188
C -3.36658 -6.02376 2.66595
C -2.55813 -6.47011 3.89519
C -1.87811 -5.37643 4.68861
O -0.67028 -5.0772 4.12555
C 0.03034 -4.03678 4.81542
C 1.43847 -3.88634 4.24915
O 1.37167 -3.4949 2.86886
C 2.01827 -2.3443 2.55711
C 1.95247 -2.01265 1.08526
C 1.66134 -0.53898 0.76617
C 1.83252 0.43253 1.91664
O 1.73405 1.64855 1.83812
O -2.26321 -4.26803 1.39409
O 1.75721 0.02566 3.21033
O 2.99497 -1.98539 3.21267
C 1.78832 0.83297 4.33306
C 3.29823 -2.20208 0.35566
C 3.05058 -2.40489 -1.13833
C 2.60437 -1.01412 -1.54047
C 2.81453 -0.26607 -0.21845
O 3.89725 -0.93138 0.38538
H 1.20602 -2.68929 0.61216
H 0.65758 -0.3647 0.32043
H 3.90401 -3.04061 0.76398
H 4.04111 -2.60928 -1.60473
H 2.34715 -3.22354 -1.40284
H 3.29752 -0.63719 -2.32494
H 1.55169 -0.93414 -1.88874
H 2.95973 0.82032 -0.41011
O -2.26994 -4.94265 5.76752
C -1.97364 -2.99312 0.95516
C -4.79792 -6.36861 3.12953
C -5.04552 -7.87126 3.00378
C -4.20173 -8.38829 4.14657
C -3.70575 -7.06678 4.74275
O -4.7676 -6.17449 4.51949
H -3.14977 -6.62707 1.75572
H -1.80509 -7.26217 3.68342
H -1.68275 -2.34955 1.8131
H -5.58365 -5.80961 2.57462
H -6.11738 -8.05489 3.24389
H -4.81281 -8.30278 2.00651
H -4.87061 -8.90578 4.87011
H -3.36573 -9.06069 3.85625
H -3.41481 -7.22327 5.80521
H -2.8542 -2.55695 0.43689
H -1.13011 -3.03922 0.23801
H 1.7174 0.19635 5.2387
H 0.92939 1.53739 4.32524
H 2.74284 1.4002 4.36828
H 1.97247 -3.16142 4.90456
H 1.96669 -4.86088 4.32338
H 0.15009 -4.30891 5.88972
H -0.51963 -3.07191 4.7381
$end

$opt
CONSTRAINT
tors           1           2           3           4     -86.333
tors           3           4           5           6     -84.569
tors           4           5           6           7    +179.402
tors           5           6           7           8    +172.453
tors           6           7           8           9     +62.666
tors           7           8           9          10    +123.035
tors           8           9          10          11    +177.978
tors           9          10          11          12    +136.652
tors          11          12          13          14    +174.902
ENDCONSTRAINT
$end

$rem
JOBTYPE                   OPT
METHOD                    B3LYP
DFT_D                     d3_op
BASIS                     STO-3G
GEOM_OPT_MAX_CYCLES       100
GEOM_OPT_TOL_GRADIENT     300
GEOM_OPT_TOL_DISPLACEMENT 1200
GEOM_OPT_TOL_ENERGY       100
SYMMETRY                  False
THRESH                    12
SCF_CONVERGENCE           8
MAX_SUB_FILE_NUM          128
MEM_STATIC                400
MEM_TOTAL                 4000
$end
