$molecule
0  1
O -3.94934 -3.66094 2.70899
C -3.26408 -4.56952 2.26188
C -3.36658 -6.02376 2.66595
C -2.15674 -6.63937 3.38786
C -1.05071 -5.68628 3.78335
O -0.29841 -5.36859 2.68857
C 0.76487 -4.45598 2.98152
C 1.90577 -4.64134 1.98647
O 1.45186 -4.33472 0.65876
C 2.29348 -3.57371 -0.084
C 1.76068 -3.28637 -1.46756
C 0.91659 -2.00876 -1.58373
C 1.02276 -1.03892 -0.42405
O 0.50015 0.0651 -0.37322
O -2.34185 -4.2813 1.30896
O 1.74148 -1.33333 0.69209
O 3.47508 -3.40528 0.20071
C 1.87789 -0.5314 1.80849
C 2.86177 -2.96432 -2.50867
C 2.33943 -3.2482 -3.91676
C 1.34032 -2.12203 -4.07888
C 1.60076 -1.33956 -2.78673
O 2.96171 -1.56239 -2.5128
H 1.23786 -4.20396 -1.82229
H -0.16092 -2.21774 -1.7511
H 3.80887 -3.52246 -2.34195
H 3.18916 -3.07131 -4.61501
H 1.93574 -4.26913 -4.08849
H 1.62569 -1.52573 -4.97379
H 0.27659 -2.43687 -4.15101
H 1.29796 -0.27605 -2.91021
O -0.81667 -5.32412 4.93211
C -2.08266 -3.01388 0.83523
C -4.47228 -6.25909 3.7168
C -4.92021 -7.72014 3.69131
C -3.72739 -8.38915 4.33556
C -2.86426 -7.16562 4.65738
O -3.80151 -6.15881 4.94645
H -3.62527 -6.58032 1.73753
H -1.68841 -7.48684 2.83868
H -1.73724 -2.35807 1.66286
H -5.35605 -5.59726 3.5845
H -5.79295 -7.81877 4.37597
H -5.19561 -8.10316 2.68512
H -4.06376 -8.87154 5.28055
H -3.19589 -9.131 3.70119
H -2.15056 -7.41788 5.47263
H -2.99312 -2.58437 0.3657
H -1.28153 -3.07766 0.07635
H 2.52217 -1.04852 2.5488
H 0.88401 -0.34597 2.26892
H 2.35343 0.43357 1.53165
H 2.75389 -4.0044 2.32725
H 2.2313 -5.70341 2.02127
H 1.22833 -4.66658 3.9736
H 0.39207 -3.40861 2.96733
$end

$opt
CONSTRAINT
tors           1           2           3           4    -114.636
tors           3           4           5           6     -77.128
tors           4           5           6           7    +179.408
tors           5           6           7           8    +153.317
tors           6           7           8           9     +62.666
tors           7           8           9          10    +135.638
tors           8           9          10          11    -180.000
tors           9          10          11          12     +90.202
tors          11          12          13          14    +174.902
ENDCONSTRAINT
$end

$rem
JOBTYPE                   OPT
METHOD                    B3LYP
DFT_D                     d3_op
BASIS                     STO-3G
GEOM_OPT_MAX_CYCLES       100
GEOM_OPT_TOL_GRADIENT     300
GEOM_OPT_TOL_DISPLACEMENT 1200
GEOM_OPT_TOL_ENERGY       100
SYMMETRY                  False
THRESH                    12
SCF_CONVERGENCE           8
MAX_SUB_FILE_NUM          128
MEM_STATIC                400
MEM_TOTAL                 4000
$end
