$molecule
0  1
O -3.94934 -3.66094 2.70899
C -3.26408 -4.56952 2.26188
C -3.36658 -6.02376 2.66595
C -2.27333 -6.57303 3.59705
C -1.29943 -5.56331 4.16282
O -0.38374 -5.21763 3.21023
C 0.5678 -4.25116 3.66823
C 1.55471 -3.91654 2.5546
O 0.86004 -3.32041 1.44783
C 0.52164 -2.01668 1.60575
C -0.20498 -1.44843 0.41002
C -1.49129 -0.67742 0.74055
C -1.67098 -0.28372 2.19293
O -2.51331 0.49395 2.61751
O -2.811 -4.47558 0.98231
O -1.23017 -1.11731 3.17691
O 1.07389 -1.29299 2.43067
C -1.46488 -0.93617 4.53212
C 0.60953 -0.36555 -0.32229
C 0.11891 -0.23711 -1.76357
C -1.23447 0.40555 -1.54252
C -1.18693 0.62773 -0.02586
O 0.17613 0.84178 0.24811
H -0.38662 -2.27913 -0.30567
H -2.43903 -1.12246 0.39639
H 1.70567 -0.55279 -0.30169
H 0.78465 0.4996 -2.26806
H 0.10554 -1.17988 -2.35172
H -1.25293 1.37723 -2.08433
H -2.10963 -0.21372 -1.83654
H -1.87123 1.45784 0.25838
O -1.2625 -5.19586 5.33287
C -3.28311 -3.62501 0.00474
C -4.62328 -6.29024 3.52383
C -5.00885 -7.76758 3.45468
C -3.90924 -8.38246 4.29023
C -3.16287 -7.12093 4.73566
O -4.17323 -6.1503 4.84682
H -3.4567 -6.63226 1.73596
H -1.67584 -7.39792 3.14792
H -2.43788 -3.11317 -0.4798
H -5.49564 -5.66415 3.23377
H -5.97386 -7.8864 3.99779
H -5.11295 -8.17814 2.42732
H -4.37435 -8.88175 5.16948
H -3.24693 -9.09714 3.75552
H -2.58727 -7.33632 5.66295
H -4.02759 -2.89646 0.39041
H -3.77205 -4.2326 -0.78412
H -0.9829 -1.74076 5.11812
H -2.55572 -0.96267 4.74111
H -1.04229 0.03641 4.86377
H 2.38741 -3.2717 2.9151
H 2.01192 -4.8694 2.21281
H 1.14867 -4.67552 4.51831
H 0.06477 -3.32772 4.0032
$end

$opt
CONSTRAINT
tors           1           2           3           4    -104.211
tors           3           4           5           6     -77.128
tors           4           5           6           7    +179.402
tors           5           6           7           8    +179.956
tors           6           7           8           9     +62.666
tors           7           8           9          10     +77.613
tors           8           9          10          11    -180.000
tors           9          10          11          12    +131.418
tors          11          12          13          14    +168.474
ENDCONSTRAINT
$end

$rem
JOBTYPE                   OPT
METHOD                    B3LYP
DFT_D                     d3_op
BASIS                     STO-3G
GEOM_OPT_MAX_CYCLES       100
GEOM_OPT_TOL_GRADIENT     300
GEOM_OPT_TOL_DISPLACEMENT 1200
GEOM_OPT_TOL_ENERGY       100
SYMMETRY                  False
THRESH                    12
SCF_CONVERGENCE           8
MAX_SUB_FILE_NUM          128
MEM_STATIC                400
MEM_TOTAL                 4000
$end
