$molecule
0  1
O -3.94934 -3.66094 2.70899
C -3.26408 -4.56952 2.26188
C -3.36658 -6.02376 2.66595
C -2.44656 -6.50438 3.80015
C -1.65437 -5.43804 4.52364
O -0.62343 -5.01129 3.73594
C 0.1675 -3.98777 4.3492
C 1.39769 -3.69281 3.49729
O 1.15292 -2.54916 2.66362
C 1.23495 -1.34645 3.28484
C 1.01306 -0.18358 2.34721
C 0.01142 0.86816 2.84605
C -0.34033 0.79959 4.31855
O -1.00077 1.62779 4.92885
O -2.20921 -4.25534 1.4648
O -0.29673 -0.38308 4.98792
O 1.85425 -1.20243 4.33681
C -0.70467 -0.59723 6.29298
C 2.27103 0.68269 2.14615
C 2.16482 1.44701 0.82765
C 1.07877 2.44653 1.16904
C 0.87412 2.13206 2.6559
O 2.14263 1.71036 3.09549
H 0.70256 -0.59292 1.35774
H -0.93822 0.90299 2.26859
H 3.21612 0.09744 2.17969
H 3.12443 1.99628 0.69376
H 1.9712 0.82553 -0.07299
H 1.49126 3.47109 1.03421
H 0.13269 2.33621 0.59595
H 0.45044 3.01759 3.17965
O -1.85097 -5.07201 5.67824
C -1.8821 -2.97199 1.07818
C -4.74603 -6.3308 3.29498
C -5.0579 -7.82202 3.17758
C -4.09644 -8.38848 4.19735
C -3.50051 -7.09427 4.76113
O -4.55168 -6.16701 4.67619
H -3.28704 -6.62457 1.73234
H -1.72804 -7.29169 3.48012
H -1.66258 -2.34743 1.97089
H -5.57486 -5.7404 2.84543
H -6.09687 -7.97169 3.54992
H -4.97114 -8.24581 2.15401
H -4.68556 -8.91717 4.97961
H -3.31345 -9.0641 3.79001
H -3.09392 -7.2814 5.77959
H -2.71716 -2.52113 0.5008
H -0.97809 -3.00424 0.43617
H -0.52692 -1.6574 6.56446
H -1.78916 -0.38088 6.39822
H -0.12166 0.04753 6.98464
H 2.28976 -3.5087 4.13867
H 1.66201 -4.58331 2.88787
H 0.56948 -4.42172 5.29435
H -0.41266 -3.07719 4.60851
$end

$opt
CONSTRAINT
tors           1           2           3           4     -92.643
tors           3           4           5           6     -74.646
tors           4           5           6           7    +179.402
tors           5           6           7           8    +172.585
tors           6           7           8           9     +97.099
tors           7           8           9          10     +77.613
tors           8           9          10          11    +178.098
tors           9          10          11          12    +131.418
tors          11          12          13          14    +171.774
ENDCONSTRAINT
$end

$rem
JOBTYPE                   OPT
METHOD                    B3LYP
DFT_D                     d3_op
BASIS                     STO-3G
GEOM_OPT_MAX_CYCLES       100
GEOM_OPT_TOL_GRADIENT     300
GEOM_OPT_TOL_DISPLACEMENT 1200
GEOM_OPT_TOL_ENERGY       100
SYMMETRY                  False
THRESH                    12
SCF_CONVERGENCE           8
MAX_SUB_FILE_NUM          128
MEM_STATIC                400
MEM_TOTAL                 4000
$end
