$molecule
0  1
O -3.94934 -3.66094 2.70899
C -3.26408 -4.56952 2.26188
C -3.36658 -6.02376 2.66595
C -2.43309 -6.50895 3.78713
C -1.62715 -5.44631 4.5008
O -0.60538 -5.02267 3.69959
C 0.19764 -4.00273 4.30303
C 1.41728 -3.71156 3.43479
O 1.26006 -2.44314 2.77961
C 1.32231 -1.35696 3.58923
C 1.16989 -0.05485 2.83959
C 0.15535 0.92593 3.44543
C -0.281 0.63136 4.86654
O -0.70984 1.45518 5.66151
O -2.21161 -4.25674 1.46119
O -0.7277 -0.63575 5.09484
O 1.71117 -1.40621 4.75241
C -1.35305 -1.04809 6.25903
C 2.44844 0.80555 2.85885
C 2.44141 1.75919 1.66577
C 1.33473 2.71044 2.07343
C 1.03474 2.19235 3.48594
O 2.2677 1.6876 3.9381
H 0.92322 -0.29228 1.77845
H -0.76361 1.04299 2.8303
H 3.38343 0.20345 2.8682
H 3.41011 2.30849 1.68968
H 2.31598 1.2864 0.66797
H 1.75292 3.74102 2.10365
H 0.4253 2.68389 1.43468
H 0.58785 3.00353 4.1018
O -1.80654 -5.08138 5.65853
C -1.88082 -2.97392 1.07657
C -4.73845 -6.32663 3.31355
C -5.05721 -7.81659 3.19894
C -4.08407 -8.38751 4.20501
C -3.47591 -7.09601 4.76184
O -4.52476 -6.1649 4.69213
H -3.30164 -6.6238 1.73073
H -1.72187 -7.29852 3.45652
H -1.65185 -2.35354 1.96992
H -5.57142 -5.73309 2.87594
H -6.09156 -7.96296 3.58521
H -4.98586 -8.23962 2.17387
H -4.66441 -8.91484 4.99472
H -3.30914 -9.06554 3.78644
H -3.05616 -7.28565 5.77448
H -2.71732 -2.51747 0.50556
H -0.9811 -3.00897 0.42874
H -1.62337 -2.11966 6.18383
H -2.28677 -0.46833 6.42098
H -0.67113 -0.91207 7.12546
H 2.34621 -3.68607 4.05038
H 1.56756 -4.52405 2.6921
H 0.60154 -4.42079 5.2545
H -0.39091 -3.09991 4.54369
$end

$opt
CONSTRAINT
tors           1           2           3           4     -93.451
tors           3           4           5           6     -74.646
tors           4           5           6           7    +179.402
tors           5           6           7           8    +172.585
tors           6           7           8           9    +107.004
tors           7           8           9          10     +69.536
tors           8           9          10          11    +179.184
tors           9          10          11          12    +131.418
tors          11          12          13          14    +155.247
ENDCONSTRAINT
$end

$rem
JOBTYPE                   OPT
METHOD                    B3LYP
DFT_D                     d3_op
BASIS                     STO-3G
GEOM_OPT_MAX_CYCLES       100
GEOM_OPT_TOL_GRADIENT     300
GEOM_OPT_TOL_DISPLACEMENT 1200
GEOM_OPT_TOL_ENERGY       100
SYMMETRY                  False
THRESH                    12
SCF_CONVERGENCE           8
MAX_SUB_FILE_NUM          128
MEM_STATIC                400
MEM_TOTAL                 4000
$end
