$molecule
0  1
O -3.94934 -3.66094 2.70899
C -3.26408 -4.56952 2.26188
C -3.36658 -6.02376 2.66595
C -2.37395 -6.53034 3.72515
C -1.50697 -5.48515 4.39149
O -0.43388 -5.19731 3.59711
C 0.42983 -4.20203 4.1563
C 1.78165 -4.22253 3.45039
O 1.90532 -3.07431 2.59648
C 1.94115 -1.87654 3.23147
C 2.09155 -0.71164 2.28224
C 1.09186 0.43365 2.49949
C 0.34556 0.41805 3.81839
O -0.23611 1.37179 4.31498
O -2.20987 -4.25785 1.46301
O -0.20703 -0.76954 4.19706
O 2.11846 -1.76305 4.44116
C -1.09693 -0.91375 5.25313
C 3.4281 0.03663 2.44975
C 3.76608 0.77796 1.15761
C 2.71608 1.87032 1.17741
C 2.08092 1.61522 2.5501
O 3.13356 1.09546 3.32593
H 2.03554 -1.10409 1.24016
H 0.33698 0.52052 1.68756
H 4.26902 -0.62763 2.74709
H 4.76688 1.24342 1.30718
H 3.78722 0.15773 0.23581
H 3.23463 2.85441 1.15308
H 1.95773 1.81621 0.36642
H 1.61137 2.54797 2.93327
O -1.66765 -5.06201 5.53223
C -1.8659 -2.97434 1.09265
C -4.70389 -6.30811 3.38769
C -5.04785 -7.7941 3.29446
C -4.03463 -8.37424 4.25395
C -3.37252 -7.09006 4.76337
O -4.4094 -6.14325 4.75005
H -3.35784 -6.61754 1.72469
H -1.70928 -7.34915 3.36902
H -1.62725 -2.36774 1.99284
H -5.55202 -5.70494 2.99473
H -6.06425 -7.92909 3.72929
H -5.02847 -8.21748 2.26721
H -4.58289 -8.87672 5.08196
H -3.30003 -9.07693 3.80459
H -2.89875 -7.28157 5.75172
H -2.69847 -2.50159 0.52927
H -0.96779 -3.01161 0.44261
H -1.41623 -1.96836 5.35535
H -2.0087 -0.30443 5.07504
H -0.61404 -0.5967 6.2022
H 2.61285 -4.193 4.19319
H 1.91519 -5.16526 2.87795
H 0.67285 -4.51411 5.19953
H -0.05217 -3.21869 4.19985
$end

$opt
CONSTRAINT
tors           1           2           3           4     -97.151
tors           3           4           5           6     -82.194
tors           4           5           6           7    +179.402
tors           5           6           7           8    +163.422
tors           6           7           8           9    +107.004
tors           7           8           9          10     +65.524
tors           8           9          10          11    +179.184
tors           9          10          11          12    +130.600
tors          11          12          13          14    +161.717
ENDCONSTRAINT
$end

$rem
JOBTYPE                   OPT
METHOD                    B3LYP
DFT_D                     d3_op
BASIS                     STO-3G
GEOM_OPT_MAX_CYCLES       100
GEOM_OPT_TOL_GRADIENT     300
GEOM_OPT_TOL_DISPLACEMENT 1200
GEOM_OPT_TOL_ENERGY       100
SYMMETRY                  False
THRESH                    12
SCF_CONVERGENCE           8
MAX_SUB_FILE_NUM          128
MEM_STATIC                400
MEM_TOTAL                 4000
$end
