$molecule
0  1
O -3.94934 -3.66094 2.70899
C -3.26408 -4.56952 2.26188
C -3.36658 -6.02376 2.66595
C -2.43309 -6.50895 3.78713
C -1.62715 -5.44631 4.5008
O -0.60538 -5.02267 3.69959
C 0.20061 -4.00622 4.30496
C 1.40821 -3.69961 3.4253
O 1.18305 -2.48618 2.6906
C 1.17588 -1.3495 3.43023
C 0.9543 -0.10817 2.59916
C 0.14977 1.00049 3.29334
C -0.00221 0.86517 4.79511
O -0.20567 1.78624 5.57279
O -2.21338 -4.25667 1.45888
O -0.50528 -0.33583 5.2023
O 1.71857 -1.29634 4.53008
C -0.87714 -0.68833 6.48799
C 2.2636 0.64567 2.28844
C 2.07956 1.49063 1.02951
C 1.13594 2.55835 1.54431
C 1.09423 2.19117 3.03334
O 2.35835 1.62947 3.28752
H 0.49418 -0.4185 1.63229
H -0.86673 1.13796 2.86391
H 3.14255 -0.02671 2.17772
H 3.06602 1.96084 0.81381
H 1.73102 0.9463 0.12558
H 1.61213 3.55147 1.3869
H 0.11677 2.54642 1.10053
H 0.83083 3.08601 3.63905
O -1.80541 -5.08225 5.65901
C -1.88866 -2.97434 1.06744
C -4.73842 -6.32669 3.31363
C -5.05718 -7.81666 3.19889
C -4.08393 -8.38768 4.2048
C -3.47581 -7.09622 4.7618
O -4.5247 -6.16513 4.69222
H -3.30185 -6.62382 1.73072
H -1.72178 -7.29835 3.45632
H -1.66435 -2.34779 1.95748
H -5.57143 -5.73313 2.87612
H -6.09149 -7.96305 3.58527
H -4.98596 -8.23961 2.17378
H -4.66417 -8.91521 4.99443
H -3.30895 -9.06555 3.78605
H -3.05601 -7.28597 5.77439
H -2.72696 -2.52525 0.49329
H -0.98813 -3.00815 0.42064
H -0.28891 -1.57457 6.80359
H -1.95381 -0.9553 6.49514
H -0.70267 0.12365 7.22537
H 2.32597 -3.57811 4.0457
H 1.61837 -4.55129 2.74361
H 0.62518 -4.45395 5.23368
H -0.37815 -3.10492 4.60332
$end

$opt
CONSTRAINT
tors           1           2           3           4     -93.451
tors           3           4           5           6     -74.646
tors           4           5           6           7    +179.618
tors           5           6           7           8    +173.479
tors           6           7           8           9    +101.626
tors           7           8           9          10     +69.536
tors           8           9          10          11    +179.184
tors           9          10          11          12    +145.731
tors          11          12          13          14    +155.247
ENDCONSTRAINT
$end

$rem
JOBTYPE                   OPT
METHOD                    B3LYP
DFT_D                     d3_op
BASIS                     STO-3G
GEOM_OPT_MAX_CYCLES       100
GEOM_OPT_TOL_GRADIENT     300
GEOM_OPT_TOL_DISPLACEMENT 1200
GEOM_OPT_TOL_ENERGY       100
SYMMETRY                  False
THRESH                    12
SCF_CONVERGENCE           8
MAX_SUB_FILE_NUM          128
MEM_STATIC                400
MEM_TOTAL                 4000
$end
