$molecule
0  1
O -3.94934 -3.66094 2.70899
C -3.26408 -4.56952 2.26188
C -3.36658 -6.02376 2.66595
C -2.54882 -6.47276 3.88805
C -1.85954 -5.38116 4.67633
O -0.63915 -5.11116 4.12571
C 0.07112 -4.07455 4.81142
C 1.43591 -3.85707 4.1663
O 1.42199 -2.65109 3.38637
C 1.16482 -1.5128 4.07723
C 1.1833 -0.27912 3.20641
C 0.0572 0.72704 3.48534
C -0.68734 0.54003 4.79202
O -1.28511 1.41686 5.39897
O -2.18246 -4.25266 1.50276
O -1.19093 -0.71004 4.99336
O 1.2609 -1.44236 5.2994
C -2.09545 -1.0446 5.98529
C 2.42194 0.60758 3.44702
C 2.68779 1.46135 2.20876
C 1.51444 2.41788 2.27066
C 0.90082 2.01107 3.61663
O 1.99805 1.57069 4.37867
H 1.1922 -0.60657 2.1407
H -0.69976 0.77374 2.67203
H 3.33119 0.02819 3.71988
H 3.62335 2.03169 2.40915
H 2.79764 0.90778 1.2515
H 1.91144 3.45661 2.30615
H 0.77492 2.31738 1.44676
H 0.32338 2.86014 4.04401
O -2.24529 -4.94545 5.75669
C -1.82897 -2.96661 1.15026
C -4.79471 -6.36076 3.14808
C -5.05295 -7.86164 3.02347
C -4.19696 -8.3852 4.1539
C -3.68868 -7.06703 4.74714
O -4.74803 -6.169 4.53777
H -3.16884 -6.62662 1.7513
H -1.8002 -7.26692 3.66843
H -1.62235 -2.36331 2.0608
H -5.58453 -5.79737 2.60344
H -6.12259 -8.03831 3.2784
H -4.83733 -8.29407 2.02277
H -4.85838 -8.90337 4.88375
H -3.36635 -9.05867 3.85087
H -3.38616 -7.22678 5.8059
H -2.6433 -2.49329 0.56111
H -0.90995 -2.99892 0.52997
H -2.34667 -2.12124 5.91416
H -3.03398 -0.46301 5.86223
H -1.65584 -0.84329 6.98537
H 2.20774 -3.734 4.96082
H 1.74729 -4.73618 3.56283
H 0.27266 -4.45789 5.83852
H -0.53374 -3.15739 4.91273
$end

$opt
CONSTRAINT
tors           1           2           3           4     -86.838
tors           3           4           5           6     -86.296
tors           4           5           6           7    +179.402
tors           5           6           7           8    +178.392
tors           6           7           8           9    +104.815
tors           7           8           9          10     +60.962
tors           8           9          10          11    +179.184
tors           9          10          11          12    +137.659
tors          11          12          13          14    +155.247
ENDCONSTRAINT
$end

$rem
JOBTYPE                   OPT
METHOD                    B3LYP
DFT_D                     d3_op
BASIS                     STO-3G
GEOM_OPT_MAX_CYCLES       100
GEOM_OPT_TOL_GRADIENT     300
GEOM_OPT_TOL_DISPLACEMENT 1200
GEOM_OPT_TOL_ENERGY       100
SYMMETRY                  False
THRESH                    12
SCF_CONVERGENCE           8
MAX_SUB_FILE_NUM          128
MEM_STATIC                400
MEM_TOTAL                 4000
$end
