$molecule
0  1
O -3.94934 -3.66094 2.70899
C -3.26408 -4.56952 2.26188
C -3.36658 -6.02376 2.66595
C -2.48965 -6.49044 3.83943
C -1.74112 -5.41288 4.5922
O -0.52352 -5.20116 4.01078
C 0.24158 -4.18121 4.66161
C 1.61491 -4.05775 4.00982
O 1.55989 -3.11559 2.92714
C 1.00438 -1.91518 3.22644
C 1.05241 -0.94082 2.07362
C -0.3011 -0.3256 1.68923
C -1.41243 -0.48519 2.70716
O -2.38425 0.24843 2.81646
O -2.53901 -4.34623 1.13433
O -1.54424 -1.63269 3.42503
O 0.89178 -1.48519 4.37135
C -2.48281 -1.76195 4.44317
C 1.88629 0.31875 2.37213
C 2.35495 0.95011 1.0627
C 1.04606 1.49407 0.53048
C 0.11419 1.16407 1.70297
O 0.9448 1.25183 2.83513
H 1.50353 -1.46772 1.20086
H -0.68737 -0.62961 0.69289
H 2.75393 0.12202 3.03946
H 3.01384 1.80688 1.33141
H 2.90114 0.2704 0.37381
H 1.14935 2.59533 0.40874
H 0.68976 1.03671 -0.41787
H -0.75968 1.85219 1.6913
O -2.04638 -5.01733 5.71298
C -2.58685 -3.18936 0.38826
C -4.77212 -6.36521 3.19787
C -5.03213 -7.86606 3.07618
C -4.13626 -8.3938 4.1741
C -3.59592 -7.07954 4.74715
O -4.66323 -6.17881 4.58553
H -3.17647 -6.6288 1.75011
H -1.76576 -7.29361 3.57298
H -2.30794 -2.32237 1.00813
H -5.58186 -5.79776 2.68817
H -6.09184 -8.04935 3.36515
H -4.84697 -8.28954 2.06558
H -4.77346 -8.90227 4.93191
H -3.32614 -9.07816 3.84157
H -3.24984 -7.24485 5.79145
H -3.61156 -3.0382 -0.01273
H -1.87704 -3.2716 -0.46008
H -2.47805 -2.77973 4.85409
H -3.50873 -1.56566 4.06546
H -2.25412 -1.04606 5.2614
H 2.31609 -3.63678 4.76624
H 2.02545 -5.03881 3.68958
H 0.4634 -4.58142 5.67813
H -0.33608 -3.277 4.86204
$end

$opt
CONSTRAINT
tors           1           2           3           4     -90.131
tors           3           4           5           6     -88.982
tors           4           5           6           7    +179.402
tors           5           6           7           8    +176.725
tors           6           7           8           9     +89.140
tors           7           8           9          10     +50.665
tors           8           9          10          11    +176.465
tors           9          10          11          12    +126.449
tors          11          12          13          14    +155.247
ENDCONSTRAINT
$end

$rem
JOBTYPE                   OPT
METHOD                    B3LYP
DFT_D                     d3_op
BASIS                     STO-3G
GEOM_OPT_MAX_CYCLES       100
GEOM_OPT_TOL_GRADIENT     300
GEOM_OPT_TOL_DISPLACEMENT 1200
GEOM_OPT_TOL_ENERGY       100
SYMMETRY                  False
THRESH                    12
SCF_CONVERGENCE           8
MAX_SUB_FILE_NUM          128
MEM_STATIC                400
MEM_TOTAL                 4000
$end
