$molecule
0  1
O -3.94934 -3.66094 2.70899
C -3.26408 -4.56952 2.26188
C -3.36658 -6.02376 2.66595
C -2.54505 -6.47384 3.88512
C -1.85201 -5.38309 4.67128
O -0.59328 -5.18497 4.17956
C 0.12379 -4.15384 4.86647
C 1.56201 -4.08893 4.36306
O 1.72921 -2.9494 3.50492
C 1.43114 -1.7501 4.06346
C 1.8726 -0.58049 3.21624
C 0.96474 0.65553 3.29567
C -0.01914 0.67978 4.4481
O -0.36255 1.67717 5.06604
O -2.18198 -4.25316 1.5034
O -0.87148 -0.38179 4.49602
O 1.29215 -1.61198 5.27622
C -1.94693 -0.49472 5.3529
C 3.21539 0.02909 3.67059
C 3.87213 0.74769 2.49389
C 2.94136 1.93293 2.33428
C 2.03413 1.73503 3.55597
O 2.86101 1.10505 4.5037
H 1.99201 -0.94319 2.16882
H 0.38054 0.81177 2.36242
H 3.91363 -0.71898 4.10607
H 4.85879 1.11562 2.85713
H 4.02685 0.14036 1.57627
H 3.54312 2.86453 2.42243
H 2.34667 1.94703 1.39515
H 1.59402 2.70845 3.86469
O -2.27435 -4.89584 5.71552
C -1.82909 -2.96759 1.14905
C -4.79343 -6.35921 3.15292
C -5.0531 -7.86028 3.03187
C -4.19616 -8.38213 4.16242
C -3.68315 -7.06331 4.74987
O -4.74215 -6.16446 4.54193
H -3.17253 -6.62645 1.75042
H -1.80258 -7.27405 3.66575
H -1.62376 -2.36282 2.05883
H -5.58437 -5.79625 2.60949
H -6.12249 -8.0364 3.28812
H -4.83833 -8.29417 2.03163
H -4.85758 -8.89477 4.89618
H -3.36888 -9.06009 3.86031
H -3.37644 -7.21955 5.80804
H -2.64327 -2.49584 0.55843
H -0.90956 -3.00041 0.52952
H -2.45516 -1.46415 5.17131
H -2.67146 0.32739 5.17074
H -1.59865 -0.46449 6.40729
H 2.24709 -3.94629 5.23087
H 1.87443 -5.03394 3.86987
H 0.20424 -4.48531 5.92828
H -0.44112 -3.19863 4.86829
$end

$opt
CONSTRAINT
tors           1           2           3           4     -87.043
tors           3           4           5           6     -90.887
tors           4           5           6           7    +179.402
tors           5           6           7           8    +174.111
tors           6           7           8           9    +104.815
tors           7           8           9          10     +57.818
tors           8           9          10          11    +168.978
tors           9          10          11          12    +146.796
tors          11          12          13          14    +144.383
ENDCONSTRAINT
$end

$rem
JOBTYPE                   OPT
METHOD                    B3LYP
DFT_D                     d3_op
BASIS                     STO-3G
GEOM_OPT_MAX_CYCLES       100
GEOM_OPT_TOL_GRADIENT     300
GEOM_OPT_TOL_DISPLACEMENT 1200
GEOM_OPT_TOL_ENERGY       100
SYMMETRY                  False
THRESH                    12
SCF_CONVERGENCE           8
MAX_SUB_FILE_NUM          128
MEM_STATIC                400
MEM_TOTAL                 4000
$end
