$molecule
0  1
O -3.94934 -3.66094 2.70899
C -3.26408 -4.56952 2.26188
C -3.36658 -6.02376 2.66595
C -2.31154 -6.5557 3.64971
C -1.37879 -5.53149 4.25721
O -0.31136 -5.3276 3.4299
C 0.58752 -4.32129 3.90802
C 1.84322 -4.2843 3.04316
O 1.79459 -3.15441 2.15781
C 1.74943 -1.94135 2.76245
C 1.71952 -0.79493 1.77987
C 0.7407 0.33457 2.13259
C 0.21449 0.33313 3.55379
O -0.08675 1.32682 4.19909
O -2.22898 -4.26199 1.43673
O -0.40364 -0.81814 3.93729
O 2.03755 -1.77457 3.9441
C -1.13099 -0.97051 5.10223
C 3.04683 -0.01051 1.7269
C 3.16844 0.69546 0.37804
C 2.09649 1.75696 0.51972
C 1.68947 1.54081 1.98329
O 2.86153 1.07236 2.60398
H 1.52429 -1.213 0.76486
H -0.13947 0.36802 1.45369
H 3.94096 -0.64501 1.91338
H 4.1646 1.19384 0.36869
H 3.07799 0.04829 -0.52074
H 2.56944 2.75332 0.37358
H 1.22253 1.64335 -0.15788
H 1.25996 2.4778 2.40075
O -1.47367 -5.08135 5.39487
C -1.89911 -2.98143 1.04426
C -4.65659 -6.29147 3.4738
C -5.02764 -7.77216 3.39998
C -3.96509 -8.36945 4.29316
C -3.24729 -7.0974 4.7547
O -4.26745 -6.13399 4.81291
H -3.42435 -6.61013 1.72185
H -1.6945 -7.39197 3.2505
H -1.64591 -2.36328 1.93179
H -5.52034 -5.67526 3.13977
H -6.01696 -7.89579 3.89621
H -5.07666 -8.19077 2.37175
H -4.46738 -8.85717 5.15838
H -3.27675 -9.08949 3.80021
H -2.71041 -7.29785 5.70847
H -2.74528 -2.51943 0.49241
H -1.01388 -3.02172 0.37691
H -1.53095 -2.00333 5.15557
H -1.98774 -0.26351 5.11568
H -0.4798 -0.79075 5.98407
H 2.74173 -4.1613 3.69151
H 1.98602 -5.23762 2.49108
H 0.94358 -4.66778 4.90649
H 0.08781 -3.34764 4.06133
$end

$opt
CONSTRAINT
tors           1           2           3           4    -101.390
tors           3           4           5           6     -86.296
tors           4           5           6           7    +177.214
tors           5           6           7           8    +172.163
tors           6           7           8           9    +103.661
tors           7           8           9          10     +61.497
tors           8           9          10          11    +179.184
tors           9          10          11          12    +137.659
tors          11          12          13          14    +148.223
ENDCONSTRAINT
$end

$rem
JOBTYPE                   OPT
METHOD                    B3LYP
DFT_D                     d3_op
BASIS                     STO-3G
GEOM_OPT_MAX_CYCLES       100
GEOM_OPT_TOL_GRADIENT     300
GEOM_OPT_TOL_DISPLACEMENT 1200
GEOM_OPT_TOL_ENERGY       100
SYMMETRY                  False
THRESH                    12
SCF_CONVERGENCE           8
MAX_SUB_FILE_NUM          128
MEM_STATIC                400
MEM_TOTAL                 4000
$end
