$molecule
0  1
O -3.94934 -3.66094 2.70899
C -3.26408 -4.56952 2.26188
C -3.36658 -6.02376 2.66595
C -2.31154 -6.5557 3.64971
C -1.37879 -5.53149 4.25721
O -0.32431 -5.30887 3.4182
C 0.59402 -4.32977 3.91547
C 1.81901 -4.25053 3.01035
O 1.67743 -3.1572 2.08977
C 1.57881 -1.92828 2.65472
C 1.45204 -0.8208 1.63586
C 0.41001 0.25494 1.97534
C -0.0826 0.26879 3.40847
O -0.38451 1.26818 4.04457
O -2.23866 -4.26493 1.42382
O -0.63653 -0.89702 3.84117
O 1.88652 -1.70137 3.82123
C -1.32162 -1.04822 5.03101
C 2.72269 0.04681 1.52116
C 2.76588 0.70734 0.14479
C 1.6275 1.6992 0.27399
C 1.27074 1.51474 1.75501
O 2.48581 1.14868 2.36189
H 1.26034 -1.28569 0.6407
H -0.48683 0.19878 1.32015
H 3.66123 -0.51974 1.7081
H 3.72545 1.2707 0.09307
H 2.70004 0.02229 -0.72767
H 2.02752 2.71839 0.07656
H 0.74725 1.49942 -0.37496
H 0.78909 2.43679 2.14797
O -1.45978 -5.0991 5.40283
C -1.92947 -2.98894 1.002
C -4.65603 -6.29101 3.47532
C -5.02864 -7.7712 3.40033
C -3.96464 -8.37073 4.29026
C -3.24635 -7.09973 4.75408
O -4.26581 -6.13579 4.81445
H -3.42687 -6.6106 1.72228
H -1.69293 -7.38932 3.2475
H -1.68263 -2.34877 1.87392
H -5.51976 -5.67381 3.14303
H -6.01686 -7.89388 3.89901
H -5.08105 -8.18906 2.37196
H -4.46556 -8.86172 5.15442
H -3.27629 -9.08849 3.79398
H -2.70906 -7.30234 5.70712
H -2.78501 -2.5514 0.4448
H -1.04684 -3.03056 0.33136
H -1.6735 -2.09587 5.12246
H -2.20781 -0.37869 5.05169
H -0.65343 -0.81639 5.88761
H 2.72434 -4.0489 3.62855
H 2.00206 -5.2141 2.4889
H 0.98266 -4.73368 4.87942
H 0.10763 -3.36463 4.14584
$end

$opt
CONSTRAINT
tors           1           2           3           4    -101.390
tors           3           4           5           6     -85.153
tors           4           5           6           7    +178.963
tors           5           6           7           8    +173.533
tors           6           7           8           9     +97.639
tors           7           8           9          10     +61.497
tors           8           9          10          11    +179.184
tors           9          10          11          12    +137.120
tors          11          12          13          14    +145.248
ENDCONSTRAINT
$end

$rem
JOBTYPE                   OPT
METHOD                    B3LYP
DFT_D                     d3_op
BASIS                     STO-3G
GEOM_OPT_MAX_CYCLES       100
GEOM_OPT_TOL_GRADIENT     300
GEOM_OPT_TOL_DISPLACEMENT 1200
GEOM_OPT_TOL_ENERGY       100
SYMMETRY                  False
THRESH                    12
SCF_CONVERGENCE           8
MAX_SUB_FILE_NUM          128
MEM_STATIC                400
MEM_TOTAL                 4000
$end
