$molecule
0  1
O -3.94934 -3.66094 2.70899
C -3.26408 -4.56952 2.26188
C -3.36658 -6.02376 2.66595
C -2.35793 -6.53655 3.70688
C -1.47422 -5.49646 4.35908
O -0.45834 -5.15411 3.51279
C 0.41081 -4.15278 4.05239
C 1.61141 -3.94867 3.13421
O 1.42538 -2.76586 2.34096
C 1.14617 -1.63545 3.0362
C 0.99612 -0.42173 2.15019
C -0.18052 0.49846 2.50666
C -0.80023 0.27978 3.87225
O -1.21914 1.16022 4.60974
O -2.23639 -4.26384 1.42709
O -1.28586 -0.97171 4.09439
O 1.36728 -1.51133 4.23771
C -2.05834 -1.33347 5.18023
C 2.17194 0.57084 2.26396
C 2.26398 1.40006 0.98473
C 1.01877 2.25433 1.11378
C 0.5555 1.85271 2.52052
O 1.74535 1.53108 3.19886
H 0.93907 -0.77185 1.09304
H -1.00363 0.43513 1.76145
H 3.14566 0.07759 2.47674
H 3.15843 2.0548 1.09467
H 2.34849 0.82686 0.03651
H 1.32295 3.32382 1.07632
H 0.22515 2.05398 0.36152
H -0.05508 2.66757 2.96738
O -1.57419 -5.11553 5.52133
C -1.93315 -2.98871 0.99843
C -4.69065 -6.30348 3.41488
C -5.0454 -7.78685 3.32172
C -4.01337 -8.37849 4.25392
C -3.33645 -7.10072 4.76018
O -4.36838 -6.14851 4.7725
H -3.38147 -6.61723 1.72453
H -1.69805 -7.34833 3.32688
H -1.69266 -2.34155 1.8665
H -5.54369 -5.69403 3.04286
H -6.05191 -7.91666 3.78056
H -5.05445 -8.20632 2.29273
H -4.54505 -8.88899 5.08777
H -3.28919 -9.07703 3.78169
H -2.8443 -7.30105 5.73763
H -2.78935 -2.55962 0.43568
H -1.04818 -3.02949 0.33094
H -2.32449 -2.40676 5.09872
H -2.99733 -0.74019 5.19811
H -1.49171 -1.17256 6.12203
H 2.50926 -3.7618 3.76777
H 1.83851 -4.84487 2.51867
H 0.84467 -4.59841 4.97835
H -0.14947 -3.26163 4.38085
$end

$opt
CONSTRAINT
tors           1           2           3           4     -98.202
tors           3           4           5           6     -78.585
tors           4           5           6           7    +178.963
tors           5           6           7           8    +172.939
tors           6           7           8           9    +101.224
tors           7           8           9          10     +53.436
tors           8           9          10          11    +178.558
tors           9          10          11          12    +137.120
tors          11          12          13          14    +142.449
ENDCONSTRAINT
$end

$rem
JOBTYPE                   OPT
METHOD                    B3LYP
DFT_D                     d3_op
BASIS                     STO-3G
GEOM_OPT_MAX_CYCLES       100
GEOM_OPT_TOL_GRADIENT     300
GEOM_OPT_TOL_DISPLACEMENT 1200
GEOM_OPT_TOL_ENERGY       100
SYMMETRY                  False
THRESH                    12
SCF_CONVERGENCE           8
MAX_SUB_FILE_NUM          128
MEM_STATIC                400
MEM_TOTAL                 4000
$end
