$molecule
0  1
O -3.94934 -3.66094 2.70899
C -3.26408 -4.56952 2.26188
C -3.36658 -6.02376 2.66595
C -2.29269 -6.56405 3.62444
C -1.33975 -5.54681 4.21198
O -0.3331 -5.28807 3.3259
C 0.60011 -4.31294 3.80284
C 1.86199 -4.33004 2.94639
O 1.76682 -3.33527 1.91477
C 1.6543 -2.05505 2.34781
C 1.61474 -1.05325 1.21843
C 0.59295 0.07968 1.3936
C 0.03039 0.25205 2.79021
O -0.2767 1.31797 3.30409
O -2.26898 -4.27366 1.38542
O -0.56408 -0.85106 3.3213
O 1.91206 -1.7156 3.49907
C -1.30142 -0.8646 4.48909
C 2.91721 -0.23677 1.08537
C 3.05052 0.27991 -0.34566
C 1.94013 1.3107 -0.37612
C 1.50419 1.28664 1.09494
O 2.67486 0.95048 1.79862
H 1.45819 -1.61125 0.26591
H -0.2718 -0.0184 0.7013
H 3.82629 -0.8071 1.37706
H 4.02936 0.80856 -0.40234
H 3.00592 -0.48769 -1.14793
H 2.38258 2.29334 -0.65251
H 1.08725 1.07068 -1.04758
H 1.03388 2.25651 1.36835
O -1.38205 -5.12691 5.36436
C -2.02453 -3.0151 0.87962
C -4.63837 -6.28525 3.50512
C -5.02192 -7.76289 3.435
C -3.94045 -8.37176 4.29711
C -3.20428 -7.10653 4.74844
O -4.21609 -6.13659 4.83532
H -3.45304 -6.60898 1.72327
H -1.68639 -7.39753 3.20387
H -1.80582 -2.30991 1.70396
H -5.5062 -5.66228 3.19515
H -5.99842 -7.88051 3.95744
H -5.10238 -8.1778 2.40725
H -4.42344 -8.86394 5.17073
H -3.26765 -9.09074 3.78162
H -2.64617 -7.31545 5.68803
H -2.90555 -2.65584 0.30648
H -1.14664 -3.05748 0.20273
H -1.67433 -1.89234 4.67588
H -2.17591 -0.18554 4.39887
H -0.66621 -0.55066 5.3446
H 2.74464 -4.07194 3.57668
H 2.05458 -5.34201 2.53062
H 0.96448 -4.68289 4.79032
H 0.13633 -3.3262 3.98822
$end

$opt
CONSTRAINT
tors           1           2           3           4    -102.756
tors           3           4           5           6     -82.650
tors           4           5           6           7    +178.963
tors           5           6           7           8    +165.727
tors           6           7           8           9     +94.670
tors           7           8           9          10     +61.497
tors           8           9          10          11    +177.669
tors           9          10          11          12    +138.329
tors          11          12          13          14    +145.672
ENDCONSTRAINT
$end

$rem
JOBTYPE                   OPT
METHOD                    B3LYP
DFT_D                     d3_op
BASIS                     STO-3G
GEOM_OPT_MAX_CYCLES       100
GEOM_OPT_TOL_GRADIENT     300
GEOM_OPT_TOL_DISPLACEMENT 1200
GEOM_OPT_TOL_ENERGY       100
SYMMETRY                  False
THRESH                    12
SCF_CONVERGENCE           8
MAX_SUB_FILE_NUM          128
MEM_STATIC                400
MEM_TOTAL                 4000
$end
