$molecule
0  1
O -3.94934 -3.66094 2.70899
C -3.26408 -4.56952 2.26188
C -3.36658 -6.02376 2.66595
C -2.31869 -6.55263 3.65896
C -1.39355 -5.52586 4.27374
O -0.33251 -5.30124 3.44359
C 0.53462 -4.26074 3.90695
C 1.78445 -4.19114 3.03562
O 1.58678 -3.24778 1.97078
C 1.35882 -1.96875 2.35971
C 1.1652 -1.02562 1.19623
C 0.06736 0.02975 1.3942
C -0.41697 0.22044 2.81749
O -0.69931 1.29265 3.33248
O -2.27781 -4.27998 1.37447
O -0.92131 -0.88937 3.42219
O 1.63575 -1.55778 3.48268
C -1.56132 -0.89854 4.64523
C 2.38357 -0.11196 0.94398
C 2.38501 0.34241 -0.51414
C 1.18897 1.27319 -0.51891
C 0.84985 1.2903 0.97773
O 2.08625 1.08675 1.6168
H 0.99983 -1.63677 0.27868
H -0.82809 -0.17557 0.7683
H 3.35403 -0.59045 1.20093
H 3.30896 0.9483 -0.65586
H 2.35997 -0.46407 -1.2782
H 1.52527 2.27307 -0.8722
H 0.31942 0.92599 -1.11828
H 0.31629 2.2309 1.23677
O -1.49269 -5.08035 5.41282
C -2.06781 -3.03523 0.82434
C -4.66101 -6.28914 3.46925
C -5.03439 -7.76919 3.39479
C -3.97497 -8.36799 4.29045
C -3.26013 -7.09626 4.75762
O -4.27953 -6.13215 4.81054
H -3.42742 -6.61337 1.72396
H -1.69513 -7.38578 3.26357
H -1.8693 -2.29811 1.62293
H -5.52286 -5.67247 3.13105
H -6.02487 -7.88965 3.88957
H -5.08323 -8.18948 2.36724
H -4.48022 -8.85995 5.15151
H -3.28287 -9.08455 3.79766
H -2.72853 -7.29742 5.71419
H -2.95901 -2.71999 0.24116
H -1.19101 -3.07884 0.14666
H -1.87178 -1.93555 4.88744
H -2.46833 -0.25827 4.60847
H -0.87376 -0.5343 5.43803
H 2.64347 -3.83169 3.64791
H 2.0646 -5.19544 2.65253
H 0.91194 -4.58935 4.90336
H 0.00636 -3.30085 4.06506
$end

$opt
CONSTRAINT
tors           1           2           3           4    -100.883
tors           3           4           5           6     -85.153
tors           4           5           6           7    +175.280
tors           5           6           7           8    +172.563
tors           6           7           8           9     +92.378
tors           7           8           9          10     +61.497
tors           8           9          10          11    +179.750
tors           9          10          11          12    +140.139
tors          11          12          13          14    +140.940
ENDCONSTRAINT
$end

$rem
JOBTYPE                   OPT
METHOD                    B3LYP
DFT_D                     d3_op
BASIS                     STO-3G
GEOM_OPT_MAX_CYCLES       100
GEOM_OPT_TOL_GRADIENT     300
GEOM_OPT_TOL_DISPLACEMENT 1200
GEOM_OPT_TOL_ENERGY       100
SYMMETRY                  False
THRESH                    12
SCF_CONVERGENCE           8
MAX_SUB_FILE_NUM          128
MEM_STATIC                400
MEM_TOTAL                 4000
$end
