$molecule
0  1
O -3.94934 -3.66094 2.70899
C -3.26408 -4.56952 2.26188
C -3.36658 -6.02376 2.66595
C -2.24815 -6.58537 3.55901
C -1.24669 -5.58607 4.09432
O -0.25832 -5.38132 3.1742
C 0.68495 -4.3815 3.57402
C 1.80568 -4.27478 2.54509
O 1.46873 -3.29066 1.55471
C 1.18914 -2.05317 2.03387
C 0.98139 -1.03208 0.94077
C -0.15634 -0.03277 1.19618
C -0.67054 0.03329 2.62023
O -1.00465 1.05264 3.20662
O -2.3356 -4.29469 1.30981
O -1.11148 -1.13955 3.15085
O 1.49455 -1.69033 3.16652
C -1.74916 -1.26546 4.36827
C 2.17019 -0.0628 0.7706
C 2.17066 0.49761 -0.65011
C 0.94517 1.388 -0.60101
C 0.58814 1.28096 0.88764
O 1.82394 1.07166 1.52655
H 0.84209 -1.58048 -0.01992
H -1.03323 -0.22072 0.53958
H 3.15353 -0.52662 1.00428
H 3.07568 1.14122 -0.73683
H 2.17865 -0.25169 -1.47067
H 1.2532 2.42219 -0.8717
H 0.09477 1.06118 -1.2381
H 0.01968 2.18114 1.2086
O -1.2259 -5.15774 5.24408
C -2.2733 -3.11344 0.60398
C -4.59285 -6.27081 3.57433
C -5.00038 -7.74284 3.52191
C -3.88238 -8.36922 4.32248
C -3.10284 -7.11613 4.73256
O -4.09386 -6.13187 4.87863
H -3.51284 -6.60341 1.72715
H -1.68271 -7.42983 3.10452
H -2.17114 -2.25728 1.29082
H -5.46849 -5.63566 3.31548
H -5.94874 -7.84946 4.096
H -5.14163 -8.15257 2.49865
H -4.32356 -8.85363 5.22219
H -3.25133 -9.09912 3.77084
H -2.49548 -7.3355 5.63866
H -3.19736 -2.98416 0.00157
H -1.39969 -3.14065 -0.07893
H -1.99519 -2.33299 4.54165
H -2.69296 -0.67968 4.36945
H -1.08418 -0.91303 5.18527
H 2.727 -3.91737 3.05984
H 2.04848 -5.25908 2.09141
H 1.17979 -4.77639 4.49153
H 0.18495 -3.44337 3.87797
$end

$opt
CONSTRAINT
tors           1           2           3           4    -106.191
tors           3           4           5           6     -85.153
tors           4           5           6           7    +176.263
tors           5           6           7           8    +176.214
tors           6           7           8           9     +90.906
tors           7           8           9          10     +56.173
tors           8           9          10          11    +174.133
tors           9          10          11          12    +140.139
tors          11          12          13          14    +141.275
ENDCONSTRAINT
$end

$rem
JOBTYPE                   OPT
METHOD                    B3LYP
DFT_D                     d3_op
BASIS                     STO-3G
GEOM_OPT_MAX_CYCLES       100
GEOM_OPT_TOL_GRADIENT     300
GEOM_OPT_TOL_DISPLACEMENT 1200
GEOM_OPT_TOL_ENERGY       100
SYMMETRY                  False
THRESH                    12
SCF_CONVERGENCE           8
MAX_SUB_FILE_NUM          128
MEM_STATIC                400
MEM_TOTAL                 4000
$end
