$molecule
0  1
O -3.94934 -3.66094 2.70899
C -3.26408 -4.56952 2.26188
C -3.36658 -6.02376 2.66595
C -2.31869 -6.55263 3.65896
C -1.39355 -5.52586 4.27374
O -0.33251 -5.30124 3.44359
C 0.47317 -4.18914 3.84778
C 1.73126 -4.1119 2.98909
O 1.50686 -3.24079 1.8694
C 1.21563 -1.95352 2.18127
C 0.99674 -1.08809 0.96317
C -0.15048 -0.07473 1.08676
C -0.66383 0.17424 2.49075
O -1.15693 1.21914 2.89025
O -2.30867 -4.28984 1.33942
O -1.04011 -0.93351 3.18795
O 1.4781 -1.46568 3.27699
C -1.72489 -0.91762 4.38844
C 2.1814 -0.14206 0.67908
C 2.18275 0.24538 -0.79824
C 0.958 1.13517 -0.85531
C 0.59572 1.19725 0.63436
O 1.82973 1.07015 1.29697
H 0.87024 -1.75692 0.08063
H -1.0238 -0.31871 0.44452
H 3.1661 -0.57142 0.96699
H 3.08778 0.8737 -0.96225
H 2.18974 -0.59771 -1.52212
H 1.26817 2.13299 -1.23737
H 0.11077 0.74003 -1.45688
H 0.02457 2.12748 0.84722
O -1.50084 -5.06598 5.40618
C -2.19005 -3.08152 0.69171
C -4.66052 -6.28693 3.47132
C -5.03591 -7.76663 3.39909
C -3.97612 -8.36563 4.29407
C -3.25959 -7.09408 4.75905
O -4.27777 -6.12881 4.81201
H -3.43212 -6.61454 1.72496
H -1.69571 -7.38699 3.26528
H -2.05592 -2.27051 1.42647
H -5.52223 -5.6699 3.1334
H -6.02587 -7.8851 3.89541
H -5.08683 -8.18829 2.37221
H -4.48084 -8.85639 5.15612
H -3.28516 -9.08318 3.80111
H -2.72703 -7.2944 5.7153
H -3.10194 -2.88194 0.08984
H -1.31238 -3.11406 0.01481
H -1.90993 -1.95854 4.72248
H -2.70651 -0.41272 4.26389
H -1.12553 -0.39208 5.16207
H 2.56441 -3.67934 3.58977
H 2.0627 -5.12238 2.66822
H 0.85175 -4.43176 4.868
H -0.10311 -3.25052 3.93496
$end

$opt
CONSTRAINT
tors           1           2           3           4    -100.883
tors           3           4           5           6     -85.153
tors           4           5           6           7    +170.430
tors           5           6           7           8    +172.563
tors           6           7           8           9     +92.967
tors           7           8           9          10     +61.497
tors           8           9          10          11    +179.750
tors           9          10          11          12    +140.139
tors          11          12          13          14    +150.602
ENDCONSTRAINT
$end

$rem
JOBTYPE                   OPT
METHOD                    B3LYP
DFT_D                     d3_op
BASIS                     STO-3G
GEOM_OPT_MAX_CYCLES       100
GEOM_OPT_TOL_GRADIENT     300
GEOM_OPT_TOL_DISPLACEMENT 1200
GEOM_OPT_TOL_ENERGY       100
SYMMETRY                  False
THRESH                    12
SCF_CONVERGENCE           8
MAX_SUB_FILE_NUM          128
MEM_STATIC                400
MEM_TOTAL                 4000
$end
