$molecule
0  1
O -3.94934 -3.66094 2.70899
C -3.26408 -4.56952 2.26188
C -3.36658 -6.02376 2.66595
C -2.38484 -6.52623 3.73719
C -1.52918 -5.47766 4.4128
O -0.42464 -5.21947 3.65205
C 0.3823 -4.15797 4.17293
C 1.61259 -3.95357 3.295
O 1.28564 -3.10329 2.18459
C 0.8748 -1.85231 2.50924
C 0.55229 -1.00666 1.30031
C -0.68654 -0.11132 1.44846
C -1.19882 0.07933 2.86194
O -1.64282 1.12207 3.32034
O -2.3581 -4.32169 1.28681
O -1.54601 -1.06283 3.51635
O 1.09067 -1.34696 3.60683
C -2.19301 -1.1076 4.73465
C 1.63747 0.04932 1.00695
C 1.58132 0.44444 -0.46708
C 0.2784 1.21554 -0.49962
C -0.06799 1.23024 0.99553
O 1.18157 1.21755 1.64011
H 0.48177 -1.6795 0.41553
H -1.53665 -0.38539 0.79232
H 2.66254 -0.28662 1.27778
H 2.42109 1.15557 -0.63973
H 1.65595 -0.39048 -1.19661
H 0.48914 2.24185 -0.87406
H -0.53527 0.74948 -1.09662
H -0.72046 2.10243 1.22022
O -1.70819 -5.04477 5.54695
C -2.23529 -3.11336 0.65771
C -4.71055 -6.30467 3.37876
C -5.0571 -7.79023 3.28716
C -4.05033 -8.36993 4.25336
C -3.3925 -7.08509 4.76687
O -4.42802 -6.13737 4.74319
H -3.3625 -6.62481 1.72883
H -1.71516 -7.34516 3.39076
H -2.02529 -2.36089 1.42595
H -5.55516 -5.70171 2.97783
H -6.076 -7.92075 3.7176
H -5.03462 -8.21777 2.26171
H -4.60391 -8.87417 5.07672
H -3.31123 -9.07078 3.8085
H -2.92725 -7.27517 5.75957
H -3.17678 -2.85723 0.12666
H -1.40352 -3.1605 -0.07371
H -2.35263 -2.16624 5.02432
H -3.18276 -0.60852 4.66195
H -1.57545 -0.61071 5.51286
H 2.41259 -3.45546 3.88891
H 2.01975 -4.92857 2.95255
H 0.77204 -4.50627 5.15693
H -0.20265 -3.23788 4.36593
$end

$opt
CONSTRAINT
tors           1           2           3           4     -96.449
tors           3           4           5           6     -84.209
tors           4           5           6           7    +175.280
tors           5           6           7           8    +178.454
tors           6           7           8           9     +84.272
tors           7           8           9          10     +61.497
tors           8           9          10          11    +179.750
tors           9          10          11          12    +140.139
tors          11          12          13          14    +141.476
ENDCONSTRAINT
$end

$rem
JOBTYPE                   OPT
METHOD                    B3LYP
DFT_D                     d3_op
BASIS                     STO-3G
GEOM_OPT_MAX_CYCLES       100
GEOM_OPT_TOL_GRADIENT     300
GEOM_OPT_TOL_DISPLACEMENT 1200
GEOM_OPT_TOL_ENERGY       100
SYMMETRY                  False
THRESH                    12
SCF_CONVERGENCE           8
MAX_SUB_FILE_NUM          128
MEM_STATIC                400
MEM_TOTAL                 4000
$end
