$molecule
0  1
O -3.94934 -3.66094 2.70899
C -3.26408 -4.56952 2.26188
C -3.36658 -6.02376 2.66595
C -2.30627 -6.558 3.64277
C -1.36789 -5.53571 4.24481
O -0.30884 -5.32826 3.40767
C 0.55489 -4.27299 3.84313
C 1.79392 -4.20808 2.95615
O 1.58694 -3.26293 1.89467
C 1.42974 -1.97354 2.28441
C 1.22231 -1.02931 1.12421
C 0.15627 0.05224 1.35243
C -0.27899 0.25823 2.78937
O -0.5199 1.33822 3.30913
O -2.27213 -4.27705 1.38156
O -0.79201 -0.83783 3.41167
O 1.74759 -1.57199 3.39976
C -1.39129 -0.8289 4.65524
C 2.45335 -0.14498 0.83189
C 2.42095 0.30508 -0.62724
C 1.24683 1.26301 -0.59915
C 0.95433 1.29287 0.9071
O 2.20465 1.06246 1.50889
H 1.01504 -1.63821 0.2137
H -0.76333 -0.13605 0.75662
H 3.41984 -0.64514 1.06095
H 3.35378 0.88924 -0.79881
H 2.35447 -0.50263 -1.38751
H 1.59474 2.25366 -0.96691
H 0.35149 0.93362 -1.16993
H 0.45086 2.24639 1.17881
O -1.45669 -5.07966 5.3805
C -2.03983 -3.02362 0.85994
C -4.65078 -6.28661 3.48574
C -5.02839 -7.76585 3.41551
C -3.95982 -8.36722 4.29853
C -3.23447 -7.09758 4.75485
O -4.2505 -6.13064 4.82163
H -3.43901 -6.61123 1.72348
H -1.69315 -7.39512 3.23943
H -1.82358 -2.30887 1.67566
H -5.51553 -5.66778 3.15917
H -6.01332 -7.88497 3.92151
H -5.08952 -8.18501 2.38815
H -4.45582 -8.85516 5.16723
H -3.27736 -9.08794 3.79842
H -2.69031 -7.29989 5.70411
H -2.92595 -2.67766 0.28652
H -1.16577 -3.06843 0.17888
H -1.72079 -1.85697 4.90988
H -2.28184 -0.16484 4.64746
H -0.66847 -0.48206 5.42423
H 2.66866 -3.863 3.5544
H 2.05651 -5.21471 2.56666
H 0.94232 -4.57857 4.84287
H 0.02628 -3.30913 3.97886
$end

$opt
CONSTRAINT
tors           1           2           3           4    -101.767
tors           3           4           5           6     -85.987
tors           4           5           6           7    +173.983
tors           5           6           7           8    +173.367
tors           6           7           8           9     +93.631
tors           7           8           9          10     +64.356
tors           8           9          10          11    +179.750
tors           9          10          11          12    +138.819
tors          11          12          13          14    +140.940
ENDCONSTRAINT
$end

$rem
JOBTYPE                   OPT
METHOD                    B3LYP
DFT_D                     d3_op
BASIS                     STO-3G
GEOM_OPT_MAX_CYCLES       100
GEOM_OPT_TOL_GRADIENT     300
GEOM_OPT_TOL_DISPLACEMENT 1200
GEOM_OPT_TOL_ENERGY       100
SYMMETRY                  False
THRESH                    12
SCF_CONVERGENCE           8
MAX_SUB_FILE_NUM          128
MEM_STATIC                400
MEM_TOTAL                 4000
$end
