$molecule
0  1
O -3.94934 -3.66094 2.70899
C -3.26408 -4.56952 2.26188
C -3.36658 -6.02376 2.66595
C -2.05424 -6.81773 2.77194
C -0.77335 -6.02476 2.63554
O 0.3027 -6.85804 2.75034
C -0.05047 -8.17851 3.17565
C -1.23233 -8.69452 2.36136
O -0.77748 -9.64937 1.38963
C -1.35906 -10.8726 1.45751
C -0.35923 -11.99043 1.63484
C -0.87904 -13.3881 1.26798
C -2.15972 -13.42536 0.45855
O -3.26583 -13.70979 0.89465
O -2.65999 -4.34528 1.06118
O -2.08782 -12.9366 -0.81027
O -2.54295 -11.01739 1.74012
C -3.16273 -12.82205 -1.66667
C 0.88017 -11.92638 0.70649
C 2.03821 -12.68295 1.35722
C 1.54799 -14.11339 1.23476
C 0.28101 -13.89699 0.39826
O 0.57529 -12.7634 -0.38229
H -0.00175 -11.92175 2.68742
H -1.06417 -13.99135 2.18424
H 1.20109 -10.8937 0.45115
H 2.91937 -12.55232 0.68832
H 2.31421 -12.36228 2.38476
H 2.30876 -14.69835 0.67205
H 1.31032 -14.61764 2.19657
H 0.00905 -14.81966 -0.16044
O -0.62435 -4.8266 2.46212
C -2.59188 -3.11845 0.43319
C -4.03139 -6.04517 4.04301
C -4.4773 -7.46058 4.43516
C -3.16859 -7.99692 4.91962
C -2.23797 -6.89548 4.40866
O -2.93765 -5.75777 4.824
H -4.17277 -6.46989 2.003
H -2.27604 -6.73258 1.67417
H -2.05381 -2.39012 1.07688
H -4.89572 -5.35076 4.13661
H -5.20365 -7.4829 5.27766
H -4.902 -7.98956 3.55438
H -3.15001 -7.88049 6.02967
H -3.00085 -9.07791 4.76218
H -1.30442 -6.92939 4.99742
H -3.61359 -2.7425 0.21207
H -2.03807 -3.22926 -0.52148
H -2.81547 -12.39759 -2.63084
H -3.92775 -12.14368 -1.23209
H -3.60918 -13.82173 -1.85532
H -2.03807 -9.16201 2.95441
H -1.28856 -8.26331 1.31966
H -0.08926 -8.35142 4.2651
H 0.82977 -8.81355 2.93646
$end

$opt
CONSTRAINT
tors           1           2           3           4    -142.105
tors           3           4           5           6    -180.000
tors           4           5           6           7      -9.474
tors           5           6           7           8     +47.368
tors           6           7           8           9    +104.211
tors           7           8           9          10    +123.158
tors           8           9          10          11    -123.158
tors           9          10          11          12    -161.053
tors          11          12          13          14    -104.211
ENDCONSTRAINT
$end

$rem
JOBTYPE                   OPT
METHOD                    B3LYP
DFT_D                     d3_op
BASIS                     STO-3G
GEOM_OPT_MAX_CYCLES       100
GEOM_OPT_TOL_GRADIENT     300
GEOM_OPT_TOL_DISPLACEMENT 1200
GEOM_OPT_TOL_ENERGY       100
SYMMETRY                  False
THRESH                    12
SCF_CONVERGENCE           8
MAX_SUB_FILE_NUM          128
MEM_STATIC                400
MEM_TOTAL                 4000
$end
