$molecule
0  1
O -3.94934 -3.66094 2.70899
C -3.26408 -4.56952 2.26188
C -3.36658 -6.02376 2.66595
C -2.09215 -6.69516 3.20345
C -0.90361 -5.79095 3.44399
O -0.44901 -5.29598 2.25497
C -0.70443 -6.16688 1.14792
C -1.95048 -7.00484 1.41495
O -2.11699 -7.19758 2.82846
C -3.36099 -7.56485 3.22434
C -3.93358 -8.69052 2.39628
C -3.92808 -10.06522 3.08069
C -3.69611 -10.05684 4.5783
O -3.05884 -9.21325 5.19214
O -2.5695 -4.26851 1.13429
O -4.10929 -11.15922 5.25965
O -4.09919 -7.64969 4.21073
C -4.01504 -11.3079 6.62776
C -5.4562 -8.56602 2.05827
C -5.78525 -9.37394 0.8021
C -5.62636 -10.78229 1.33
C -5.39175 -10.49023 2.81776
O -6.10585 -9.30715 3.05753
H -3.44634 -8.84865 1.42376
H -3.20916 -10.7958 2.64815
H -5.82973 -7.53103 1.93278
H -6.86213 -9.19827 0.57849
H -5.18488 -9.13474 -0.10227
H -6.58416 -11.32543 1.1703
H -4.7824 -11.36158 0.89598
H -5.70441 -11.3705 3.41971
O 0.04149 -6.02781 4.21411
C -2.40346 -2.99739 0.62191
C -4.12785 -5.33641 4.21537
C -4.61832 -5.83271 5.61273
C -3.27779 -6.29404 6.11741
C -2.36228 -5.83113 4.91415
O -3.02248 -4.64708 4.69472
H -4.20695 -6.15915 1.84087
H -1.69481 -7.26494 4.59225
H -1.88296 -2.35504 1.36461
H -5.09212 -4.7936 4.01916
H -4.95679 -4.95189 6.21298
H -5.45382 -6.56866 5.65579
H -3.08225 -5.68891 7.03786
H -3.18301 -7.3337 6.46423
H -1.50712 -5.57424 5.63264
H -3.38773 -2.55282 0.36326
H -1.78255 -3.05372 -0.2954
H -4.43697 -12.29209 6.91699
H -4.59643 -10.50865 7.13665
H -2.95303 -11.2617 6.94915
H -2.74669 -6.86495 0.62431
H -1.61543 -7.98455 0.99034
H 0.18134 -6.84263 1.10364
H -0.72359 -5.63726 0.1722
$end

$opt
CONSTRAINT
tors           1           2           3           4    -123.158
tors           3           4           5           6     -66.316
tors           4           5           6           7     -28.421
tors           5           6           7           8     +28.421
tors           6           7           8           9     -28.421
tors           7           8           9          10    +161.053
tors           8           9          10          11     +47.368
tors           9          10          11          12    +104.211
tors          11          12          13          14     -28.421
ENDCONSTRAINT
$end

$rem
JOBTYPE                   OPT
METHOD                    B3LYP
DFT_D                     d3_op
BASIS                     STO-3G
GEOM_OPT_MAX_CYCLES       100
GEOM_OPT_TOL_GRADIENT     300
GEOM_OPT_TOL_DISPLACEMENT 1200
GEOM_OPT_TOL_ENERGY       100
SYMMETRY                  False
THRESH                    12
SCF_CONVERGENCE           8
MAX_SUB_FILE_NUM          128
MEM_STATIC                400
MEM_TOTAL                 4000
$end
