$molecule
0  1
O -3.94934 -3.66094 2.70899
C -3.26408 -4.56952 2.26188
C -3.36658 -6.02376 2.66595
C -2.27333 -6.57303 3.59705
C -1.29943 -5.56331 4.16282
O -0.6758 -6.0847 5.26039
C -1.42233 -5.90843 6.46905
C -0.58359 -5.16116 7.50067
O -1.27172 -3.97343 7.92333
C -1.78236 -3.20928 6.9261
C -1.32567 -3.64876 5.55536
C -0.99458 -5.1432 5.43164
C -1.49675 -6.02655 6.55602
O -1.37536 -5.79218 7.74971
O -2.83491 -4.35696 0.95381
O -2.01904 -7.83505 6.45704
O -2.51827 -2.27361 7.23571
C -2.85127 -8.44854 7.38127
C -2.15327 -2.4528 4.76107
C -1.5898 -2.15992 3.3683
C -1.50049 -3.37566 3.19862
C -2.60663 -3.95589 4.69242
O -3.37267 -2.93855 4.94423
H -0.47086 -2.87165 5.51722
H 0.28998 -4.50578 5.37693
H -2.35733 -1.45799 5.05761
H -2.36228 -1.87156 2.68299
H -0.51872 -1.92016 3.22644
H -1.08832 -3.95207 2.26249
H -0.8705 -3.81274 2.30499
H -3.34993 -4.79711 4.91322
O -0.38239 -5.64293 3.26661
C -2.53109 -3.14839 0.27949
C -4.8226 -6.43799 3.10283
C -5.17732 -7.93804 3.01087
C -4.14988 -8.52453 3.94894
C -3.6082 -7.19602 4.50945
O -4.70746 -6.33222 4.42399
H -3.2787 -6.56705 1.69698
H -1.74687 -7.44357 3.13042
H -1.95561 -2.39278 0.8207
H -5.64203 -5.76778 2.73512
H -6.17943 -8.07783 3.5258
H -5.18628 -8.37965 2.0024
H -4.6625 -9.17899 4.72404
H -3.29167 -9.09266 3.54501
H -3.80832 -7.3906 5.53767
H -3.40332 -2.5668 -0.08581
H -1.69712 -3.34694 -0.42403
H -3.42053 -9.20617 6.8072
H -3.5874 -7.70752 7.78337
H -2.31227 -8.991 8.17551
H 0.45568 -5.3702 8.20871
H 0.4982 -4.8012 7.25027
H -0.05166 -7.13769 6.93188
H -3.14676 -5.21443 6.82765
$end

$opt
CONSTRAINT
tors           1           2           3           4    -104.211
tors           3           4           5           6    +161.053
tors           4           5           6           7     -85.263
tors           5           6           7           8    -123.158
tors           6           7           8           9    +123.158
tors           7           8           9          10     -47.368
tors           8           9          10          11      -9.474
tors           9          10          11          12     +28.421
tors          11          12          13          14     -47.368
ENDCONSTRAINT
$end

$rem
JOBTYPE                   OPT
METHOD                    B3LYP
DFT_D                     d3_op
BASIS                     STO-3G
GEOM_OPT_MAX_CYCLES       100
GEOM_OPT_TOL_GRADIENT     300
GEOM_OPT_TOL_DISPLACEMENT 1200
GEOM_OPT_TOL_ENERGY       100
SYMMETRY                  False
THRESH                    12
SCF_CONVERGENCE           8
MAX_SUB_FILE_NUM          128
MEM_STATIC                400
MEM_TOTAL                 4000
$end
