$molecule
0  1
O -3.94934 -3.66094 2.70899
C -3.26408 -4.56952 2.26188
C -3.36658 -6.02376 2.66595
C -3.41669 -6.33291 4.1712
C -3.53792 -5.14515 5.09996
O -4.81525 -5.0563 5.57531
C -4.88671 -5.07562 7.00492
C -5.36813 -6.43954 7.48875
O -5.43793 -6.45329 8.92326
C -4.27881 -6.75221 9.56062
C -4.48583 -7.60768 10.7878
C -3.71327 -8.93487 10.78954
C -2.59852 -9.05188 9.76957
O -2.38221 -8.26168 8.86218
O -2.26422 -4.26262 1.39366
O -1.82527 -10.16661 9.85799
O -3.26589 -6.08519 9.38734
C -0.77867 -10.45628 9.00781
C -3.96379 -6.96476 12.08678
C -4.68792 -7.57051 13.28782
C -4.09764 -8.96623 13.29844
C -3.05586 -8.83316 12.18081
O -2.6649 -7.48189 12.23539
H -5.58007 -7.79217 10.89659
H -4.36907 -9.82552 10.67308
H -4.0566 -5.85664 12.09637
H -4.32782 -7.02524 14.18979
H -5.79772 -7.52545 13.25368
H -3.6059 -9.13046 14.28293
H -4.81546 -9.78828 13.08713
H -2.24289 -9.57815 12.3258
O -2.64303 -4.35468 5.36385
C -1.99301 -2.9892 0.93863
C -4.68148 -6.64151 2.16058
C -4.5074 -8.1459 1.98239
C -4.40602 -8.57976 3.42517
C -4.68462 -7.24513 4.13307
O -5.54556 -6.56358 3.25895
H -2.52368 -6.55429 2.16574
H -2.54697 -6.92515 4.53091
H -1.73653 -2.32443 1.7911
H -5.05122 -6.18542 1.21548
H -5.46141 -8.53298 1.55709
H -3.66282 -8.46059 1.33231
H -5.21698 -9.31605 3.62282
H -3.42463 -9.00384 3.72909
H -5.11288 -7.47822 5.11313
H -2.87245 -2.5818 0.39547
H -1.12969 -3.02753 0.24313
H -0.32312 -11.42223 9.30761
H -0.00502 -9.66124 9.06915
H -1.14665 -10.54294 7.96305
H -6.38036 -6.63487 7.07575
H -4.67782 -7.24399 7.15461
H -5.59176 -4.28456 7.33694
H -3.90724 -4.83582 7.47117
$end

$opt
CONSTRAINT
tors           1           2           3           4     -47.368
tors           3           4           5           6    +104.211
tors           4           5           6           7    +123.158
tors           5           6           7           8    -104.211
tors           6           7           8           9    -180.000
tors           7           8           9          10     -85.263
tors           8           9          10          11    -142.105
tors           9          10          11          12    +123.158
tors          11          12          13          14      -9.474
ENDCONSTRAINT
$end

$rem
JOBTYPE                   OPT
METHOD                    B3LYP
DFT_D                     d3_op
BASIS                     STO-3G
GEOM_OPT_MAX_CYCLES       100
GEOM_OPT_TOL_GRADIENT     300
GEOM_OPT_TOL_DISPLACEMENT 1200
GEOM_OPT_TOL_ENERGY       100
SYMMETRY                  False
THRESH                    12
SCF_CONVERGENCE           8
MAX_SUB_FILE_NUM          128
MEM_STATIC                400
MEM_TOTAL                 4000
$end
