$molecule
0  1
O -3.94934 -3.66094 2.70899
C -3.26408 -4.56952 2.26188
C -3.36658 -6.02376 2.66595
C -3.85957 -6.32399 4.09097
C -4.36389 -5.14454 4.89263
O -3.66101 -5.0418 6.05917
C -4.0824 -3.9441 6.87571
C -3.75868 -2.62222 6.18724
O -3.32939 -1.65625 7.15961
C -4.04718 -0.50619 7.19531
C -3.31317 0.6246 7.8759
C -2.06015 1.11941 7.13875
C -1.9254 0.67832 5.69515
O -1.00218 0.96912 4.94838
O -2.31956 -4.28293 1.32774
O -2.96029 0.06888 5.05659
O -5.18444 -0.39511 6.75151
C -2.97564 -0.30999 3.72854
C -4.10599 1.94952 7.96343
C -3.56481 2.79549 9.11561
C -2.21793 3.20864 8.5567
C -2.32059 2.63226 7.14007
O -3.69471 2.69203 6.84104
H -3.09294 0.28207 8.91241
H -1.12966 0.80233 7.65845
H -5.2019 1.80639 8.08294
H -4.21287 3.69905 9.18154
H -3.53389 2.29792 10.1087
H -2.17303 4.32008 8.53443
H -1.33483 2.79987 9.09424
H -1.64563 3.17857 6.44463
O -5.37861 -4.5074 4.62612
C -2.09001 -3.02713 0.80739
C -4.47866 -6.73053 1.85893
C -4.22674 -8.23797 1.83039
C -4.56486 -8.60693 3.25961
C -5.04693 -7.25138 3.78758
O -5.62759 -6.63567 2.66493
H -2.39939 -6.51633 2.41541
H -3.06477 -6.8429 4.675
H -1.77767 -2.33083 1.61121
H -4.57805 -6.34251 0.82094
H -4.99502 -8.68505 1.15934
H -3.21658 -8.54647 1.48512
H -5.4018 -9.34006 3.24497
H -3.71937 -9.0069 3.8602
H -5.71039 -7.38937 4.67012
H -3.00734 -2.64473 0.31062
H -1.27609 -3.08843 0.05632
H -3.95047 -0.78467 3.49543
H -2.16481 -1.04314 3.53971
H -2.84515 0.57736 3.07326
H -2.85904 -2.78565 5.55463
H -4.57078 -2.30618 5.49666
H -3.44545 -4.01329 7.78365
H -5.14054 -4.00711 7.21318
$end

$opt
CONSTRAINT
tors           1           2           3           4     -28.421
tors           3           4           5           6    -123.158
tors           4           5           6           7    -180.000
tors           5           6           7           8     -66.316
tors           6           7           8           9    -142.105
tors           7           8           9          10    -123.158
tors           8           9          10          11    -161.053
tors           9          10          11          12     +66.316
tors          11          12          13          14    -180.000
ENDCONSTRAINT
$end

$rem
JOBTYPE                   OPT
METHOD                    B3LYP
DFT_D                     d3_op
BASIS                     STO-3G
GEOM_OPT_MAX_CYCLES       100
GEOM_OPT_TOL_GRADIENT     300
GEOM_OPT_TOL_DISPLACEMENT 1200
GEOM_OPT_TOL_ENERGY       100
SYMMETRY                  False
THRESH                    12
SCF_CONVERGENCE           8
MAX_SUB_FILE_NUM          128
MEM_STATIC                400
MEM_TOTAL                 4000
$end
