$molecule
0  1
O -3.94934 -3.66094 2.70899
C -3.26408 -4.56952 2.26188
C -3.36658 -6.02376 2.66595
C -4.25419 -6.35572 3.87665
C -5.08044 -5.22016 4.4387
O -5.3712 -4.32415 3.44974
C -5.3377 -2.96391 3.89458
C -6.45142 -2.16467 3.22603
O -5.89471 -1.04181 2.52449
C -5.32103 -0.09271 3.30503
C -6.31393 0.9176 3.82855
C -6.06141 1.3871 5.26872
C -4.69289 1.06933 5.83695
O -3.68852 1.75053 5.68938
O -2.40166 -4.29504 1.24846
O -4.57637 -0.14899 6.42694
O -4.12439 0.14098 3.22427
C -3.39891 -0.66178 6.92849
C -6.25875 2.2599 3.07042
C -7.59377 2.9883 3.21801
C -7.54144 3.37414 4.68206
C -6.12107 2.91332 5.03381
O -5.40183 3.06726 3.83479
H -7.34106 0.5063 3.70331
H -6.82954 1.06029 6.00385
H -5.99672 2.14712 1.99548
H -7.52339 3.91409 2.60263
H -8.49527 2.41567 2.911
H -7.63414 4.48039 4.75591
H -8.29719 2.88147 5.33147
H -5.73567 3.48493 5.90743
O -5.11773 -4.98559 5.64127
C -2.20942 -3.03788 0.71453
C -4.03407 -6.86522 1.56735
C -3.67352 -8.34049 1.7447
C -4.52105 -8.69349 2.94884
C -5.21831 -7.35439 3.20268
O -5.39648 -6.82832 1.90909
H -2.3224 -6.36107 2.85247
H -3.71316 -6.84831 4.71578
H -1.84179 -2.34144 1.49838
H -3.77602 -6.52558 0.54028
H -4.0595 -8.9019 0.86413
H -2.58404 -8.52866 1.85759
H -5.27965 -9.44529 2.63523
H -3.96227 -9.06951 3.83287
H -6.14692 -7.51361 3.795
H -3.16087 -2.65356 0.28824
H -1.45325 -3.09776 -0.0948
H -3.59252 -1.66876 7.35166
H -3.0067 -0.00346 7.73289
H -2.64614 -0.75466 6.11666
H -6.99403 -2.80851 2.50085
H -7.22531 -1.79594 3.94294
H -4.44741 -2.43868 4.35806
H -5.82081 -2.97035 4.89923
$end

$opt
CONSTRAINT
tors           1           2           3           4      -9.474
tors           3           4           5           6     +28.421
tors           4           5           6           7    -142.105
tors           5           6           7           8    -142.105
tors           6           7           8           9    -123.158
tors           7           8           9          10     -66.316
tors           8           9          10          11     -85.263
tors           9          10          11          12    +142.105
tors          11          12          13          14     +85.263
ENDCONSTRAINT
$end

$rem
JOBTYPE                   OPT
METHOD                    B3LYP
DFT_D                     d3_op
BASIS                     STO-3G
GEOM_OPT_MAX_CYCLES       100
GEOM_OPT_TOL_GRADIENT     300
GEOM_OPT_TOL_DISPLACEMENT 1200
GEOM_OPT_TOL_ENERGY       100
SYMMETRY                  False
THRESH                    12
SCF_CONVERGENCE           8
MAX_SUB_FILE_NUM          128
MEM_STATIC                400
MEM_TOTAL                 4000
$end
