$molecule
0  1
O -3.94934 -3.66094 2.70899
C -3.26408 -4.56952 2.26188
C -3.36658 -6.02376 2.66595
C -4.55778 -6.42467 3.55148
C -5.60993 -5.36381 3.78738
O -5.37997 -4.29275 2.97168
C -4.37078 -4.54107 1.98724
C -3.99766 -6.01987 1.97842
O -4.91618 -6.76125 2.79668
C -6.00231 -6.07176 3.2257
C -6.13989 -4.72048 2.56556
C -5.18309 -4.47394 1.38997
C -4.49914 -5.70297 0.8257
O -4.76863 -6.85979 1.11505
O -1.9376 -4.24137 1.82059
O -3.91728 -5.49098 -0.45703
O -7.06114 -6.9211 3.26625
C -3.6588 -6.44554 -1.42687
C -7.55093 -4.95917 1.66637
C -8.24843 -3.70182 1.04683
C -7.43665 -3.54507 -0.17458
C -6.34196 -4.61424 0.13359
O -7.14252 -5.66548 0.55143
H -7.23568 -4.03899 3.06321
H -5.59999 -3.27918 0.97495
H -8.39352 -5.47835 2.19685
H -9.29441 -3.9245 0.73534
H -8.25578 -2.80805 1.70849
H -8.02371 -3.91084 -1.05097
H -7.09795 -2.50798 -0.3932
H -5.94396 -4.74988 -0.89758
O -5.86779 -4.92542 5.07232
C -1.32787 -3.01003 1.97534
C -2.23836 -7.16748 3.37072
C -1.68279 -6.96875 4.82826
C -2.8872 -7.34751 5.67114
C -3.8854 -7.7142 4.55031
O -3.02854 -8.31732 3.60124
H -2.5554 -5.47155 3.41988
H -4.10083 -5.84691 4.49111
H -1.25568 -2.76242 3.05523
H -1.36753 -7.33916 2.69813
H -0.89844 -7.74178 4.99484
H -1.23444 -5.97674 5.05452
H -2.64065 -8.26022 6.25837
H -3.26055 -6.55943 6.36052
H -4.69576 -8.37778 4.92188
H -1.88529 -2.20676 1.45258
H -0.30395 -3.05865 1.55215
H -2.5704 -6.4636 -1.64041
H -4.20111 -6.17382 -2.35543
H -3.98423 -7.46087 -1.11723
H -2.8059 -6.84215 1.0056
H -2.8059 -6.84215 1.0056
H -3.70825 -3.38293 0.7401
H -3.70825 -3.38293 0.7401
$end

$opt
CONSTRAINT
tors           1           2           3           4      +9.474
tors           3           4           5           6      +9.474
tors           4           5           6           7      +9.474
tors           5           6           7           8      +9.474
tors           6           7           8           9      +9.474
tors           7           8           9          10      +9.474
tors           8           9          10          11      +9.474
tors           9          10          11          12      +9.474
tors          11          12          13          14      +9.474
ENDCONSTRAINT
$end

$rem
JOBTYPE                   OPT
METHOD                    B3LYP
DFT_D                     d3_op
BASIS                     STO-3G
GEOM_OPT_MAX_CYCLES       100
GEOM_OPT_TOL_GRADIENT     300
GEOM_OPT_TOL_DISPLACEMENT 1200
GEOM_OPT_TOL_ENERGY       100
SYMMETRY                  False
THRESH                    12
SCF_CONVERGENCE           8
MAX_SUB_FILE_NUM          128
MEM_STATIC                400
MEM_TOTAL                 4000
$end
