$molecule
0  1
O -3.94934 -3.66094 2.70899
C -3.26408 -4.56952 2.26188
C -3.36658 -6.02376 2.66595
C -4.73745 -6.52338 3.15068
C -5.89497 -5.55994 3.00924
O -5.43061 -4.32576 2.65344
C -6.44182 -3.48525 2.08754
C -6.00635 -2.02486 2.1488
O -6.42489 -1.339 0.9583
C -7.6912 -0.85405 0.97939
C -7.74522 0.64139 1.18281
C -8.57055 1.10056 2.39371
C -8.91196 0.02608 3.40645
O -9.64555 -0.93082 3.20458
O -2.19398 -4.23833 1.4909
O -8.34992 0.13214 4.64258
O -8.66494 -1.54998 0.7349
C -8.53236 -0.77423 5.6662
C -6.40543 1.36708 1.46589
C -6.51379 2.82898 1.03592
C -7.45755 3.36483 2.0904
C -7.58916 2.13224 2.99278
O -6.35029 1.47741 2.86652
H -8.16438 1.04697 0.23433
H -9.53657 1.56616 2.09899
H -5.5209 0.90964 0.97346
H -5.51021 3.28617 1.1935
H -6.82988 3.00113 -0.01539
H -6.94911 4.19823 2.6243
H -8.44889 3.69991 1.71542
H -7.87511 2.4514 4.0188
O -7.06853 -5.84855 3.21052
C -1.90374 -2.95631 1.07254
C -3.1902 -6.94758 1.43299
C -2.75368 -8.34271 1.87975
C -4.0397 -8.85794 2.48464
C -4.97577 -7.68679 2.17379
O -4.49359 -7.17184 0.96047
H -2.5289 -6.22996 3.36856
H -4.72477 -6.86202 4.20978
H -1.73543 -2.29519 1.94939
H -2.46623 -6.56416 0.68182
H -2.53729 -8.9316 0.95941
H -1.86674 -8.37001 2.54861
H -4.35464 -9.76523 1.92239
H -3.99879 -9.07987 3.57307
H -6.0326 -8.03442 2.16859
H -2.73865 -2.55787 0.45693
H -0.98175 -2.97462 0.45614
H -7.95845 -0.43969 6.55449
H -8.16375 -1.77641 5.35862
H -9.60811 -0.8352 5.93678
H -6.29682 -1.52151 3.09779
H -4.92435 -1.85975 2.07143
H -7.44762 -3.56546 2.55859
H -6.5259 -3.79307 1.02131
$end

$opt
CONSTRAINT
tors           1           2           3           4     +28.421
tors           3           4           5           6      -9.474
tors           4           5           6           7    +161.053
tors           5           6           7           8    +161.053
tors           6           7           8           9    +142.105
tors           7           8           9          10     +85.263
tors           8           9          10          11    +104.211
tors           9          10          11          12    -123.158
tors          11          12          13          14     -66.316
ENDCONSTRAINT
$end

$rem
JOBTYPE                   OPT
METHOD                    B3LYP
DFT_D                     d3_op
BASIS                     STO-3G
GEOM_OPT_MAX_CYCLES       100
GEOM_OPT_TOL_GRADIENT     300
GEOM_OPT_TOL_DISPLACEMENT 1200
GEOM_OPT_TOL_ENERGY       100
SYMMETRY                  False
THRESH                    12
SCF_CONVERGENCE           8
MAX_SUB_FILE_NUM          128
MEM_STATIC                400
MEM_TOTAL                 4000
$end
