$molecule
0  1
O -3.94934 -3.66094 2.70899
C -3.26408 -4.56952 2.26188
C -3.36658 -6.02376 2.66595
C -4.77372 -6.64113 2.71769
C -5.90468 -5.78727 2.1886
O -6.80351 -6.56947 1.52101
C -7.65138 -5.8259 0.63926
C -6.96653 -5.63275 -0.70974
O -7.94126 -5.29733 -1.70988
C -7.54315 -4.38252 -2.62845
C -8.61037 -4.07268 -3.65105
C -9.29685 -5.30244 -4.26319
C -9.08476 -6.6113 -3.5293
O -9.25431 -7.72532 -4.00341
O -2.42376 -4.27858 1.23239
O -9.655 -6.61399 -2.27415
O -6.4056 -3.9368 -2.71554
C -10.22864 -7.67924 -1.58048
C -9.84214 -3.32317 -3.09485
C -10.51381 -2.54565 -4.22671
C -11.0899 -3.68405 -5.04999
C -10.77118 -4.87251 -4.13364
O -10.80151 -4.31951 -2.83891
H -8.14019 -3.4185 -4.42117
H -8.95571 -5.46763 -5.30883
H -9.59876 -2.6467 -2.24686
H -11.3549 -1.97907 -3.76572
H -9.86587 -1.83748 -4.78656
H -12.18726 -3.5277 -5.14443
H -10.63322 -3.82271 -6.05386
H -11.46821 -5.71908 -4.32038
O -6.21197 -4.69797 2.652
C -2.25161 -3.02003 0.69479
C -2.63882 -7.01196 1.73062
C -2.28034 -8.28491 2.49403
C -3.64487 -8.91639 2.64252
C -4.50529 -7.91362 1.86596
O -3.64692 -7.44804 0.85334
H -2.90533 -6.05703 3.67855
H -5.06471 -6.90847 3.75806
H -1.87535 -2.32046 1.47154
H -1.72025 -6.60118 1.2598
H -1.66799 -8.92186 1.81595
H -1.72618 -8.11948 3.44299
H -3.6339 -9.89718 2.11608
H -3.99605 -9.0542 3.68797
H -5.42044 -8.44039 1.52289
H -3.21326 -2.64465 0.28393
H -1.50905 -3.07441 -0.12746
H -9.66368 -7.88759 -0.65626
H -10.26067 -8.6275 -2.15557
H -11.27029 -7.41187 -1.30967
H -6.12315 -4.91458 -0.60065
H -6.54382 -6.61864 -1.0021
H -8.03702 -4.8729 1.0657
H -8.54023 -6.45505 0.47939
$end

$opt
CONSTRAINT
tors           1           2           3           4     +47.368
tors           3           4           5           6    +142.105
tors           4           5           6           7    -161.053
tors           5           6           7           8     +85.263
tors           6           7           8           9    +161.053
tors           7           8           9          10    +142.105
tors           8           9          10          11    -180.000
tors           9          10          11          12     -47.368
tors          11          12          13          14    -161.053
ENDCONSTRAINT
$end

$rem
JOBTYPE                   OPT
METHOD                    B3LYP
DFT_D                     d3_op
BASIS                     STO-3G
GEOM_OPT_MAX_CYCLES       100
GEOM_OPT_TOL_GRADIENT     300
GEOM_OPT_TOL_DISPLACEMENT 1200
GEOM_OPT_TOL_ENERGY       100
SYMMETRY                  False
THRESH                    12
SCF_CONVERGENCE           8
MAX_SUB_FILE_NUM          128
MEM_STATIC                400
MEM_TOTAL                 4000
$end
