$molecule
0  1
O -3.94934 -3.66094 2.70899
C -3.26408 -4.56952 2.26188
C -3.36658 -6.02376 2.66595
C -4.06137 -6.97914 1.68189
C -4.41791 -6.40938 0.32677
O -5.0325 -5.19925 0.47933
C -6.32845 -5.1455 -0.12637
C -6.95047 -3.76898 0.08437
O -5.91762 -2.77749 0.19863
C -4.65458 -3.26042 0.3018
C -4.18975 -3.96455 -0.95071
C -5.30762 -4.60711 -1.78483
C -6.71781 -4.16012 -1.45579
O -7.3905 -3.38782 -2.12332
O -2.07416 -4.2677 1.65896
O -7.43593 -5.39158 -1.96466
O -3.86522 -2.4278 0.71875
C -8.80776 -5.59072 -2.06101
C -3.63862 -2.92567 -1.98279
C -2.68888 -3.60278 -2.97127
C -3.67074 -4.41691 -3.77107
C -4.98838 -3.92374 -3.1533
O -4.7277 -2.59724 -2.79246
H -3.25223 -4.53941 -0.74617
H -5.19932 -5.66519 -2.13105
H -3.1085 -2.06016 -1.52947
H -2.27501 -2.80105 -3.625
H -1.84705 -4.1751 -2.52548
H -3.59248 -4.1084 -4.83747
H -3.55487 -5.51896 -3.68797
H -5.80349 -4.06365 -3.89962
O -4.09543 -6.93439 -0.72914
C -1.38791 -3.06777 1.69809
C -2.00404 -6.74384 2.80942
C -2.13948 -7.94912 3.7398
C -2.91884 -8.90092 2.85852
C -2.99585 -8.08406 1.56532
O -1.79559 -7.35006 1.556
H -3.86301 -6.02689 3.66282
H -5.02184 -7.34602 2.10727
H -1.89268 -2.31248 2.33746
H -1.19134 -6.08028 3.178
H -1.11809 -8.36626 3.89182
H -2.59743 -7.73291 4.72893
H -2.30484 -9.81549 2.70003
H -3.92641 -9.18136 3.23502
H -3.16631 -8.76189 0.70077
H -1.27596 -2.67304 0.66645
H -0.37551 -3.24756 2.11412
H -9.08587 -6.48424 -1.46499
H -9.07978 -5.76533 -3.12213
H -9.37993 -4.72194 -1.67163
H -8.05278 -3.37383 0.08594
H -7.19875 -3.79406 1.18205
H -6.95227 -5.66385 0.65524
H -6.7499 -6.21219 -0.1676
$end

$opt
CONSTRAINT
tors           1           2           3           4    +104.211
tors           3           4           5           6     -47.368
tors           4           5           6           7    -123.158
tors           5           6           7           8    -180.000
tors           6           7           8           9     +28.421
tors           7           8           9          10      -9.474
tors           8           9          10          11     +66.316
tors           9          10          11          12     -28.421
tors          11          12          13          14    +104.211
ENDCONSTRAINT
$end

$rem
JOBTYPE                   OPT
METHOD                    B3LYP
DFT_D                     d3_op
BASIS                     STO-3G
GEOM_OPT_MAX_CYCLES       100
GEOM_OPT_TOL_GRADIENT     300
GEOM_OPT_TOL_DISPLACEMENT 1200
GEOM_OPT_TOL_ENERGY       100
SYMMETRY                  False
THRESH                    12
SCF_CONVERGENCE           8
MAX_SUB_FILE_NUM          128
MEM_STATIC                400
MEM_TOTAL                 4000
$end
