$molecule
0  1
O -3.94934 -3.66094 2.70899
C -3.26408 -4.56952 2.26188
C -3.36658 -6.02376 2.66595
C -3.63629 -7.04588 1.54953
C -3.59671 -6.52161 0.1312
O -4.56774 -7.12694 -0.61451
C -5.69657 -6.28205 -0.86182
C -6.2221 -6.50747 -2.27572
O -5.82869 -5.41704 -3.12371
C -4.49641 -5.30716 -3.35196
C -3.77583 -6.63238 -3.2797
C -4.61909 -7.79946 -2.74574
C -6.11624 -7.56814 -2.70415
O -6.83877 -7.42536 -3.67992
O -2.24697 -4.23473 1.42461
O -6.5863 -8.72544 -1.94389
O -3.99472 -4.28611 -3.79451
C -7.89489 -9.16245 -1.84423
C -3.35359 -7.09408 -4.68094
C -2.23614 -8.13224 -4.57452
C -3.02759 -9.33137 -4.11574
C -4.4322 -8.71542 -4.01625
O -4.45813 -7.83348 -5.11036
H -2.87463 -6.45917 -2.6656
H -4.19552 -8.59342 -2.0742
H -3.03735 -6.25503 -5.33893
H -1.82444 -8.34235 -5.58714
H -1.4157 -7.81653 -3.89426
H -3.04085 -10.0751 -4.94463
H -2.65918 -9.82536 -3.1912
H -5.18052 -9.54035 -4.06482
O -2.63682 -5.96491 -0.3758
C -1.98411 -2.95462 0.98298
C -2.03268 -6.55174 3.22274
C -2.27633 -7.78773 4.08905
C -2.59509 -8.81763 3.02567
C -2.42293 -7.97412 1.75919
O -1.38526 -7.08437 2.09415
H -4.15287 -6.076 3.45271
H -4.58748 -7.60467 1.7086
H -1.76274 -2.28951 1.84482
H -1.469 -5.78295 3.79596
H -1.31107 -8.06408 4.57035
H -3.0548 -7.65366 4.8707
H -1.81051 -9.60653 3.05493
H -3.60125 -9.28397 3.0991
H -2.23756 -8.63268 0.8814
H -2.85455 -2.56046 0.41606
H -1.10119 -2.97624 0.31186
H -8.19136 -9.17258 -0.77539
H -7.96728 -10.19271 -2.24876
H -8.59965 -8.50466 -2.39511
H -7.29275 -5.96689 -1.9713
H -7.29274 -5.96687 -1.97132
H -5.52989 -5.20172 -0.6204
H -6.45268 -6.64738 -0.11945
$end

$opt
CONSTRAINT
tors           1           2           3           4    +123.158
tors           3           4           5           6    -142.105
tors           4           5           6           7    +104.211
tors           5           6           7           8    +142.105
tors           6           7           8           9    -104.211
tors           7           8           9          10     +66.316
tors           8           9          10          11     +28.421
tors           9          10          11          12      -9.474
tors          11          12          13          14     +66.316
ENDCONSTRAINT
$end

$rem
JOBTYPE                   OPT
METHOD                    B3LYP
DFT_D                     d3_op
BASIS                     STO-3G
GEOM_OPT_MAX_CYCLES       100
GEOM_OPT_TOL_GRADIENT     300
GEOM_OPT_TOL_DISPLACEMENT 1200
GEOM_OPT_TOL_ENERGY       100
SYMMETRY                  False
THRESH                    12
SCF_CONVERGENCE           8
MAX_SUB_FILE_NUM          128
MEM_STATIC                400
MEM_TOTAL                 4000
$end
