$molecule
0  1
O -3.94934 -3.66094 2.70899
C -3.26408 -4.56952 2.26188
C -3.36658 -6.02376 2.66595
C -3.18715 -7.07505 1.5585
C -2.74922 -6.56083 0.20502
O -1.38819 -6.453 0.16779
C -0.71738 -7.61515 0.66645
C -1.71997 -8.56143 1.31875
O -2.85765 -8.73692 0.45982
C -4.05633 -8.81758 1.08895
C -3.95045 -9.37866 2.48704
C -3.96805 -10.91186 2.57228
C -3.72971 -11.64886 1.2697
O -2.83747 -11.405 0.47033
O -2.27939 -4.20439 1.38266
O -4.63491 -12.61343 0.94635
O -5.1031 -8.86102 0.45524
C -4.59363 -13.36404 -0.2099
C -2.82916 -9.772 3.71826
C -3.50936 -10.00284 5.1166
C -3.90342 -11.42589 4.98903
C -3.2871 -11.69178 3.63375
O -2.15284 -10.99161 3.54309
H -4.7456 -8.86372 3.06955
H -5.05366 -11.13681 2.70929
H -1.96253 -9.24133 3.92038
H -2.71543 -9.96308 5.89906
H -4.35252 -9.35194 5.42492
H -3.42074 -12.03767 5.78395
H -5.0007 -11.60654 4.97064
H -3.20851 -12.78557 3.4335
O -3.45464 -5.91119 -0.55824
C -2.04733 -2.91589 0.94829
C -2.2995 -5.38971 3.75986
C -2.46817 -5.9007 5.13677
C -2.51363 -7.24564 4.70093
C -2.01459 -7.04748 3.13181
O -1.23885 -5.92669 3.21327
H -4.34645 -6.09175 3.25182
H -4.25643 -6.67989 1.40195
H -1.79831 -2.26094 1.81029
H -2.05359 -4.30725 4.06578
H -1.54283 -5.66299 5.71798
H -3.3828 -5.55464 5.66971
H -1.85477 -7.79878 5.41257
H -3.57726 -7.53806 4.72533
H -1.09122 -7.66314 3.21436
H -2.94356 -2.52322 0.42238
H -1.19154 -2.9196 0.24268
H -5.44765 -14.07189 -0.21479
H -3.64728 -13.94431 -0.25539
H -4.67213 -12.70217 -1.0988
H -1.15759 -9.4623 0.98871
H -1.35583 -9.37715 1.9452
H 0.0805 -7.3193 1.3783
H -0.19559 -8.07326 -0.20841
$end

$opt
CONSTRAINT
tors           1           2           3           4    +142.105
tors           3           4           5           6     +85.263
tors           4           5           6           7     +47.368
tors           5           6           7           8      -9.474
tors           6           7           8           9     +47.368
tors           7           8           9          10    -142.105
tors           8           9          10          11     -28.421
tors           9          10          11          12     -85.263
tors          11          12          13          14     +47.368
ENDCONSTRAINT
$end

$rem
JOBTYPE                   OPT
METHOD                    B3LYP
DFT_D                     d3_op
BASIS                     STO-3G
GEOM_OPT_MAX_CYCLES       100
GEOM_OPT_TOL_GRADIENT     300
GEOM_OPT_TOL_DISPLACEMENT 1200
GEOM_OPT_TOL_ENERGY       100
SYMMETRY                  False
THRESH                    12
SCF_CONVERGENCE           8
MAX_SUB_FILE_NUM          128
MEM_STATIC                400
MEM_TOTAL                 4000
$end
