$molecule
0  1
O -3.94934 -3.66094 2.70899
C -3.26408 -4.56952 2.26188
C -3.36658 -6.02376 2.66595
C -2.76261 -7.06348 1.7078
C -1.9673 -6.5228 0.54022
O -1.85534 -7.47978 -0.42781
C -2.9509 -8.40114 -0.43819
C -3.54341 -8.52905 0.96135
O -2.81101 -9.50784 1.7153
C -3.42732 -10.70599 1.86935
C -2.47165 -11.873 1.79563
C -3.12196 -13.25389 1.96455
C -4.6303 -13.29564 1.8236
O -5.24911 -13.99019 1.03035
O -2.53889 -4.15249 1.19519
O -5.31884 -12.86372 2.91868
O -4.63233 -10.74427 2.05125
C -6.68647 -12.96326 3.07658
C -1.75908 -12.05215 0.44275
C -0.45383 -12.81868 0.64978
C -0.98451 -14.19969 0.97086
C -2.48547 -13.97319 0.75595
O -2.5455 -12.98944 -0.24903
H -1.70873 -11.69052 2.58649
H -2.86586 -13.74041 2.93178
H -1.54572 -11.10107 -0.08071
H 0.05956 -12.85672 -0.33785
H 0.24025 -12.38993 1.40457
H -0.57955 -14.91379 0.21993
H -0.77141 -14.56427 1.99923
H -2.98261 -14.94045 0.5233
O -0.9829 -5.80912 0.69011
C -2.43352 -2.85575 0.72535
C -2.5098 -6.05671 3.94627
C -2.86603 -7.2607 4.80368
C -2.14392 -8.31368 4.03757
C -1.6541 -7.50583 2.81114
O -1.24386 -6.32217 3.43354
H -4.43386 -6.20883 2.99789
H -3.66031 -6.47069 1.19857
H -2.00495 -2.19857 1.51203
H -2.59772 -5.14026 4.57573
H -2.43307 -7.19642 5.82717
H -3.96764 -7.3946 4.86978
H -1.21367 -8.55849 4.6019
H -2.70174 -9.26431 3.97891
H -0.81865 -8.06875 2.33546
H -3.43083 -2.47583 0.41694
H -1.75993 -2.84303 -0.15566
H -6.97199 -12.52627 4.05524
H -6.99952 -14.02893 3.05593
H -7.20506 -12.40295 2.26938
H -4.59694 -8.31537 1.36947
H -4.37969 -9.09419 0.47625
H -2.65298 -9.36555 -0.89823
H -3.70471 -7.94516 -1.12742
$end

$opt
CONSTRAINT
tors           1           2           3           4    +161.053
tors           3           4           5           6    -161.053
tors           4           5           6           7     +28.421
tors           5           6           7           8     -28.421
tors           6           7           8           9     -85.263
tors           7           8           9          10    -104.211
tors           8           9          10          11    +142.105
tors           9          10          11          12    -180.000
tors          11          12          13          14    +123.158
ENDCONSTRAINT
$end

$rem
JOBTYPE                   OPT
METHOD                    B3LYP
DFT_D                     d3_op
BASIS                     STO-3G
GEOM_OPT_MAX_CYCLES       100
GEOM_OPT_TOL_GRADIENT     300
GEOM_OPT_TOL_DISPLACEMENT 1200
GEOM_OPT_TOL_ENERGY       100
SYMMETRY                  False
THRESH                    12
SCF_CONVERGENCE           8
MAX_SUB_FILE_NUM          128
MEM_STATIC                400
MEM_TOTAL                 4000
$end
