$molecule
0  1
O -3.94934 -3.66094 2.70899
C -3.26408 -4.56952 2.26188
C -3.36658 -6.02376 2.66595
C -2.40867 -7.01244 1.98128
C -1.33566 -6.41165 1.10049
O -1.66543 -6.58152 -0.21398
C -2.08332 -7.91563 -0.52185
C -3.39853 -8.23039 0.18334
O -3.3227 -7.83187 1.56113
C -4.2383 -8.40087 2.38396
C -5.65318 -7.97219 2.07572
C -5.95137 -6.48849 2.33647
C -4.74194 -5.59291 2.51523
O -4.65907 -4.66291 3.3044
O -2.32612 -4.13783 1.37308
O -5.03575 -4.81529 1.1584
O -3.95037 -9.22478 3.23936
C -4.6223 -4.91528 -0.16821
C -6.40937 -8.26297 0.76391
C -7.88694 -8.51103 1.06421
C -8.31632 -7.12566 1.50852
C -7.0374 -6.32358 1.20647
O -6.47617 -7.02001 0.11985
H -6.20719 -8.55868 2.84656
H -6.48557 -6.35703 3.30482
H -5.99846 -9.11391 0.18123
H -8.37416 -8.74429 0.08978
H -8.11249 -9.32827 1.78277
H -9.1612 -6.80307 0.86034
H -8.60448 -7.03782 2.578
H -7.32818 -5.26495 1.02991
O -0.38218 -5.66874 1.34934
C -2.03524 -2.81875 1.07848
C -2.47656 -5.66057 4.10331
C -2.29404 -6.63436 5.33487
C -1.52534 -7.70178 4.6281
C -1.23985 -6.96282 3.27967
O -1.19125 -5.63023 3.67287
H -3.57555 -6.765 3.63951
H -1.61687 -7.97887 2.30362
H -1.67324 -2.29894 1.99061
H -2.75498 -4.70613 4.61881
H -1.64074 -6.12026 6.07885
H -3.22406 -6.98142 5.83631
H -0.59687 -7.88092 5.21655
H -2.03489 -8.66882 4.48079
H -0.11634 -7.22373 3.11008
H -2.93255 -2.29737 0.68513
H -1.23659 -2.78745 0.30987
H -5.4798 -5.09844 -0.84285
H -3.84368 -5.65801 -0.29771
H -4.19636 -3.94373 -0.48457
H -4.20316 -7.70588 -0.34418
H -3.5752 -9.32529 0.08138
H -1.29276 -8.62855 -0.19179
H -2.21157 -8.03907 -1.61794
$end

$opt
CONSTRAINT
tors           1           2           3           4    -180.000
tors           3           4           5           6    -104.211
tors           4           5           6           7     -47.368
tors           5           6           7           8     +66.316
tors           6           7           8           9     -47.368
tors           7           8           9          10    -161.053
tors           8           9          10          11     -66.316
tors           9          10          11          12     -66.316
tors          11          12          13          14    -142.105
ENDCONSTRAINT
$end

$rem
JOBTYPE                   OPT
METHOD                    B3LYP
DFT_D                     d3_op
BASIS                     STO-3G
GEOM_OPT_MAX_CYCLES       100
GEOM_OPT_TOL_GRADIENT     300
GEOM_OPT_TOL_DISPLACEMENT 1200
GEOM_OPT_TOL_ENERGY       100
SYMMETRY                  False
THRESH                    12
SCF_CONVERGENCE           8
MAX_SUB_FILE_NUM          128
MEM_STATIC                400
MEM_TOTAL                 4000
$end
