$molecule
0  1
O -3.94934 -3.66094 2.70899
C -3.26408 -4.56952 2.26188
C -3.36658 -6.02376 2.66595
C -3.9434 -6.32711 4.05847
C -4.51789 -5.15366 4.82075
O -3.72809 -4.05359 4.64328
C -4.35353 -3.03183 3.85964
C -3.36192 -2.46254 2.8503
O -2.02901 -2.5328 3.38066
C -1.06765 -2.89558 2.4956
C 0.1659 -3.45519 3.16332
C 1.28277 -3.88723 2.20197
C 1.16242 -3.38037 0.77883
O 2.09099 -3.23641 -0.00322
O -2.84038 -4.50987 0.96188
O 0.01299 -3.76428 0.14578
O -0.97285 -2.1234 1.55172
C -0.23576 -3.70401 -1.21936
C 0.91794 -2.41505 4.02001
C 1.7483 -3.13484 5.0804
C 2.82419 -3.76047 4.21686
C 2.46993 -3.15113 2.85442
O 1.91078 -1.89992 3.16958
H -0.17435 -4.28544 3.8233
H 1.42331 -4.98949 2.15681
H 0.24897 -1.66695 4.49873
H 2.21428 -2.34557 5.71325
H 1.19182 -3.84265 5.73178
H 3.81379 -3.39774 4.57315
H 2.81494 -4.87135 4.17557
H 3.37032 -3.12894 2.20185
O -5.68264 -5.07827 5.19214
C -3.38214 -3.71824 -0.03369
C -4.3779 -6.80477 1.79189
C -4.03981 -8.29414 1.81241
C -4.45792 -8.65827 3.22032
C -5.0542 -7.32531 3.68515
O -5.58458 -6.75934 2.51335
H -2.35108 -6.46165 2.53222
H -3.17528 -6.77493 4.72662
H -3.03174 -2.67352 0.0299
H -4.43144 -6.45124 0.73969
H -4.73139 -8.79633 1.09819
H -2.9913 -8.54774 1.54568
H -5.24737 -9.4403 3.16108
H -3.63614 -8.99707 3.88779
H -5.77238 -7.50074 4.51581
H -4.49174 -3.76998 -0.00743
H -3.06189 -4.11754 -1.01596
H -1.06926 -3.00156 -1.41077
H -0.51151 -4.71443 -1.58475
H 0.62951 -3.3416 -1.81278
H -3.48036 -1.79386 1.91112
H -3.58211 -1.37547 3.05432
H -4.41302 -2.23372 4.65078
H -5.53212 -3.00421 3.81162
$end

$opt
CONSTRAINT
tors           1           2           3           4     -24.651
tors           3           4           5           6     -39.988
tors           4           5           6           7    +111.018
tors           5           6           7           8    -136.596
tors           6           7           8           9     -30.562
tors           7           8           9          10    +139.603
tors           8           9          10          11    -158.177
tors           9          10          11          12    +179.732
tors          11          12          13          14    +155.449
ENDCONSTRAINT
$end

$rem
JOBTYPE                   OPT
METHOD                    B3LYP
DFT_D                     d3_op
BASIS                     STO-3G
GEOM_OPT_MAX_CYCLES       100
GEOM_OPT_TOL_GRADIENT     300
GEOM_OPT_TOL_DISPLACEMENT 1200
GEOM_OPT_TOL_ENERGY       100
SYMMETRY                  False
THRESH                    12
SCF_CONVERGENCE           8
MAX_SUB_FILE_NUM          128
MEM_STATIC                400
MEM_TOTAL                 4000
$end
