$molecule
0  1
O -3.94934 -3.66094 2.70899
C -3.26408 -4.56952 2.26188
C -3.36658 -6.02376 2.66595
C -2.86159 -7.07008 1.65895
C -2.14771 -6.53916 0.4356
O -2.79738 -5.43509 -0.03809
C -2.3506 -4.21649 0.56576
C -0.96355 -3.85079 0.0476
O -0.10742 -3.50022 1.14625
C 1.04312 -2.8661 0.80964
C 2.05381 -2.84602 1.93158
C 2.61569 -4.22103 2.32135
C 2.37215 -5.33993 1.32865
O 2.91427 -6.43551 1.34843
O -2.05015 -4.24981 2.94653
O 1.73924 -5.1295 0.14369
O 1.2472 -2.35904 -0.28765
C 1.67727 -6.04304 -0.90023
C 3.36542 -2.10082 1.59754
C 4.0376 -1.64209 2.8913
C 4.50439 -2.969 3.45329
C 4.12108 -3.90421 2.30087
O 4.24314 -3.1038 1.15024
H 1.56709 -2.3241 2.78615
H 2.24424 -4.57361 3.3082
H 3.22381 -1.23262 0.91782
H 4.93221 -1.0474 2.59709
H 3.40527 -1.03431 3.57377
H 5.60883 -2.92671 3.58115
H 4.02028 -3.27958 4.40466
H 4.7497 -4.82168 2.32337
O -1.58158 -7.29627 -0.33745
C -1.6442 -3.05883 3.54843
C -2.60565 -6.51129 3.9379
C -3.20943 -7.80947 4.48068
C -2.68546 -8.80613 3.47197
C -1.89662 -7.88033 2.54747
O -1.36145 -6.92382 3.42914
H -4.45169 -6.17096 2.86565
H -3.686 -7.71067 1.27193
H -0.61548 -3.18617 3.94306
H -2.58536 -5.75429 4.75266
H -2.74513 -8.03381 5.46753
H -4.31459 -7.77437 4.58867
H -1.96944 -9.48574 3.98686
H -3.45982 -9.40733 2.94859
H -1.15791 -8.47093 1.9623
H -2.31574 -2.8068 4.39602
H -1.6509 -2.22981 2.80988
H 1.14282 -5.5987 -1.76353
H 1.14212 -6.96019 -0.57393
H 2.70127 -6.30874 -1.23899
H -0.49937 -4.6207 -0.61716
H -1.09598 -2.98291 -0.64278
H -1.55714 -4.70146 1.08339
H -2.97175 -3.30889 0.30544
$end

$opt
CONSTRAINT
tors           1           2           3           4    +156.418
tors           3           4           5           6     -41.485
tors           4           5           6           7     +88.097
tors           5           6           7           8     +72.710
tors           6           7           8           9    -132.747
tors           7           8           9          10    -165.422
tors           8           9          10          11    -164.937
tors           9          10          11          12     +66.316
tors          11          12          13          14    +167.536
ENDCONSTRAINT
$end

$rem
JOBTYPE                   OPT
METHOD                    B3LYP
DFT_D                     d3_op
BASIS                     STO-3G
GEOM_OPT_MAX_CYCLES       100
GEOM_OPT_TOL_GRADIENT     300
GEOM_OPT_TOL_DISPLACEMENT 1200
GEOM_OPT_TOL_ENERGY       100
SYMMETRY                  False
THRESH                    12
SCF_CONVERGENCE           8
MAX_SUB_FILE_NUM          128
MEM_STATIC                400
MEM_TOTAL                 4000
$end
