$molecule
0  1
O -3.94934 -3.66094 2.70899
C -3.26408 -4.56952 2.26188
C -3.36658 -6.02376 2.66595
C -2.12778 -6.66135 3.3161
C -0.98623 -5.72739 3.65177
O 0.06694 -6.4415 4.14806
C 1.26062 -6.29815 3.37099
C 0.94462 -5.61868 2.04261
O 1.91749 -5.99666 1.05594
C 2.53951 -4.96888 0.42673
C 3.33947 -5.41236 -0.77496
C 3.81324 -4.27575 -1.69253
C 3.7369 -2.87949 -1.10828
O 2.81235 -2.44049 -0.43967
O -2.36701 -4.29312 1.27857
O 4.81366 -2.06829 -1.29806
O 3.00102 -4.11928 1.17912
C 4.91669 -0.77845 -0.82002
C 4.67744 -6.09942 -0.4428
C 5.06514 -7.02501 -1.59416
C 5.4023 -6.01061 -2.66865
C 5.28718 -4.70784 -1.86551
O 5.63995 -5.07912 -0.55439
H 2.69168 -6.12771 -1.33267
H 3.22915 -4.25025 -2.63828
H 4.66085 -6.6582 0.51827
H 6.00125 -7.54431 -1.28705
H 4.30664 -7.78405 -1.8836
H 6.4495 -6.18847 -3.0
H 4.71931 -6.0003 -3.54572
H 5.92006 -3.92751 -2.33993
O -1.06161 -4.51221 3.77574
C -2.14577 -3.03638 0.75654
C -4.40478 -6.2583 3.78446
C -4.86652 -7.71604 3.77608
C -3.64124 -8.40392 4.33837
C -2.74766 -7.19343 4.62039
O -3.65607 -6.17863 4.97239
H -3.68435 -6.57382 1.75184
H -1.70971 -7.46799 2.67263
H -1.79657 -2.34685 1.5544
H -5.2883 -5.58691 3.71492
H -5.69403 -7.8115 4.51512
H -5.21103 -8.08939 2.78771
H -3.92308 -8.89701 5.29549
H -3.15498 -9.13992 3.66205
H -1.98473 -7.45201 5.38719
H -3.07875 -2.64232 0.29964
H -1.36339 -3.10151 -0.02726
H 5.89283 -0.35266 -1.13032
H 4.86064 -0.77595 0.28942
H 4.10285 -0.14889 -1.23948
H 0.0301 -6.04429 1.57397
H 0.8041 -4.51759 2.15341
H 1.59816 -7.33199 3.14264
H 2.06818 -5.78213 3.9314
$end

$opt
CONSTRAINT
tors           1           2           3           4    -118.008
tors           3           4           5           6    -176.516
tors           4           5           6           7    +120.358
tors           5           6           7           8     -11.820
tors           6           7           8           9    -154.104
tors           7           8           9          10    -126.106
tors           8           9          10          11    -168.637
tors           9          10          11          12    +167.519
tors          11          12          13          14     -41.741
ENDCONSTRAINT
$end

$rem
JOBTYPE                   OPT
METHOD                    B3LYP
DFT_D                     d3_op
BASIS                     STO-3G
GEOM_OPT_MAX_CYCLES       100
GEOM_OPT_TOL_GRADIENT     300
GEOM_OPT_TOL_DISPLACEMENT 1200
GEOM_OPT_TOL_ENERGY       100
SYMMETRY                  False
THRESH                    12
SCF_CONVERGENCE           8
MAX_SUB_FILE_NUM          128
MEM_STATIC                400
MEM_TOTAL                 4000
$end
