$molecule
0  1
O -3.94934 -3.66094 2.70899
C -3.26408 -4.56952 2.26188
C -3.36658 -6.02376 2.66595
C -2.86131 -6.40065 4.06827
C -2.4745 -5.25444 4.97638
O -3.16326 -5.34154 6.15258
C -2.84967 -4.28677 7.06822
C -3.01628 -4.77099 8.50485
O -3.79831 -3.82612 9.25219
C -3.12078 -2.74791 9.71862
C -2.85208 -2.81886 11.20301
C -3.49321 -4.01575 11.92042
C -3.9908 -5.13325 11.02582
O -3.65241 -5.31619 9.86539
O -2.40938 -4.2956 1.24093
O -4.76268 -6.07265 11.63246
O -2.62066 -1.90881 8.9843
C -5.26309 -7.19118 10.9995
C -1.3692 -3.04401 11.55511
C -1.10053 -2.53882 12.97167
C -1.84037 -3.57997 13.78952
C -2.26816 -4.54839 12.6803
O -1.24866 -4.43686 11.71539
H -3.1932 -1.84981 11.63217
H -4.34554 -3.69831 12.56098
H -0.66742 -2.57068 10.83427
H -0.00783 -2.65619 13.15275
H -1.39158 -1.48505 13.17085
H -1.1151 -4.0621 14.48187
H -2.71913 -3.20283 14.35639
H -2.43859 -5.56726 13.09348
O -1.58195 -4.45419 4.72264
C -2.2113 -3.03888 0.70838
C -4.81649 -6.53645 2.71997
C -4.83908 -8.044 2.48651
C -4.22317 -8.53617 3.77864
C -4.09247 -7.21486 4.54968
O -5.16886 -6.43986 4.0797
H -2.7987 -6.59961 1.89859
H -1.95296 -7.04019 4.00549
H -1.83008 -2.34805 1.49062
H -5.4913 -6.02375 1.99978
H -5.90952 -8.35087 2.4628
H -4.33811 -8.39405 1.5584
H -4.95162 -9.21543 4.27498
H -3.24063 -9.04507 3.67326
H -4.08249 -7.44066 5.63767
H -3.16263 -2.64552 0.29049
H -1.4625 -3.10334 -0.10748
H -5.859 -7.78336 11.7238
H -4.43038 -7.82151 10.62043
H -5.92019 -6.89053 10.15544
H -3.40643 -5.8509 8.06614
H -1.90452 -4.83933 8.80586
H -3.64268 -3.52749 6.88671
H -1.88894 -3.74011 6.91891
$end

$opt
CONSTRAINT
tors           1           2           3           4     -71.378
tors           3           4           5           6    +125.086
tors           4           5           6           7    -180.000
tors           5           6           7           8    -150.471
tors           6           7           8           9    -131.157
tors           7           8           9          10     -81.222
tors           8           9          10          11    -105.067
tors           9          10          11          12      -5.153
tors          11          12          13          14     +18.547
ENDCONSTRAINT
$end

$rem
JOBTYPE                   OPT
METHOD                    B3LYP
DFT_D                     d3_op
BASIS                     STO-3G
GEOM_OPT_MAX_CYCLES       100
GEOM_OPT_TOL_GRADIENT     300
GEOM_OPT_TOL_DISPLACEMENT 1200
GEOM_OPT_TOL_ENERGY       100
SYMMETRY                  False
THRESH                    12
SCF_CONVERGENCE           8
MAX_SUB_FILE_NUM          128
MEM_STATIC                400
MEM_TOTAL                 4000
$end
