$molecule
0  1
O -3.94934 -3.66094 2.70899
C -3.26408 -4.56952 2.26188
C -3.36658 -6.02376 2.66595
C -2.27896 -6.97655 2.14334
C -1.11258 -6.33794 1.42236
O -0.43031 -7.28528 0.71351
C 0.66428 -6.74777 -0.03631
C 0.66334 -7.31882 -1.45054
O 2.00045 -7.3297 -1.97483
C 2.17555 -6.65757 -3.13962
C 2.74611 -7.52271 -4.2381
C 1.73933 -7.94574 -5.31778
C 0.43583 -7.17317 -5.34486
O -0.46872 -7.3372 -6.15073
O -2.62049 -4.27506 1.09905
O 0.19921 -6.1406 -4.49423
O 2.31852 -5.442 -3.12552
C -0.93605 -5.35261 -4.4664
C 3.79906 -6.81509 -5.12323
C 4.70264 -7.8571 -5.78195
C 3.74068 -8.47996 -6.77364
C 2.52306 -7.56798 -6.58356
O 3.07458 -6.32394 -6.22478
H 3.24452 -8.39727 -3.75923
H 1.47449 -9.0228 -5.23941
H 4.41595 -6.0732 -4.5707
H 5.47964 -7.29402 -6.34765
H 5.20246 -8.57171 -5.09328
H 4.1694 -8.3705 -7.79443
H 3.47985 -9.54295 -6.57901
H 1.88451 -7.5735 -7.49458
O -0.52786 -5.36572 1.89398
C -2.53966 -3.02202 0.52477
C -3.14369 -6.18391 4.18636
C -3.77019 -7.49078 4.67211
C -2.80066 -8.49893 4.0938
C -1.76395 -7.55825 3.47213
O -1.76807 -6.43834 4.32109
H -4.40121 -6.35402 2.42318
H -2.7048 -7.76126 1.47767
H -2.0343 -2.31662 1.2184
H -3.54105 -5.33212 4.78114
H -3.67787 -7.50927 5.78184
H -4.83504 -7.63751 4.39034
H -2.34716 -9.07224 4.93286
H -3.23107 -9.19807 3.34449
H -0.78786 -8.0799 3.35724
H -3.55538 -2.64598 0.2777
H -1.94721 -3.08959 -0.41077
H -0.83309 -4.59707 -3.66062
H -1.83026 -5.9776 -4.25701
H -1.06098 -4.82586 -5.43641
H 0.35857 -8.38583 -1.39036
H -0.08874 -6.79215 -2.07597
H 1.57641 -7.14021 0.46371
H 0.75678 -5.63763 -0.07422
$end

$opt
CONSTRAINT
tors           1           2           3           4    -171.165
tors           3           4           5           6    -163.731
tors           4           5           6           7    +177.936
tors           5           6           7           8    -134.514
tors           6           7           8           9    -152.490
tors           7           8           9          10    -123.158
tors           8           9          10          11    -123.099
tors           9          10          11          12    +105.164
tors          11          12          13          14    +177.804
ENDCONSTRAINT
$end

$rem
JOBTYPE                   OPT
METHOD                    B3LYP
DFT_D                     d3_op
BASIS                     STO-3G
GEOM_OPT_MAX_CYCLES       100
GEOM_OPT_TOL_GRADIENT     300
GEOM_OPT_TOL_DISPLACEMENT 1200
GEOM_OPT_TOL_ENERGY       100
SYMMETRY                  False
THRESH                    12
SCF_CONVERGENCE           8
MAX_SUB_FILE_NUM          128
MEM_STATIC                400
MEM_TOTAL                 4000
$end
