$molecule
0  1
O -3.94934 -3.66094 2.70899
C -3.26408 -4.56952 2.26188
C -3.36658 -6.02376 2.66595
C -4.61425 -6.79485 2.20489
C -5.53369 -6.07634 1.24237
O -5.02926 -6.15132 -0.02466
C -5.32892 -7.38946 -0.67771
C -4.06679 -8.23647 -0.80316
O -4.37209 -9.47483 -1.46357
C -3.57206 -10.52095 -1.13996
C -3.07404 -11.27678 -2.34883
C -2.10281 -12.42532 -2.03926
C -2.05124 -12.87542 -0.59307
O -1.52335 -13.90114 -0.18837
O -2.25101 -4.26332 1.41038
O -3.11519 -12.58306 0.21449
O -2.77663 -10.33005 -0.22011
C -3.32321 -13.03166 1.5069
C -4.18636 -12.02499 -3.1047
C -3.75068 -12.261 -4.54953
C -2.67105 -13.30592 -4.35137
C -2.79488 -13.5463 -2.84186
O -4.15817 -13.32459 -2.57071
H -2.60066 -10.52527 -3.02161
H -1.05924 -12.23336 -2.37126
H -5.16838 -11.50437 -3.0763
H -4.61131 -12.73434 -5.0746
H -3.43566 -11.35366 -5.10847
H -2.95757 -14.21751 -4.92141
H -1.64314 -12.98752 -4.63008
H -2.40753 -14.5561 -2.58145
O -6.67683 -5.71928 1.48626
C -1.97631 -2.99153 0.9535
C -2.24075 -7.04341 2.46576
C -2.21925 -8.0244 3.64023
C -3.52209 -8.77708 3.40245
C -3.95719 -8.18376 2.04684
O -2.71383 -7.87658 1.45828
H -3.40493 -5.88446 3.77229
H -5.2893 -6.88025 3.08725
H -1.73648 -2.32124 1.80643
H -1.2426 -6.58381 2.30298
H -1.36685 -8.7192 3.46223
H -2.11058 -7.57629 4.65139
H -3.28085 -9.8591 3.30368
H -4.29981 -8.63851 4.18396
H -4.62245 -8.91696 1.5485
H -2.84789 -2.59039 0.39322
H -1.10131 -3.03081 0.27285
H -4.26704 -12.59575 1.89359
H -2.4859 -12.70619 2.16046
H -3.41 -14.13888 1.52496
H -3.71518 -7.63868 -1.67369
H -3.00241 -7.98493 -0.66706
H -5.80366 -7.17623 -1.66381
H -6.0776 -7.99816 -0.11636
$end

$opt
CONSTRAINT
tors           1           2           3           4     +70.937
tors           3           4           5           6     +80.051
tors           4           5           6           7     +81.557
tors           5           6           7           8    -108.710
tors           6           7           8           9    -179.774
tors           7           8           9          10    -152.142
tors           8           9          10          11    -132.520
tors           9          10          11          12    +176.857
tors          11          12          13          14    +167.032
ENDCONSTRAINT
$end

$rem
JOBTYPE                   OPT
METHOD                    B3LYP
DFT_D                     d3_op
BASIS                     STO-3G
GEOM_OPT_MAX_CYCLES       100
GEOM_OPT_TOL_GRADIENT     300
GEOM_OPT_TOL_DISPLACEMENT 1200
GEOM_OPT_TOL_ENERGY       100
SYMMETRY                  False
THRESH                    12
SCF_CONVERGENCE           8
MAX_SUB_FILE_NUM          128
MEM_STATIC                400
MEM_TOTAL                 4000
$end
