$molecule
0  1
O -3.94934 -3.66094 2.70899
C -3.26408 -4.56952 2.26188
C -3.36658 -6.02376 2.66595
C -4.75986 -6.67158 2.6116
C -5.86408 -5.8452 1.99041
O -5.62644 -4.51738 2.20452
C -6.49614 -3.66174 1.45569
C -7.5898 -3.10269 2.35984
O -8.83232 -3.03782 1.64235
C -9.56199 -4.18093 1.63536
C -10.59124 -4.2152 0.53076
C -10.64042 -5.52603 -0.26774
C -9.93213 -6.7094 0.36047
O -9.92715 -7.84904 -0.082
O -2.40283 -4.27265 1.25153
O -9.23965 -6.64427 1.52211
O -9.80756 -4.71172 2.71511
C -8.79064 -7.72334 2.26823
C -12.05094 -4.15125 1.03379
C -12.95561 -3.62207 -0.07848
C -12.94199 -4.7965 -1.03641
C -12.14911 -5.81543 -0.20915
O -12.45952 -5.494 1.12525
H -10.42039 -3.33358 -0.12989
H -10.23695 -5.41236 -1.29758
H -12.17263 -3.537 1.95274
H -13.97708 -3.53028 0.35626
H -12.66045 -2.64624 -0.52073
H -13.99056 -5.13444 -1.19162
H -12.45164 -4.60548 -2.01561
H -12.39454 -6.85223 -0.52944
O -6.56762 -6.28376 1.08909
C -2.22285 -3.01095 0.72399
C -2.56813 -6.99804 1.77265
C -2.26138 -8.28415 2.5402
C -3.62746 -8.93258 2.56324
C -4.43409 -7.91406 1.75388
O -3.50725 -7.42262 0.81573
H -2.96801 -6.05649 3.70454
H -5.12954 -6.95676 3.62126
H -1.86408 -2.31451 1.51173
H -1.6192 -6.575 1.37881
H -1.58758 -8.90534 1.90752
H -1.79153 -8.12714 3.53494
H -3.56916 -9.8933 2.00406
H -4.05468 -9.10984 3.57388
H -5.33918 -8.40766 1.33771
H -3.17716 -2.63561 0.29627
H -1.46388 -3.05929 -0.08348
H -8.25887 -7.3488 3.16693
H -8.09168 -8.3489 1.67286
H -9.6528 -8.34108 2.59814
H -7.69983 -3.74958 3.26002
H -7.29325 -2.10604 2.74911
H -6.98544 -4.16189 0.59178
H -5.92846 -2.84229 0.9662
$end

$opt
CONSTRAINT
tors           1           2           3           4     +52.031
tors           3           4           5           6     -30.641
tors           4           5           6           7    +169.871
tors           5           6           7           8    +102.647
tors           6           7           8           9    -142.105
tors           7           8           9          10     +85.085
tors           8           9          10          11    -161.053
tors           9          10          11          12    +133.527
tors          11          12          13          14    +175.492
ENDCONSTRAINT
$end

$rem
JOBTYPE                   OPT
METHOD                    B3LYP
DFT_D                     d3_op
BASIS                     STO-3G
GEOM_OPT_MAX_CYCLES       100
GEOM_OPT_TOL_GRADIENT     300
GEOM_OPT_TOL_DISPLACEMENT 1200
GEOM_OPT_TOL_ENERGY       100
SYMMETRY                  False
THRESH                    12
SCF_CONVERGENCE           8
MAX_SUB_FILE_NUM          128
MEM_STATIC                400
MEM_TOTAL                 4000
$end
