$molecule
0  1
O -3.94934 -3.66094 2.70899
C -3.26408 -4.56952 2.26188
C -3.36658 -6.02376 2.66595
C -4.11615 -6.33931 3.97072
C -4.83239 -5.18353 4.63347
O -5.12765 -5.5018 5.92844
C -5.80921 -4.45303 6.62473
C -5.68727 -3.14356 5.85237
O -6.10363 -2.04635 6.68043
C -7.43501 -1.78833 6.6805
C -7.79816 -0.57005 7.49573
C -7.57393 0.7736 6.7868
C -7.37054 0.70338 5.28666
O -7.17856 1.66133 4.55179
O -2.44338 -4.30879 1.21074
O -7.46865 -0.47451 4.61339
O -8.27523 -2.56192 6.23257
C -7.31611 -0.64464 3.25064
C -9.31228 -0.44051 7.80095
C -9.51255 0.4217 9.04715
C -9.12284 1.78512 8.51348
C -8.92869 1.45122 7.03002
O -9.82404 0.39346 6.79023
H -7.27372 -0.65891 8.47436
H -6.69688 1.31386 7.20516
H -9.82513 -1.4177 7.93573
H -10.60604 0.42399 9.25983
H -8.96759 0.09577 9.95903
H -9.97948 2.479 8.66318
H -8.19655 2.21865 8.94937
H -9.06711 2.35905 6.40188
O -5.72454 -4.7689 3.89843
C -2.26542 -3.05904 0.6552
C -4.16148 -6.8816 1.66558
C -3.74292 -8.34626 1.79233
C -4.37749 -8.7104 3.12078
C -5.1063 -7.40354 3.45096
O -5.4696 -6.89844 2.18635
H -2.31513 -6.38501 2.73597
H -3.40916 -6.75098 4.72724
H -1.86134 -2.35674 1.41542
H -4.05506 -6.53686 0.6138
H -4.26322 -8.91136 0.98609
H -2.6491 -8.52924 1.72162
H -5.11464 -9.52545 2.94585
H -3.66689 -9.00755 3.9221
H -5.9386 -7.58785 4.16522
H -3.23056 -2.6733 0.2626
H -1.54283 -3.13311 -0.18316
H -7.45404 -1.71648 3.00044
H -6.29608 -0.33407 2.93887
H -8.07721 -0.04975 2.70223
H -4.60758 -2.94709 5.66138
H -6.23642 -2.99022 4.90448
H -5.2905 -4.31619 7.59773
H -6.86403 -4.73423 6.82467
$end

$opt
CONSTRAINT
tors           1           2           3           4     -16.510
tors           3           4           5           6    -163.305
tors           4           5           6           7    -180.000
tors           5           6           7           8     -15.146
tors           6           7           8           9    -167.215
tors           7           8           9          10     -85.833
tors           8           9          10          11    -176.198
tors           9          10          11          12     +80.272
tors          11          12          13          14    -180.000
ENDCONSTRAINT
$end

$rem
JOBTYPE                   OPT
METHOD                    B3LYP
DFT_D                     d3_op
BASIS                     STO-3G
GEOM_OPT_MAX_CYCLES       100
GEOM_OPT_TOL_GRADIENT     300
GEOM_OPT_TOL_DISPLACEMENT 1200
GEOM_OPT_TOL_ENERGY       100
SYMMETRY                  False
THRESH                    12
SCF_CONVERGENCE           8
MAX_SUB_FILE_NUM          128
MEM_STATIC                400
MEM_TOTAL                 4000
$end
