$molecule
0  1
O -3.94934 -3.66094 2.70899
C -3.26408 -4.56952 2.26188
C -3.36658 -6.02376 2.66595
C -4.72196 -6.71799 2.4542
C -5.77109 -5.93284 1.69858
O -6.97509 -6.03498 2.33526
C -8.02297 -5.3152 1.67713
C -7.45362 -4.49531 0.52399
O -8.08556 -3.20624 0.48121
C -7.92595 -2.51669 -0.67558
C -8.42907 -1.09549 -0.5876
C -9.78689 -0.93156 0.11078
C -10.26301 -2.12275 0.91768
O -10.26576 -2.19681 2.13796
O -2.362 -4.26457 1.29035
O -10.7907 -3.14879 0.19742
O -7.51379 -3.00832 -1.71871
C -11.46918 -4.21606 0.74792
C -7.53867 -0.20694 0.30628
C -7.70892 1.25515 -0.10076
C -9.12271 1.51462 0.37716
C -9.41082 0.19294 1.10182
O -8.1535 -0.22877 1.56849
H -8.40969 -0.66994 -1.61697
H -10.61288 -0.62283 -0.56667
H -6.46408 -0.49288 0.28078
H -7.00501 1.84498 0.52969
H -7.52067 1.48868 -1.17074
H -9.10017 2.37004 1.08815
H -9.86934 1.70093 -0.42502
H -10.19156 0.34678 1.87948
O -5.61731 -6.06701 0.48143
C -2.1625 -2.99908 0.77915
C -2.43042 -6.97908 1.89106
C -2.16725 -8.23975 2.71576
C -3.50028 -8.9429 2.58994
C -4.2422 -7.96849 1.67091
O -3.22791 -7.45914 0.83874
H -3.08146 -6.03351 3.74186
H -5.16635 -7.05099 3.42101
H -1.83711 -2.3074 1.58533
H -1.45904 -6.52143 1.60494
H -1.39908 -8.84288 2.18064
H -1.82578 -8.04846 3.75585
H -3.33955 -9.9077 2.05874
H -4.03632 -9.12467 3.54632
H -5.08006 -8.49309 1.1605
H -3.09925 -2.62219 0.31529
H -1.3712 -3.04106 0.00295
H -11.7679 -4.91432 -0.06043
H -12.38328 -3.85634 1.26653
H -10.82879 -4.75502 1.47295
H -6.43734 -4.04862 0.64668
H -7.56474 -5.06836 -0.42712
H -8.4103 -4.60988 2.44379
H -8.85383 -5.97696 1.35681
$end

$opt
CONSTRAINT
tors           1           2           3           4     +59.091
tors           3           4           5           6    -134.993
tors           4           5           6           7    -180.000
tors           5           6           7           8      -6.617
tors           6           7           8           9    -139.350
tors           7           8           9          10    -163.944
tors           8           9          10          11    -171.307
tors           9          10          11          12     -43.885
tors          11          12          13          14    +105.558
ENDCONSTRAINT
$end

$rem
JOBTYPE                   OPT
METHOD                    B3LYP
DFT_D                     d3_op
BASIS                     STO-3G
GEOM_OPT_MAX_CYCLES       100
GEOM_OPT_TOL_GRADIENT     300
GEOM_OPT_TOL_DISPLACEMENT 1200
GEOM_OPT_TOL_ENERGY       100
SYMMETRY                  False
THRESH                    12
SCF_CONVERGENCE           8
MAX_SUB_FILE_NUM          128
MEM_STATIC                400
MEM_TOTAL                 4000
$end
