$molecule
0  1
O -3.94934 -3.66094 2.70899
C -3.26408 -4.56952 2.26188
C -3.36658 -6.02376 2.66595
C -4.59198 -6.4373 3.49736
C -5.66719 -5.38932 3.68104
O -5.10846 -4.14316 3.66296
C -6.07608 -3.09101 3.74013
C -5.46648 -1.77969 3.25541
O -6.41123 -0.71046 3.41996
C -6.08356 0.45607 2.81088
C -7.00051 1.59495 3.18878
C -8.19742 1.19872 4.06552
C -8.11354 -0.16506 4.72109
O -8.8395 -0.56548 5.61953
O -2.28089 -4.26194 1.37527
O -8.53296 -0.99311 3.66968
O -5.08416 0.61501 2.12076
C -9.31057 -2.14795 3.70551
C -6.32045 2.66375 4.05684
C -7.07897 3.98388 3.9262
C -8.34609 3.6562 4.68845
C -8.01081 2.24471 5.18704
O -6.61587 2.27177 5.37253
H -7.34263 2.04301 2.22881
H -9.19268 1.32451 3.57861
H -5.24466 2.80783 3.81578
H -6.50918 4.75161 4.4969
H -7.23167 4.33941 2.88417
H -8.43157 4.3615 5.54473
H -9.28144 3.67321 4.08774
H -8.61433 2.01067 6.09193
O -6.79604 -5.63312 4.09206
C -2.06785 -2.99925 0.86256
C -3.5634 -6.92019 1.42463
C -3.13844 -8.35393 1.742
C -4.28089 -8.79303 2.62949
C -5.16192 -7.54124 2.58316
O -4.95648 -7.02825 1.29211
H -2.40313 -6.28707 3.15642
H -4.34549 -6.84475 4.50243
H -1.83783 -2.28472 1.68131
H -3.01747 -6.56037 0.52529
H -3.18296 -8.93768 0.79479
H -2.12474 -8.4506 2.1873
H -4.8032 -9.64253 2.13532
H -3.99834 -9.07458 3.66708
H -6.21106 -7.81199 2.83521
H -2.96874 -2.65698 0.30878
H -1.20963 -3.03122 0.16057
H -8.85483 -2.90637 4.37462
H -9.39103 -2.56519 2.6804
H -10.33258 -1.91054 4.06911
H -4.54601 -1.53361 3.832
H -5.24206 -1.87562 2.16672
H -6.42401 -2.98949 4.79152
H -6.93493 -3.29915 3.06367
$end

$opt
CONSTRAINT
tors           1           2           3           4     +12.208
tors           3           4           5           6     -29.863
tors           4           5           6           7    +175.991
tors           5           6           7           8    -161.119
tors           6           7           8           9    -176.103
tors           7           8           9          10    -168.706
tors           8           9          10          11    -171.307
tors           9          10          11          12      -5.793
tors          11          12          13          14    +166.886
ENDCONSTRAINT
$end

$rem
JOBTYPE                   OPT
METHOD                    B3LYP
DFT_D                     d3_op
BASIS                     STO-3G
GEOM_OPT_MAX_CYCLES       100
GEOM_OPT_TOL_GRADIENT     300
GEOM_OPT_TOL_DISPLACEMENT 1200
GEOM_OPT_TOL_ENERGY       100
SYMMETRY                  False
THRESH                    12
SCF_CONVERGENCE           8
MAX_SUB_FILE_NUM          128
MEM_STATIC                400
MEM_TOTAL                 4000
$end
