$molecule
0  1
O -3.94934 -3.66094 2.70899
C -3.26408 -4.56952 2.26188
C -3.36658 -6.02376 2.66595
C -3.56126 -6.32558 4.16089
C -3.8097 -5.13648 5.06222
O -2.99229 -4.103 4.7028
C -3.69787 -3.00571 4.11342
C -2.82045 -2.31308 3.07586
O -1.9061 -1.41746 3.72755
C -1.26283 -0.54561 2.91194
C -0.16964 0.22205 3.61642
C 1.25644 -0.11138 3.15447
C 1.36715 -0.87022 1.84732
O 2.41153 -1.22327 1.31896
O -2.80264 -4.46122 0.97949
O 0.28055 -1.21081 1.10833
O -1.78589 -0.11084 1.889
C 0.30217 -1.87106 -0.10668
C -0.1887 1.74438 3.35439
C 0.52354 2.47229 4.49397
C 1.9613 2.06735 4.23459
C 1.79838 1.30565 2.91389
O 0.70678 1.93481 2.28551
H -0.29021 0.06078 4.71303
H 1.81248 -0.69957 3.91701
H -1.21281 2.15534 3.2176
H 0.4201 3.56259 4.2912
H 0.14729 2.25613 5.51698
H 2.56549 2.99069 4.09271
H 2.42193 1.42396 5.01548
H 2.75366 1.30203 2.34364
O -4.82594 -4.9749 5.7265
C -3.17015 -3.49648 0.06039
C -4.64004 -6.67879 2.0911
C -4.44775 -8.19073 1.9936
C -4.4913 -8.57454 3.45745
C -4.81613 -7.21662 4.09061
O -5.59421 -6.56325 3.11858
H -2.47133 -6.54431 2.2543
H -2.68253 -6.85666 4.58836
H -2.89466 -2.4792 0.39427
H -4.93698 -6.2675 1.10112
H -5.3534 -8.60236 1.49276
H -3.54213 -8.52206 1.44142
H -5.33116 -9.28884 3.60789
H -3.5498 -9.00246 3.86496
H -5.29321 -7.36597 5.08395
H -4.26561 -3.54273 -0.11614
H -2.64991 -3.69721 -0.89828
H -0.73309 -1.98392 -0.48011
H 0.75449 -2.87864 0.01205
H 0.87878 -1.28247 -0.8519
H -1.98885 -2.78632 2.4634
H -3.48599 -1.59966 2.48626
H -3.62178 -2.24021 4.91966
H -4.80251 -2.81851 4.40503
$end

$opt
CONSTRAINT
tors           1           2           3           4     -41.285
tors           3           4           5           6     -41.382
tors           4           5           6           7    +110.623
tors           5           6           7           8    -147.935
tors           6           7           8           9     -80.870
tors           7           8           9          10    -167.124
tors           8           9          10          11    -171.307
tors           9          10          11          12    +112.351
tors          11          12          13          14    +179.965
ENDCONSTRAINT
$end

$rem
JOBTYPE                   OPT
METHOD                    B3LYP
DFT_D                     d3_op
BASIS                     STO-3G
GEOM_OPT_MAX_CYCLES       100
GEOM_OPT_TOL_GRADIENT     300
GEOM_OPT_TOL_DISPLACEMENT 1200
GEOM_OPT_TOL_ENERGY       100
SYMMETRY                  False
THRESH                    12
SCF_CONVERGENCE           8
MAX_SUB_FILE_NUM          128
MEM_STATIC                400
MEM_TOTAL                 4000
$end
