$molecule
0  1
O -3.94934 -3.66094 2.70899
C -3.26408 -4.56952 2.26188
C -3.36658 -6.02376 2.66595
C -4.21872 -6.35085 3.90317
C -5.01703 -5.2095 4.49317
O -4.20921 -4.43349 5.27462
C -4.89584 -3.32778 5.87062
C -3.91841 -2.46961 6.66706
O -3.95059 -2.84857 8.05207
C -3.1573 -2.11864 8.8749
C -3.07215 -2.69068 10.26996
C -2.80186 -4.20098 10.33491
C -2.30937 -4.83989 9.05197
O -1.662 -5.87433 8.97836
O -2.40777 -4.29931 1.24188
O -2.02591 -4.12235 7.92603
O -2.4474 -1.19727 8.48808
C -1.32467 -4.57916 6.81172
C -1.91679 -2.14493 11.13036
C -2.25075 -2.32291 12.61055
C -2.12589 -3.82605 12.75037
C -1.636 -4.19444 11.34543
O -0.88047 -3.07622 10.94334
H -4.04542 -2.44713 10.75249
H -3.6773 -4.79228 10.68147
H -1.66815 -1.08183 10.92194
H -1.42996 -1.84338 13.1909
H -3.22466 -1.89569 12.93287
H -1.34021 -4.04289 13.50795
H -3.06526 -4.36012 13.01103
H -1.09049 -5.16314 11.37576
O -6.2346 -5.08398 4.408
C -2.21021 -3.04437 0.7052
C -4.05852 -6.86504 1.58395
C -3.6722 -8.33503 1.73983
C -4.46106 -8.70154 2.97813
C -5.17929 -7.37683 3.25485
O -5.40919 -6.85039 1.97017
H -2.3187 -6.36255 2.829
H -3.65652 -6.83985 4.73056
H -1.83137 -2.35012 1.48557
H -3.83922 -6.51616 0.55093
H -4.09268 -8.89404 0.87354
H -2.57742 -8.51587 1.80214
H -5.20891 -9.4774 2.69936
H -3.85747 -9.05362 3.84236
H -6.08395 -7.56726 3.87361
H -3.16131 -2.65381 0.2842
H -1.45986 -3.11093 -0.10905
H -1.21449 -3.77259 6.06253
H -1.86125 -5.43334 6.3462
H -0.30069 -4.89582 7.10412
H -2.91677 -2.41667 6.20135
H -4.32843 -1.43377 6.6349
H -5.77157 -3.62412 6.49163
H -5.26112 -2.69255 5.0301
$end

$opt
CONSTRAINT
tors           1           2           3           4     -11.340
tors           3           4           5           6     -80.445
tors           4           5           6           7    -180.000
tors           5           6           7           8    -177.097
tors           6           7           8           9     -95.918
tors           7           8           9          10    -177.578
tors           8           9          10          11    -171.307
tors           9          10          11          12     +47.434
tors          11          12          13          14    +156.034
ENDCONSTRAINT
$end

$rem
JOBTYPE                   OPT
METHOD                    B3LYP
DFT_D                     d3_op
BASIS                     STO-3G
GEOM_OPT_MAX_CYCLES       100
GEOM_OPT_TOL_GRADIENT     300
GEOM_OPT_TOL_DISPLACEMENT 1200
GEOM_OPT_TOL_ENERGY       100
SYMMETRY                  False
THRESH                    12
SCF_CONVERGENCE           8
MAX_SUB_FILE_NUM          128
MEM_STATIC                400
MEM_TOTAL                 4000
$end
