$molecule
0  1
O -3.94934 -3.66094 2.70899
C -3.26408 -4.56952 2.26188
C -3.36658 -6.02376 2.66595
C -3.09925 -6.36357 4.14139
C -2.93405 -5.19214 5.08402
O -1.89661 -4.40616 4.67004
C -1.67714 -3.272 5.51547
C -1.46244 -2.02042 4.67073
O -0.52692 -1.14574 5.32082
C -0.38172 0.07771 4.75405
C 0.7574 0.87052 5.34945
C 2.14798 0.51625 4.80259
C 2.16769 -0.29399 3.52203
O 3.17289 -0.66975 2.93642
O -2.37495 -4.2853 1.27533
O 1.0255 -0.51071 2.81753
O -1.19879 0.56024 3.97713
C 0.94909 -1.13861 1.58961
C 0.7296 2.37957 4.99549
C 1.50753 3.16786 6.04905
C 2.92568 2.7368 5.73473
C 2.68423 1.91321 4.46454
O 1.56043 2.51245 3.86804
H 0.67085 0.79486 6.45738
H 2.74424 -0.05095 5.55013
H -0.29686 2.79569 4.89874
H 1.39785 4.24455 5.78505
H 1.18968 3.02023 7.10352
H 3.52972 3.64594 5.51957
H 3.42032 2.12343 6.51901
H 3.60463 1.87397 3.84072
O -3.67225 -4.95763 6.03501
C -2.26481 -3.04925 0.67537
C -4.80184 -6.56106 2.51178
C -4.77611 -8.08039 2.35484
C -4.40175 -8.50265 3.76017
C -4.38949 -7.14201 4.46636
O -5.3733 -6.39926 3.78777
H -2.68566 -6.59853 1.99694
H -2.18821 -6.99126 4.26132
H -2.0502 -2.27405 1.43833
H -5.35311 -6.09637 1.66473
H -5.82165 -8.40717 2.15389
H -4.11177 -8.46281 1.55031
H -5.21833 -9.1423 4.16312
H -3.42634 -9.02708 3.85534
H -4.5438 -7.28104 5.55884
H -3.21217 -2.79484 0.15389
H -1.44168 -3.0744 -0.06777
H -0.09982 -1.12399 1.24278
H 1.29405 -2.19115 1.67438
H 1.56569 -0.59573 0.84176
H -0.99847 -2.31525 3.70345
H -2.45086 -1.55081 4.46821
H -0.69757 -3.48644 5.99571
H -2.38712 -3.07447 6.3491
$end

$opt
CONSTRAINT
tors           1           2           3           4     -60.819
tors           3           4           5           6     -58.693
tors           4           5           6           7    -180.000
tors           5           6           7           8    -135.113
tors           6           7           8           9    -146.064
tors           7           8           9          10    -171.906
tors           8           9          10          11    -171.307
tors           9          10          11          12     +81.283
tors          11          12          13          14    +179.965
ENDCONSTRAINT
$end

$rem
JOBTYPE                   OPT
METHOD                    B3LYP
DFT_D                     d3_op
BASIS                     STO-3G
GEOM_OPT_MAX_CYCLES       100
GEOM_OPT_TOL_GRADIENT     300
GEOM_OPT_TOL_DISPLACEMENT 1200
GEOM_OPT_TOL_ENERGY       100
SYMMETRY                  False
THRESH                    12
SCF_CONVERGENCE           8
MAX_SUB_FILE_NUM          128
MEM_STATIC                400
MEM_TOTAL                 4000
$end
