$molecule
0  1
O -3.94934 -3.66094 2.70899
C -3.26408 -4.56952 2.26188
C -3.36658 -6.02376 2.66595
C -3.56126 -6.32558 4.16089
C -3.8097 -5.13648 5.06222
O -2.62816 -4.5106 5.3409
C -2.78211 -3.37036 6.19261
C -3.71955 -2.35501 5.54732
O -3.17224 -1.03328 5.67521
C -3.98653 -0.02405 5.27829
C -3.28823 1.3144 5.23865
C -1.81289 1.28765 5.66402
C -1.16527 -0.08146 5.71727
O -0.00509 -0.30504 6.03122
O -2.29275 -4.26987 1.35962
O -1.32578 -0.6995 4.48179
O -5.15068 -0.17448 4.92933
C -0.63927 -1.79404 3.96855
C -3.17322 1.96236 3.84401
C -3.03667 3.47674 4.00166
C -1.63682 3.5776 4.58119
C -1.20202 2.10851 4.50808
O -1.89129 1.61089 3.38427
H -3.88725 1.98358 5.89705
H -1.6576 1.74976 6.66354
H -4.02256 1.71388 3.17128
H -3.0274 3.90707 2.97438
H -3.83237 3.9747 4.59641
H -1.02168 4.20938 3.90277
H -1.57943 3.96427 5.62175
H -0.09347 2.02469 4.47712
O -4.8734 -4.91231 5.6318
C -2.15008 -3.04115 0.7477
C -4.66041 -6.64047 2.09295
C -4.51227 -8.15735 1.98609
C -4.5675 -8.54535 3.44661
C -4.84649 -7.17891 4.08295
O -5.60901 -6.49975 3.11888
H -2.50371 -6.56571 2.21608
H -2.72956 -6.91798 4.60388
H -1.99766 -2.24054 1.49803
H -4.94585 -6.21773 1.10404
H -5.42822 -8.54166 1.48236
H -3.61532 -8.5112 1.43359
H -5.43245 -9.22956 3.59524
H -3.64196 -9.0085 3.85205
H -5.32733 -7.32063 5.07603
H -3.0556 -2.81022 0.14722
H -1.27143 -3.0711 0.07143
H -1.36187 -2.59401 3.71847
H 0.0959 -2.22176 4.68219
H -0.10656 -1.48969 3.04465
H -3.77073 -2.48351 4.48316
H -4.73961 -2.44586 5.98312
H -1.7667 -2.93277 6.27714
H -3.10449 -3.63027 7.22503
$end

$opt
CONSTRAINT
tors           1           2           3           4     -41.285
tors           3           4           5           6     -79.558
tors           4           5           6           7    -180.000
tors           5           6           7           8     -58.686
tors           6           7           8           9    -135.322
tors           7           8           9          10    -172.633
tors           8           9          10          11    -171.307
tors           9          10          11          12      -0.662
tors          11          12          13          14    +179.965
ENDCONSTRAINT
$end

$rem
JOBTYPE                   OPT
METHOD                    B3LYP
DFT_D                     d3_op
BASIS                     STO-3G
GEOM_OPT_MAX_CYCLES       100
GEOM_OPT_TOL_GRADIENT     300
GEOM_OPT_TOL_DISPLACEMENT 1200
GEOM_OPT_TOL_ENERGY       100
SYMMETRY                  False
THRESH                    12
SCF_CONVERGENCE           8
MAX_SUB_FILE_NUM          128
MEM_STATIC                400
MEM_TOTAL                 4000
$end
