$molecule
0  1
O -3.94934 -3.66094 2.70899
C -3.26408 -4.56952 2.26188
C -3.36658 -6.02376 2.66595
C -4.77857 -6.61167 2.82249
C -5.92809 -5.73091 2.3855
O -6.02409 -4.64868 3.21314
C -7.09367 -3.76438 2.86204
C -6.54318 -2.52404 2.16588
O -7.38641 -1.39414 2.44001
C -7.11464 -0.27599 1.72235
C -7.88843 0.93069 2.19756
C -7.73074 1.254 3.69051
C -6.57721 0.5701 4.39646
O -6.17678 0.83531 5.52068
O -2.44243 -4.27941 1.21741
O -5.61484 -0.06964 3.67696
O -6.25665 -0.21976 0.84846
C -4.38553 -0.48967 4.16122
C -7.45648 2.27081 1.56839
C -8.60701 3.27282 1.65432
C -8.62295 3.56012 3.14204
C -7.39914 2.75422 3.59155
O -6.53111 2.80337 2.48384
H -8.95308 0.73118 1.9399
H -8.649 1.03418 4.27774
H -7.11108 2.17853 0.51589
H -8.27763 4.19256 1.11946
H -9.57339 2.92856 1.22716
H -8.45292 4.6497 3.29035
H -9.54227 3.24014 3.67885
H -6.99591 3.16411 4.54381
O -6.65889 -5.96017 1.42752
C -2.28116 -3.01925 0.67931
C -2.75466 -7.01529 1.65398
C -2.40513 -8.33102 2.35098
C -3.78365 -8.92047 2.55008
C -4.64722 -7.83981 1.89565
O -3.84438 -7.36943 0.83932
H -2.82578 -6.08217 3.63668
H -5.00145 -6.93055 3.8656
H -1.89122 -2.32114 1.45076
H -1.85302 -6.6302 1.13165
H -1.85054 -8.97001 1.62703
H -1.8007 -8.20936 3.27561
H -3.85401 -9.8577 1.95361
H -4.06809 -9.12417 3.60499
H -5.63116 -8.2719 1.60914
H -3.251 -2.64265 0.28884
H -1.55438 -3.07092 -0.15703
H -3.79926 -0.94546 3.33776
H -4.52846 -1.24271 4.96544
H -3.80989 0.37659 4.55154
H -5.58699 -2.23598 2.58816
H -6.42259 -2.74028 1.08067
H -7.51432 -3.44034 3.83817
H -7.95452 -4.20447 2.30967
$end

$opt
CONSTRAINT
tors           1           2           3           4     +42.802
tors           3           4           5           6     -67.054
tors           4           5           6           7    -180.000
tors           5           6           7           8    -103.868
tors           6           7           8           9    -149.492
tors           7           8           9          10    -170.800
tors           8           9          10          11    -171.307
tors           9          10          11          12     +54.539
tors          11          12          13          14    +169.312
ENDCONSTRAINT
$end

$rem
JOBTYPE                   OPT
METHOD                    B3LYP
DFT_D                     d3_op
BASIS                     STO-3G
GEOM_OPT_MAX_CYCLES       100
GEOM_OPT_TOL_GRADIENT     300
GEOM_OPT_TOL_DISPLACEMENT 1200
GEOM_OPT_TOL_ENERGY       100
SYMMETRY                  False
THRESH                    12
SCF_CONVERGENCE           8
MAX_SUB_FILE_NUM          128
MEM_STATIC                400
MEM_TOTAL                 4000
$end
