$molecule
0  1
O -3.94934 -3.66094 2.70899
C -3.26408 -4.56952 2.26188
C -3.36658 -6.02376 2.66595
C -3.56126 -6.32558 4.16089
C -3.8097 -5.13648 5.06222
O -2.63915 -4.74483 5.64689
C -2.7938 -3.61964 6.51826
C -3.30241 -2.41402 5.73471
O -2.58809 -1.23381 6.13437
C -3.13832 -0.05817 5.74161
C -2.28712 1.13761 6.09689
C -0.80283 1.00919 5.72452
C -0.45861 -0.10394 4.75542
O 0.66248 -0.36227 4.34192
O -2.45976 -4.33665 1.19106
O -1.447 -0.56138 3.94846
O -4.13368 0.02084 5.03051
C -1.28655 -1.42551 2.8922
C -2.65404 2.4461 5.36941
C -2.15672 3.64178 6.18106
C -0.65992 3.52407 5.97365
C -0.60867 2.34861 4.99163
O -1.80084 2.47118 4.25132
H -2.40582 1.27545 7.19524
H -0.14745 0.88247 6.61408
H -3.74105 2.55173 5.16286
H -2.51479 4.56005 5.66243
H -2.4883 3.66814 7.24137
H -0.29911 4.45707 5.48642
H -0.06685 3.31833 6.89106
H 0.33494 2.37531 4.40288
O -4.92123 -4.79792 5.45826
C -2.72097 -3.4132 0.19827
C -4.66292 -6.6354 2.09213
C -4.52432 -8.15318 1.98779
C -4.58647 -8.53862 3.44868
C -4.85392 -7.16857 4.08233
O -5.61147 -6.48644 3.11639
H -2.50614 -6.56765 2.21356
H -2.74243 -6.939 4.60075
H -2.83471 -2.39024 0.59137
H -4.94493 -6.21255 1.10216
H -5.44116 -8.53261 1.48191
H -3.62774 -8.5123 1.43822
H -5.45922 -9.21302 3.59667
H -3.66703 -9.01192 3.85608
H -5.33526 -7.30127 5.07673
H -3.65811 -3.69094 -0.32937
H -1.88815 -3.42327 -0.5342
H -2.28704 -1.6016 2.47369
H -0.86171 -2.3904 3.24322
H -0.63372 -0.97525 2.11462
H -3.06946 -2.54575 4.66416
H -4.40553 -2.32982 5.85889
H -1.76334 -3.3961 6.86898
H -3.40774 -3.82895 7.42209
$end

$opt
CONSTRAINT
tors           1           2           3           4     -41.285
tors           3           4           5           6     -96.818
tors           4           5           6           7    -180.000
tors           5           6           7           8     -61.288
tors           6           7           8           9    -136.870
tors           7           8           9          10    -165.790
tors           8           9          10          11    -175.477
tors           9          10          11          12     +48.017
tors          11          12          13          14    +179.965
ENDCONSTRAINT
$end

$rem
JOBTYPE                   OPT
METHOD                    B3LYP
DFT_D                     d3_op
BASIS                     STO-3G
GEOM_OPT_MAX_CYCLES       100
GEOM_OPT_TOL_GRADIENT     300
GEOM_OPT_TOL_DISPLACEMENT 1200
GEOM_OPT_TOL_ENERGY       100
SYMMETRY                  False
THRESH                    12
SCF_CONVERGENCE           8
MAX_SUB_FILE_NUM          128
MEM_STATIC                400
MEM_TOTAL                 4000
$end
