$molecule
0  1
O -3.94934 -3.66094 2.70899
C -3.26408 -4.56952 2.26188
C -3.36658 -6.02376 2.66595
C -4.4429 -6.39137 3.70047
C -5.4131 -5.29562 4.08274
O -5.17534 -4.89216 5.36575
C -6.0576 -3.85257 5.80179
C -5.65088 -2.52178 5.17753
O -6.36431 -1.4468 5.80865
C -6.72901 -0.42906 4.9899
C -7.29624 0.7537 5.73822
C -6.46596 1.2149 6.94496
C -5.04934 0.68109 7.01519
O -4.23928 0.9343 7.8951
O -2.33272 -4.28009 1.31565
O -4.46204 0.27717 5.85232
O -6.46866 -0.38019 3.7929
C -3.12269 -0.02286 5.68811
C -7.38383 2.06514 4.93213
C -8.44404 2.97725 5.54848
C -7.75213 3.39167 6.83165
C -6.38767 2.72116 6.63866
O -6.19149 2.74312 5.24395
H -8.31698 0.4451 6.05809
H -6.95295 0.97774 7.9163
H -7.59602 1.91173 3.85195
H -8.53023 3.87028 4.88857
H -9.44856 2.51981 5.67729
H -7.64734 4.49942 6.83147
H -8.24595 3.05501 7.76894
H -5.61222 3.23653 7.24758
O -6.26824 -4.83298 3.33368
C -2.10564 -3.01685 0.8109
C -3.81081 -6.91856 1.49091
C -3.37557 -8.36226 1.74158
C -4.34266 -8.76395 2.83646
C -5.19345 -7.49387 2.93694
O -5.21035 -6.99682 1.62027
H -2.35005 -6.32276 3.00789
H -3.96567 -6.77821 4.63063
H -1.79498 -2.3287 1.626
H -3.43003 -6.57143 0.50549
H -3.61791 -8.94718 0.82545
H -2.29916 -8.4911 1.98579
H -4.96272 -9.60996 2.46473
H -3.87574 -9.03488 3.80806
H -6.18382 -7.72217 3.38949
H -3.0253 -2.62947 0.32233
H -1.29439 -3.06704 0.05605
H -2.9471 -0.33667 4.63866
H -2.831 -0.85445 6.36468
H -2.49966 0.87134 5.90243
H -4.57021 -2.38526 5.38617
H -5.78854 -2.5627 4.07892
H -5.92184 -3.75094 6.8998
H -7.12878 -4.10001 5.62384
$end

$opt
CONSTRAINT
tors           1           2           3           4      +1.462
tors           3           4           5           6    -110.013
tors           4           5           6           7    -180.000
tors           5           6           7           8     -75.514
tors           6           7           8           9    -168.911
tors           7           8           9          10    -143.657
tors           8           9          10          11    -171.785
tors           9          10          11          12     +48.017
tors          11          12          13          14    +179.965
ENDCONSTRAINT
$end

$rem
JOBTYPE                   OPT
METHOD                    B3LYP
DFT_D                     d3_op
BASIS                     STO-3G
GEOM_OPT_MAX_CYCLES       100
GEOM_OPT_TOL_GRADIENT     300
GEOM_OPT_TOL_DISPLACEMENT 1200
GEOM_OPT_TOL_ENERGY       100
SYMMETRY                  False
THRESH                    12
SCF_CONVERGENCE           8
MAX_SUB_FILE_NUM          128
MEM_STATIC                400
MEM_TOTAL                 4000
$end
