$molecule
0  1
O -3.94934 -3.66094 2.70899
C -3.26408 -4.56952 2.26188
C -3.36658 -6.02376 2.66595
C -3.56126 -6.32558 4.16089
C -3.8097 -5.13648 5.06222
O -2.81168 -5.04072 5.9897
C -2.97741 -3.93453 6.88308
C -3.71306 -2.79771 6.18124
O -3.60925 -1.59423 6.95826
C -4.35973 -0.55216 6.52237
C -4.05342 0.73711 7.24667
C -2.96782 1.60461 6.59308
C -2.61153 1.2511 5.16312
O -2.03091 1.9839 4.37543
O -2.27078 -4.28121 1.37955
O -2.94414 0.05282 4.62082
O -5.32922 -0.68112 5.78153
C -2.73626 -0.31065 3.3059
C -5.23966 1.73009 7.2442
C -5.09805 2.70779 8.40973
C -3.92352 3.53634 7.93749
C -3.72374 2.94869 6.53561
O -5.01252 2.5583 6.13431
H -3.84801 0.48323 8.3117
H -2.02308 1.67857 7.17398
H -6.23382 1.23373 7.2894
H -6.00951 3.34815 8.4051
H -4.98133 2.24878 9.41496
H -4.24477 4.60024 7.88288
H -2.99989 3.44564 8.54937
H -3.22027 3.69464 5.88155
O -4.98544 -4.92975 5.34266
C -1.94562 -3.01893 0.93526
C -4.65011 -6.66265 2.08978
C -4.46493 -8.17323 1.96122
C -4.48603 -8.58114 3.41794
C -4.8124 -7.23397 4.07516
O -5.59963 -6.56785 3.12112
H -2.49644 -6.5598 2.22185
H -2.70362 -6.90772 4.57028
H -1.58027 -2.40488 1.78082
H -4.95183 -6.23289 1.10892
H -5.38168 -8.56988 1.46829
H -3.57189 -8.50301 1.38804
H -5.31613 -9.30705 3.56664
H -3.53508 -9.00514 3.80687
H -5.28144 -7.40284 5.06973
H -2.82548 -2.53869 0.45614
H -1.12925 -3.0976 0.18849
H -3.14153 -1.32441 3.14891
H -1.64999 -0.3062 3.07396
H -3.27185 0.38603 2.62624
H -3.26594 -2.59938 5.18286
H -4.79869 -2.97519 6.12444
H -1.95698 -3.57238 7.13093
H -3.47813 -4.24028 7.82649
$end

$opt
CONSTRAINT
tors           1           2           3           4     -41.285
tors           3           4           5           6    -118.563
tors           4           5           6           7    -180.000
tors           5           6           7           8     -29.890
tors           6           7           8           9    -166.820
tors           7           8           9          10    -172.257
tors           8           9          10          11    -171.307
tors           9          10          11          12     +91.060
tors          11          12          13          14    +161.607
ENDCONSTRAINT
$end

$rem
JOBTYPE                   OPT
METHOD                    B3LYP
DFT_D                     d3_op
BASIS                     STO-3G
GEOM_OPT_MAX_CYCLES       100
GEOM_OPT_TOL_GRADIENT     300
GEOM_OPT_TOL_DISPLACEMENT 1200
GEOM_OPT_TOL_ENERGY       100
SYMMETRY                  False
THRESH                    12
SCF_CONVERGENCE           8
MAX_SUB_FILE_NUM          128
MEM_STATIC                400
MEM_TOTAL                 4000
$end
