$molecule
0  1
O -3.94934 -3.66094 2.70899
C -3.26408 -4.56952 2.26188
C -3.36658 -6.02376 2.66595
C -4.04185 -6.33304 4.01213
C -4.69761 -5.16872 4.72095
O -3.81974 -4.61006 5.60563
C -4.37 -3.49706 6.31818
C -4.39153 -2.26037 5.42584
O -4.85916 -1.12612 6.1726
C -5.04034 0.01014 5.4548
C -5.40105 1.19806 6.31468
C -4.9308 1.10761 7.77377
C -3.88773 0.04813 8.06738
O -3.39266 -0.1748 9.16272
O -2.4496 -4.30919 1.20571
O -2.9368 -0.06383 7.08012
O -5.11181 0.03498 4.23238
C -1.70168 -0.69189 7.15996
C -4.68848 2.50331 5.88669
C -5.49892 3.70567 6.3696
C -5.26263 3.6218 7.86443
C -4.24204 2.4783 7.91367
O -3.54441 2.58616 6.69785
H -6.49627 1.35937 6.19845
H -5.76641 0.96011 8.49207
H -4.5149 2.57585 4.79093
H -4.98551 4.61401 5.97946
H -6.56547 3.73083 6.05879
H -4.81067 4.58054 8.2025
H -6.1605 3.38379 8.47515
H -3.62291 2.54555 8.83559
O -5.9019 -4.93281 4.69483
C -2.27112 -3.05848 0.65246
C -4.24501 -6.81577 1.68782
C -3.90948 -8.30406 1.7722
C -4.53151 -8.65498 3.10619
C -5.13521 -7.30242 3.49792
O -5.5233 -6.7453 2.26531
H -2.3222 -6.4096 2.67054
H -3.39726 -6.87596 4.74037
H -1.86023 -2.35965 1.41235
H -4.15946 -6.45916 0.6377
H -4.47266 -8.83071 0.96898
H -2.82602 -8.53269 1.67745
H -5.35126 -9.38662 2.92801
H -3.83038 -9.05463 3.87023
H -5.94929 -7.45972 4.23986
H -3.23736 -2.66846 0.26696
H -1.55386 -3.13243 -0.19047
H -1.6285 -1.47154 6.37733
H -1.52264 -1.17901 8.14138
H -0.90321 0.0573 6.98256
H -3.38109 -2.0612 5.00959
H -5.09573 -2.45699 4.58974
H -3.68294 -3.27059 7.161
H -5.36428 -3.72437 6.76569
$end

$opt
CONSTRAINT
tors           1           2           3           4     -20.085
tors           3           4           5           6     -93.480
tors           4           5           6           7    -180.000
tors           5           6           7           8     -77.150
tors           6           7           8           9    -176.103
tors           7           8           9          10    -174.176
tors           8           9          10          11    -174.371
tors           9          10          11          12     +24.924
tors          11          12          13          14    +179.965
ENDCONSTRAINT
$end

$rem
JOBTYPE                   OPT
METHOD                    B3LYP
DFT_D                     d3_op
BASIS                     STO-3G
GEOM_OPT_MAX_CYCLES       100
GEOM_OPT_TOL_GRADIENT     300
GEOM_OPT_TOL_DISPLACEMENT 1200
GEOM_OPT_TOL_ENERGY       100
SYMMETRY                  False
THRESH                    12
SCF_CONVERGENCE           8
MAX_SUB_FILE_NUM          128
MEM_STATIC                400
MEM_TOTAL                 4000
$end
