$molecule
0  1
O -3.94934 -3.66094 2.70899
C -3.26408 -4.56952 2.26188
C -3.36658 -6.02376 2.66595
C -4.0537 -6.33394 4.00591
C -4.71917 -5.17088 4.70772
O -3.80769 -4.51504 5.48523
C -4.34865 -3.35907 6.13355
C -4.40095 -2.18645 5.15971
O -4.85865 -1.00645 5.83867
C -5.31326 -0.01168 5.03685
C -5.1022 1.36239 5.62679
C -3.63866 1.82378 5.68559
C -2.66098 1.02922 4.84327
O -1.46031 1.24354 4.75946
O -2.49393 -4.34489 1.16447
O -3.15864 0.30805 3.8051
O -5.86591 -0.2082 3.96074
C -2.41909 -0.25501 2.78783
C -5.70729 2.51385 4.78899
C -5.95857 3.72458 5.68731
C -4.53769 4.17458 5.95967
C -3.76768 3.21489 5.04546
O -4.65129 2.968 3.97899
H -5.60305 1.36577 6.6214
H -3.24315 1.8295 6.72471
H -6.64531 2.23522 4.26132
H -6.45881 4.4938 5.05577
H -6.57836 3.53768 6.59048
H -4.43096 5.2275 5.61648
H -4.20317 4.07951 7.01559
H -2.78006 3.64642 4.76934
O -5.92974 -4.97052 4.7309
C -2.26155 -3.11634 0.59037
C -4.23426 -6.82015 1.68077
C -3.89413 -8.30706 1.76946
C -4.52528 -8.65859 3.0988
C -5.13846 -7.30819 3.48308
O -5.51781 -6.75378 2.24677
H -2.32135 -6.40714 2.6799
H -3.41372 -6.86874 4.74374
H -1.70139 -2.47532 1.2973
H -4.14172 -6.46555 0.63065
H -4.44954 -8.83618 0.96243
H -2.8093 -8.53257 1.68315
H -5.33955 -9.39502 2.91533
H -3.82832 -9.05267 3.86955
H -5.95856 -7.46921 4.21745
H -3.21983 -2.63774 0.29608
H -1.63724 -3.25381 -0.31606
H -3.11361 -0.7709 2.09594
H -1.69491 -0.98769 3.20339
H -1.87666 0.53372 2.22457
H -3.39941 -2.01598 4.71829
H -5.1362 -2.46908 4.37867
H -3.63996 -3.07088 6.93873
H -5.3269 -3.55837 6.62776
$end

$opt
CONSTRAINT
tors           1           2           3           4     -19.522
tors           3           4           5           6     -86.564
tors           4           5           6           7    +177.151
tors           5           6           7           8     -79.805
tors           6           7           8           9    -176.103
tors           7           8           9          10    -161.826
tors           8           9          10          11    -150.005
tors           9          10          11          12     +69.978
tors          11          12          13          14    +179.965
ENDCONSTRAINT
$end

$rem
JOBTYPE                   OPT
METHOD                    B3LYP
DFT_D                     d3_op
BASIS                     STO-3G
GEOM_OPT_MAX_CYCLES       100
GEOM_OPT_TOL_GRADIENT     300
GEOM_OPT_TOL_DISPLACEMENT 1200
GEOM_OPT_TOL_ENERGY       100
SYMMETRY                  False
THRESH                    12
SCF_CONVERGENCE           8
MAX_SUB_FILE_NUM          128
MEM_STATIC                400
MEM_TOTAL                 4000
$end
