$molecule
0  1
O -3.94934 -3.66094 2.70899
C -3.26408 -4.56952 2.26188
C -3.36658 -6.02376 2.66595
C -3.42012 -6.33269 4.17112
C -3.5444 -5.14485 5.09939
O -2.32396 -4.5538 5.26257
C -2.36054 -3.41697 6.13179
C -3.57076 -2.54689 5.80856
O -3.57308 -1.38076 6.64701
C -4.74835 -0.70657 6.70496
C -4.65474 0.57145 7.50406
C -3.45772 1.46751 7.15408
C -2.75252 1.14896 5.85103
O -1.78488 1.74763 5.40399
O -2.27185 -4.26327 1.38528
O -3.44789 0.47307 4.89181
O -5.73513 -0.99202 6.03511
C -3.02764 0.26253 3.59162
C -5.82071 1.56048 7.30519
C -5.92234 2.48529 8.5177
C -4.688 3.34357 8.32556
C -4.18801 2.81068 6.97849
O -5.36535 2.43542 6.30227
H -4.61229 0.25649 8.57104
H -2.68233 1.47567 7.95132
H -6.79889 1.06579 7.12132
H -6.82335 3.12252 8.36754
H -5.99637 1.97392 9.50152
H -5.00988 4.40455 8.23178
H -3.91367 3.24793 9.11738
H -3.55604 3.57209 6.46997
O -4.42618 -5.14748 5.95239
C -2.00661 -2.98888 0.92883
C -4.7144 -6.61941 2.20962
C -4.59108 -8.13422 2.0661
C -4.49602 -8.54384 3.51874
C -4.7102 -7.18754 4.20277
O -5.55798 -6.49033 3.32624
H -2.54792 -6.57481 2.14879
H -2.54277 -6.92763 4.51167
H -1.74459 -2.32409 1.77969
H -5.09061 -6.17735 1.26045
H -5.5597 -8.50096 1.65633
H -3.76202 -8.48891 1.41669
H -5.33746 -9.23688 3.74241
H -3.53149 -9.00652 3.82057
H -5.09906 -7.35538 5.23066
H -2.89156 -2.58235 0.39381
H -1.14946 -3.02502 0.22574
H -3.79827 -0.32368 3.0503
H -2.07474 -0.30887 3.5871
H -2.88814 1.23318 3.06983
H -3.51503 -2.22532 4.75018
H -4.54905 -3.02115 5.94948
H -1.41867 -2.84112 6.01214
H -2.43497 -3.7548 7.18886
$end

$opt
CONSTRAINT
tors           1           2           3           4     -47.224
tors           3           4           5           6     -79.558
tors           4           5           6           7    -180.000
tors           5           6           7           8     -43.787
tors           6           7           8           9    -177.701
tors           7           8           9          10    -163.944
tors           8           9          10          11    -175.031
tors           9          10          11          12     +47.948
tors          11          12          13          14    +179.965
ENDCONSTRAINT
$end

$rem
JOBTYPE                   OPT
METHOD                    B3LYP
DFT_D                     d3_op
BASIS                     STO-3G
GEOM_OPT_MAX_CYCLES       100
GEOM_OPT_TOL_GRADIENT     300
GEOM_OPT_TOL_DISPLACEMENT 1200
GEOM_OPT_TOL_ENERGY       100
SYMMETRY                  False
THRESH                    12
SCF_CONVERGENCE           8
MAX_SUB_FILE_NUM          128
MEM_STATIC                400
MEM_TOTAL                 4000
$end
