$molecule
0  1
O -3.94934 -3.66094 2.70899
C -3.26408 -4.56952 2.26188
C -3.36658 -6.02376 2.66595
C -4.04188 -6.33305 4.01212
C -4.69767 -5.16873 4.72091
O -3.80928 -4.13822 4.84031
C -4.37214 -2.97884 5.46343
C -5.19263 -2.18473 4.45233
O -5.28616 -0.81293 4.8674
C -6.06079 -0.01912 4.08704
C -5.92762 1.44701 4.42376
C -4.49361 1.99442 4.37635
C -3.47608 1.12139 3.66982
O -2.29078 1.3859 3.52966
O -2.52971 -4.40561 1.12802
O -3.96907 0.30385 2.70743
O -6.73532 -0.43242 3.1502
C -3.2126 -0.37276 1.78629
C -6.63296 2.40752 3.44445
C -6.92276 3.73438 4.14532
C -5.52385 4.30511 4.26265
C -4.72715 3.24001 3.50138
O -5.62972 2.76963 2.52819
H -6.37146 1.5685 5.43759
H -4.08443 2.22886 5.38347
H -7.5695 1.99377 3.01174
H -7.50208 4.36124 3.42984
H -7.48512 3.65622 5.10057
H -5.49535 5.27718 3.72194
H -5.14769 4.43409 5.3007
H -3.7761 3.66925 3.11531
O -5.88348 -5.11524 5.02973
C -2.31857 -3.25401 0.41523
C -4.26373 -6.83409 1.71181
C -3.89107 -8.31382 1.7808
C -4.43385 -8.67887 3.14708
C -5.09586 -7.35584 3.54805
O -5.53097 -6.81183 2.32496
H -2.3266 -6.42309 2.65357
H -3.31667 -6.76406 4.73775
H -1.71944 -2.54726 1.01446
H -4.22271 -6.47651 0.65957
H -4.49443 -8.84218 1.00812
H -2.81413 -8.53673 1.6214
H -5.20331 -9.47237 3.01796
H -3.67348 -9.0047 3.88951
H -5.88194 -7.54094 4.31241
H -3.2861 -2.8299 0.08091
H -1.72219 -3.50047 -0.48687
H -3.89618 -0.95584 1.14175
H -2.51879 -1.04292 2.33081
H -2.64126 0.33876 1.15281
H -4.71038 -1.96991 3.51396
H -6.18722 -2.65675 4.29406
H -3.50475 -2.33753 5.72975
H -4.91447 -3.19445 6.41159
$end

$opt
CONSTRAINT
tors           1           2           3           4     -20.083
tors           3           4           5           6     -52.508
tors           4           5           6           7    +178.027
tors           5           6           7           8     -79.951
tors           6           7           8           9    -156.200
tors           7           8           9          10    -176.272
tors           8           9          10          11    -169.826
tors           9          10          11          12     +55.654
tors          11          12          13          14    +179.965
ENDCONSTRAINT
$end

$rem
JOBTYPE                   OPT
METHOD                    B3LYP
DFT_D                     d3_op
BASIS                     STO-3G
GEOM_OPT_MAX_CYCLES       100
GEOM_OPT_TOL_GRADIENT     300
GEOM_OPT_TOL_DISPLACEMENT 1200
GEOM_OPT_TOL_ENERGY       100
SYMMETRY                  False
THRESH                    12
SCF_CONVERGENCE           8
MAX_SUB_FILE_NUM          128
MEM_STATIC                400
MEM_TOTAL                 4000
$end
