$molecule
0  1
O -3.94934 -3.66094 2.70899
C -3.26408 -4.56952 2.26188
C -3.36658 -6.02376 2.66595
C -4.07582 -6.33571 3.99393
C -4.75932 -5.1751 4.68233
O -3.89761 -4.58487 5.56239
C -4.47457 -3.47329 6.25575
C -5.07987 -2.48939 5.25992
O -5.57595 -1.33376 5.95368
C -6.14111 -0.38159 5.17068
C -6.20639 0.96964 5.84192
C -4.84512 1.63598 6.08932
C -3.67325 1.0466 5.33033
O -2.51731 1.43927 5.39489
O -2.44613 -4.31013 1.20815
O -3.91316 0.25739 4.24847
O -6.56403 -0.594 4.03974
C -2.96361 -0.1762 3.34192
C -6.8897 2.07169 4.99892
C -7.41475 3.1713 5.92151
C -6.11537 3.80637 6.3739
C -5.11612 3.03149 5.50746
O -5.83567 2.72726 4.33706
H -6.79748 0.83374 6.77586
H -4.57002 1.62573 7.1666
H -7.71377 1.69376 4.35554
H -7.9585 3.89852 5.27633
H -8.08897 2.83658 6.73895
H -6.13553 4.88345 6.09586
H -5.8825 3.69369 7.45509
H -4.18228 3.61956 5.36641
O -5.98156 -5.12064 4.78158
C -2.24675 -3.05733 0.66751
C -4.20748 -6.8351 1.66966
C -3.83679 -8.31399 1.76002
C -4.46302 -8.67856 3.08858
C -5.12276 -7.34649 3.46267
O -5.49994 -6.80209 2.22098
H -2.3186 -6.39859 2.70164
H -3.41744 -6.83949 4.73807
H -1.81231 -2.37788 1.43114
H -4.11104 -6.4761 0.62138
H -4.38311 -8.85027 0.95141
H -2.74879 -8.52337 1.67343
H -5.24668 -9.4476 2.90605
H -3.75597 -9.03821 3.86697
H -5.94653 -7.53405 4.186
H -3.20751 -2.64196 0.29502
H -1.538 -3.13657 -0.18205
H -3.46012 -0.7964 2.56839
H -2.19408 -0.79033 3.85685
H -2.48273 0.69243 2.84399
H -4.27098 -2.17668 4.57853
H -5.91174 -2.89628 4.65858
H -3.67995 -2.97504 6.85056
H -5.265 -3.82356 6.95625
$end

$opt
CONSTRAINT
tors           1           2           3           4     -18.466
tors           3           4           5           6     -91.794
tors           4           5           6           7    -180.000
tors           5           6           7           8     -52.290
tors           6           7           8           9    -176.096
tors           7           8           9          10    -179.991
tors           8           9          10          11    -160.135
tors           9          10          11          12     +67.322
tors          11          12          13          14    +179.965
ENDCONSTRAINT
$end

$rem
JOBTYPE                   OPT
METHOD                    B3LYP
DFT_D                     d3_op
BASIS                     STO-3G
GEOM_OPT_MAX_CYCLES       100
GEOM_OPT_TOL_GRADIENT     300
GEOM_OPT_TOL_DISPLACEMENT 1200
GEOM_OPT_TOL_ENERGY       100
SYMMETRY                  False
THRESH                    12
SCF_CONVERGENCE           8
MAX_SUB_FILE_NUM          128
MEM_STATIC                400
MEM_TOTAL                 4000
$end
