$molecule
0  1
O -3.94934 -3.66094 2.70899
C -3.26408 -4.56952 2.26188
C -3.36658 -6.02376 2.66595
C -4.23927 -6.35361 3.88802
C -5.0538 -5.21556 4.46201
O -4.23608 -4.35279 5.13459
C -4.93707 -3.24456 5.70879
C -4.53817 -1.95009 5.00782
O -5.06551 -0.82276 5.7247
C -4.95987 0.372 5.09184
C -5.1203 1.54839 6.02514
C -4.0465 1.6593 7.11736
C -2.80234 0.81956 6.90851
O -1.81589 0.82231 7.63065
O -2.39979 -4.29585 1.24973
O -2.55279 0.27395 5.68731
O -4.72359 0.49002 3.8947
C -1.35729 -0.30079 5.29147
C -4.96515 2.93104 5.35295
C -5.68603 3.99012 6.18625
C -4.77673 4.06681 7.39612
C -3.64598 3.13353 6.94894
O -3.61521 3.27488 5.54883
H -6.1477 1.47613 6.44846
H -4.44562 1.40101 8.12251
H -5.33268 2.9604 4.30423
H -5.60932 4.94878 5.62432
H -6.75504 3.78366 6.40858
H -4.41336 5.11363 7.49618
H -5.2283 3.72491 8.35269
H -2.70244 3.38003 7.48429
O -6.27577 -5.13424 4.38803
C -2.19719 -3.03777 0.72198
C -4.03775 -6.87335 1.57621
C -3.63739 -8.33876 1.73798
C -4.43081 -8.71153 2.97187
C -5.17443 -7.39767 3.2342
O -5.39395 -6.8767 1.94538
H -2.32008 -6.35911 2.84451
H -3.67492 -6.81719 4.72816
H -1.82436 -2.34821 1.50962
H -3.81048 -6.52342 0.54529
H -4.0486 -8.90104 0.86928
H -2.54181 -8.51233 1.80621
H -5.15956 -9.50512 2.6926
H -3.8281 -9.043 3.84485
H -6.08388 -7.59933 3.84204
H -3.14483 -2.64396 0.29617
H -1.44064 -3.0999 -0.08685
H -1.44922 -0.65009 4.24247
H -1.11719 -1.1703 5.94022
H -0.53683 0.44631 5.34302
H -3.4375 -1.89482 4.94022
H -4.98057 -1.97866 3.99058
H -4.62085 -3.18199 6.77176
H -6.04787 -3.30892 5.72384
$end

$opt
CONSTRAINT
tors           1           2           3           4     -10.264
tors           3           4           5           6     -73.762
tors           4           5           6           7    -180.000
tors           5           6           7           8    -112.541
tors           6           7           8           9    -170.400
tors           7           8           9          10    -170.064
tors           8           9          10          11    -162.123
tors           9          10          11          12     +63.087
tors          11          12          13          14    +176.278
ENDCONSTRAINT
$end

$rem
JOBTYPE                   OPT
METHOD                    B3LYP
DFT_D                     d3_op
BASIS                     STO-3G
GEOM_OPT_MAX_CYCLES       100
GEOM_OPT_TOL_GRADIENT     300
GEOM_OPT_TOL_DISPLACEMENT 1200
GEOM_OPT_TOL_ENERGY       100
SYMMETRY                  False
THRESH                    12
SCF_CONVERGENCE           8
MAX_SUB_FILE_NUM          128
MEM_STATIC                400
MEM_TOTAL                 4000
$end
