$molecule
0  1
O -3.94934 -3.66094 2.70899
C -3.26408 -4.56952 2.26188
C -3.36658 -6.02376 2.66595
C -4.47777 -6.40027 3.6596
C -5.47343 -5.314 4.0013
O -4.91698 -4.43675 4.88798
C -5.75944 -3.31545 5.17471
C -5.27192 -2.08451 4.41757
O -5.93169 -0.91018 4.91609
C -5.62325 0.24667 4.27914
C -6.15789 1.46877 4.98716
C -5.51316 1.76123 6.3499
C -4.21797 1.02931 6.63884
O -3.55424 1.13916 7.65961
O -2.30984 -4.27262 1.34095
O -3.57905 0.33304 5.65981
O -5.00178 0.29722 3.22339
C -2.34079 -0.27091 5.77803
C -5.86781 2.80725 4.2684
C -6.88972 3.85602 4.7063
C -6.44969 4.10195 6.13559
C -5.17653 3.24944 6.18063
O -4.68644 3.28904 4.86193
H -7.26253 1.34272 5.05099
H -6.2063 1.52904 7.18777
H -5.86237 2.72582 3.15972
H -6.68271 4.77341 4.10936
H -7.9573 3.5746 4.5804
H -6.21243 5.18301 6.24882
H -7.17385 3.78428 6.91698
H -4.48479 3.61945 6.96948
O -6.63549 -5.28662 3.60846
C -2.06689 -3.0039 0.85759
C -3.74097 -6.9107 1.4633
C -3.30487 -8.35167 1.7223
C -4.32167 -8.76842 2.76166
C -5.18058 -7.50148 2.83282
O -5.14178 -6.9939 1.52254
H -2.36155 -6.30857 3.05018
H -4.10184 -6.82798 4.61605
H -1.77274 -2.32735 1.68854
H -3.31435 -6.5532 0.50053
H -3.49269 -8.93238 0.79082
H -2.2413 -8.4692 2.02228
H -4.92093 -9.61005 2.34779
H -3.90332 -9.0527 3.75134
H -6.18856 -7.75618 3.22869
H -2.97383 -2.60663 0.35346
H -1.23859 -3.04744 0.12108
H -2.07495 -0.75148 4.81427
H -2.36905 -1.04822 6.57121
H -1.56569 0.48752 6.01895
H -4.176 -1.97727 4.5546
H -5.54812 -2.19941 3.34861
H -5.65333 -3.11659 6.2624
H -6.84931 -3.4642 5.00404
$end

$opt
CONSTRAINT
tors           1           2           3           4      +3.744
tors           3           4           5           6     -77.400
tors           4           5           6           7    +175.055
tors           5           6           7           8    -102.769
tors           6           7           8           9    -167.873
tors           7           8           9          10    -177.234
tors           8           9          10          11    -170.248
tors           9          10          11          12     +67.243
tors          11          12          13          14    +179.363
ENDCONSTRAINT
$end

$rem
JOBTYPE                   OPT
METHOD                    B3LYP
DFT_D                     d3_op
BASIS                     STO-3G
GEOM_OPT_MAX_CYCLES       100
GEOM_OPT_TOL_GRADIENT     300
GEOM_OPT_TOL_DISPLACEMENT 1200
GEOM_OPT_TOL_ENERGY       100
SYMMETRY                  False
THRESH                    12
SCF_CONVERGENCE           8
MAX_SUB_FILE_NUM          128
MEM_STATIC                400
MEM_TOTAL                 4000
$end
