$molecule
0  1
O -3.94934 -3.66094 2.70899
C -3.26408 -4.56952 2.26188
C -3.36658 -6.02376 2.66595
C -4.24158 -6.35393 3.88628
C -5.05793 -5.21626 4.45844
O -4.23155 -4.30403 5.05034
C -4.93366 -3.19298 5.61766
C -4.65143 -1.92738 4.81471
O -5.1547 -0.77992 5.51681
C -5.05376 0.39932 4.85474
C -5.33737 1.5939 5.73406
C -4.2936 1.85317 6.83023
C -2.9728 1.12757 6.6699
O -2.01824 1.21714 7.42841
O -2.3999 -4.29578 1.2497
O -2.67637 0.46856 5.51703
O -4.79092 0.48857 3.6605
C -1.46203 -0.12102 5.21626
C -5.29051 2.95607 5.0025
C -6.12185 3.98076 5.77382
C -5.25214 4.18885 6.99741
C -4.02948 3.34931 6.6101
O -3.98243 3.43291 5.20606
H -6.36537 1.45553 6.13936
H -4.68444 1.58873 7.83704
H -5.63655 2.90736 3.94717
H -6.11481 4.91746 5.17105
H -7.1743 3.69234 5.98344
H -4.99248 5.26863 7.06411
H -5.69121 3.8399 7.95729
H -3.12378 3.70339 7.15048
O -6.28206 -5.14991 4.41092
C -2.19782 -3.03762 0.72192
C -4.03767 -6.87652 1.57792
C -3.63153 -8.34029 1.73976
C -4.41761 -8.71472 2.97822
C -5.17036 -7.40559 3.23873
O -5.39377 -6.88712 1.94942
H -2.3203 -6.35988 2.84471
H -3.66806 -6.80185 4.72859
H -1.82534 -2.34784 1.50955
H -3.81414 -6.52651 0.54622
H -4.04651 -8.90346 0.8734
H -2.53538 -8.51249 1.80166
H -5.13945 -9.51673 2.70533
H -3.80862 -9.03547 3.85089
H -6.07758 -7.61069 3.84861
H -3.14564 -2.64418 0.29616
H -1.44126 -3.09942 -0.08692
H -1.51444 -0.57023 4.20333
H -1.2332 -0.92105 5.95239
H -0.65365 0.64085 5.22226
H -3.55828 -1.82637 4.66033
H -5.17461 -2.01349 3.83884
H -4.5361 -3.05574 6.64574
H -6.03497 -3.3062 5.73099
$end

$opt
CONSTRAINT
tors           1           2           3           4     -10.142
tors           3           4           5           6     -69.468
tors           4           5           6           7    -180.000
tors           5           6           7           8    -110.516
tors           6           7           8           9    -169.657
tors           7           8           9          10    -175.211
tors           8           9          10          11    -168.520
tors           9          10          11          12     +67.819
tors          11          12          13          14    +179.176
ENDCONSTRAINT
$end

$rem
JOBTYPE                   OPT
METHOD                    B3LYP
DFT_D                     d3_op
BASIS                     STO-3G
GEOM_OPT_MAX_CYCLES       100
GEOM_OPT_TOL_GRADIENT     300
GEOM_OPT_TOL_DISPLACEMENT 1200
GEOM_OPT_TOL_ENERGY       100
SYMMETRY                  False
THRESH                    12
SCF_CONVERGENCE           8
MAX_SUB_FILE_NUM          128
MEM_STATIC                400
MEM_TOTAL                 4000
$end
