$molecule
0  1
O -3.94934 -3.66094 2.70899
C -3.26408 -4.56952 2.26188
C -3.36658 -6.02376 2.66595
C -4.04909 -6.33358 4.00835
C -4.71078 -5.17003 4.7129
O -3.76376 -4.39732 5.3224
C -4.31505 -3.27129 6.01333
C -4.13664 -2.00538 5.18161
O -4.59052 -0.86335 5.92501
C -4.68058 0.29236 5.22118
C -4.57738 1.52147 6.09255
C -3.22513 1.70374 6.79716
C -2.08389 0.86029 6.2653
O -0.93558 0.87615 6.68446
O -2.44489 -4.3076 1.20985
O -2.18245 0.365 5.001
O -4.80135 0.33717 4.00224
C -1.14492 -0.18329 4.26836
C -4.66501 2.86079 5.3263
C -5.12192 3.96674 6.27705
C -3.88954 4.1216 7.14499
C -2.92837 3.16642 6.42849
O -3.32805 3.22145 5.08029
H -5.42823 1.47287 6.80922
H -3.29067 1.51057 7.89021
H -5.33491 2.82366 4.43995
H -5.24158 4.88906 5.66413
H -6.06759 3.77032 6.82661
H -3.53642 5.1739 7.06857
H -4.02066 3.83798 8.21186
H -1.87219 3.44862 6.63505
O -5.92436 -5.00938 4.79729
C -2.25796 -3.05439 0.66509
C -4.23921 -6.82126 1.68641
C -3.89232 -8.30676 1.76989
C -4.50505 -8.66227 3.10727
C -5.12833 -7.31751 3.49594
O -5.51948 -6.76422 2.26252
H -2.32202 -6.40925 2.67519
H -3.39181 -6.84786 4.74515
H -1.84478 -2.36328 1.43053
H -4.15621 -6.46346 0.63652
H -4.45805 -8.83475 0.96927
H -2.80874 -8.5317 1.66805
H -5.3107 -9.41068 2.93487
H -3.7943 -9.0429 3.87221
H -5.94156 -7.48497 4.23626
H -3.22089 -2.65599 0.27998
H -1.53888 -3.12691 -0.17638
H -1.53031 -0.50757 3.28018
H -0.72558 -1.06596 4.7972
H -0.34691 0.57261 4.10871
H -3.0769 -1.90368 4.88922
H -4.77448 -2.12304 4.28255
H -3.74678 -3.15523 6.96046
H -5.38109 -3.37419 6.31774
$end

$opt
CONSTRAINT
tors           1           2           3           4     -19.741
tors           3           4           5           6     -77.400
tors           4           5           6           7    -180.000
tors           5           6           7           8    -101.480
tors           6           7           8           9    -175.254
tors           7           8           9          10    -170.064
tors           8           9          10          11    -155.507
tors           9          10          11          12     +64.490
tors          11          12          13          14    +179.176
ENDCONSTRAINT
$end

$rem
JOBTYPE                   OPT
METHOD                    B3LYP
DFT_D                     d3_op
BASIS                     STO-3G
GEOM_OPT_MAX_CYCLES       100
GEOM_OPT_TOL_GRADIENT     300
GEOM_OPT_TOL_DISPLACEMENT 1200
GEOM_OPT_TOL_ENERGY       100
SYMMETRY                  False
THRESH                    12
SCF_CONVERGENCE           8
MAX_SUB_FILE_NUM          128
MEM_STATIC                400
MEM_TOTAL                 4000
$end
