$molecule
0  1
O -3.94934 -3.66094 2.70899
C -3.26408 -4.56952 2.26188
C -3.36658 -6.02376 2.66595
C -4.22157 -6.35123 3.90111
C -5.02212 -5.21032 4.48892
O -4.20292 -4.39557 5.21729
C -4.88511 -3.27135 5.78296
C -4.68473 -2.03941 4.90643
O -5.11039 -0.86268 5.6114
C -5.20141 0.26453 4.8629
C -5.36434 1.51299 5.69685
C -4.18135 1.83201 6.62262
C -2.89365 1.08867 6.32939
O -1.84519 1.21707 6.94486
O -2.40505 -4.29691 1.24495
O -2.74308 0.42045 5.1533
O -5.13649 0.27744 3.63867
C -1.56929 -0.15203 4.69789
C -5.43218 2.82789 4.88759
C -6.15007 3.89861 5.70862
C -5.11364 4.17908 6.77836
C -3.95599 3.31057 6.27327
O -4.11019 3.30969 4.87403
H -6.31943 1.39481 6.2571
H -4.42947 1.6362 7.68872
H -5.92509 2.7169 3.89741
H -6.23839 4.79764 5.05697
H -7.15831 3.6228 6.08567
H -4.84981 5.25913 6.73686
H -5.409 3.89617 7.81209
H -2.98401 3.69262 6.65664
O -6.24026 -5.09377 4.39912
C -2.20482 -3.03923 0.71529
C -4.05606 -6.86636 1.58312
C -3.66645 -8.33543 1.73883
C -4.45337 -8.7037 2.97795
C -5.17728 -7.38166 3.25314
O -5.40732 -6.85606 1.96809
H -2.31893 -6.36248 2.83054
H -3.65712 -6.8333 4.73081
H -1.82737 -2.34938 1.50037
H -3.83698 -6.51676 0.5503
H -4.08728 -8.89453 0.87274
H -2.57141 -8.51519 1.79955
H -5.19702 -9.48415 2.70081
H -3.84775 -9.05052 3.84288
H -6.08183 -7.57487 3.87113
H -3.15458 -2.64518 0.29447
H -1.45271 -3.10216 -0.0976
H -1.75069 -0.6182 3.70772
H -1.22644 -0.93609 5.40644
H -0.78286 0.62413 4.58374
H -3.61588 -1.94266 4.6328
H -5.30907 -2.18431 3.9982
H -4.39052 -3.06978 6.75695
H -5.95979 -3.4343 6.0254
$end

$opt
CONSTRAINT
tors           1           2           3           4     -11.192
tors           3           4           5           6     -77.400
tors           4           5           6           7    +178.677
tors           5           6           7           8     -97.897
tors           6           7           8           9    -167.363
tors           7           8           9          10    -169.013
tors           8           9          10          11    -167.828
tors           9          10          11          12     +63.244
tors          11          12          13          14    +179.259
ENDCONSTRAINT
$end

$rem
JOBTYPE                   OPT
METHOD                    B3LYP
DFT_D                     d3_op
BASIS                     STO-3G
GEOM_OPT_MAX_CYCLES       100
GEOM_OPT_TOL_GRADIENT     300
GEOM_OPT_TOL_DISPLACEMENT 1200
GEOM_OPT_TOL_ENERGY       100
SYMMETRY                  False
THRESH                    12
SCF_CONVERGENCE           8
MAX_SUB_FILE_NUM          128
MEM_STATIC                400
MEM_TOTAL                 4000
$end
