$molecule
0  1
O -3.94934 -3.66094 2.70899
C -3.26408 -4.56952 2.26188
C -3.36658 -6.02376 2.66595
C -4.22157 -6.35123 3.90111
C -5.02212 -5.21032 4.48892
O -4.19241 -4.3602 5.16295
C -4.87971 -3.25015 5.75002
C -4.69081 -2.00238 4.89356
O -5.26116 -0.86293 5.55629
C -5.34521 0.2651 4.80821
C -5.66397 1.49253 5.62826
C -4.6573 1.8041 6.74532
C -3.32769 1.0823 6.65682
O -2.39837 1.20984 7.44083
O -2.40584 -4.29726 1.2442
O -2.95472 0.51134 5.47822
O -5.11373 0.30373 3.6049
C -1.70117 -1e-05 5.19469
C -5.62969 2.82433 4.84807
C -6.48897 3.86296 5.56825
C -5.63859 4.13612 6.79281
C -4.4018 3.29314 6.46255
O -4.33083 3.32345 5.05658
H -6.6906 1.33787 6.03074
H -5.07447 1.58973 7.7536
H -5.9566 2.72947 3.78989
H -6.49451 4.77597 4.93031
H -7.53705 3.55825 5.77682
H -5.38666 5.21971 6.81036
H -6.08959 3.83225 7.76238
H -3.51018 3.67964 7.00413
O -6.24316 -5.11057 4.42084
C -2.20682 -3.03998 0.71318
C -4.05728 -6.86842 1.58503
C -3.66319 -8.33631 1.73996
C -4.44303 -8.70603 2.98336
C -5.17339 -7.38739 3.25834
O -5.40798 -6.86344 1.97336
H -2.31895 -6.3632 2.82949
H -3.64964 -6.82271 4.73168
H -1.82979 -2.34893 1.49749
H -3.8422 -6.51852 0.55148
H -4.08796 -8.89586 0.87605
H -2.56769 -8.5151 1.79455
H -5.18198 -9.4928 2.7117
H -3.83154 -9.04508 3.84726
H -6.07552 -7.58369 3.87877
H -3.15707 -2.64723 0.29222
H -1.45492 -3.10314 -0.09989
H -1.69301 -0.39241 4.15706
H -1.45951 -0.82869 5.89423
H -0.93331 0.79856 5.27575
H -3.61625 -1.83935 4.68161
H -5.25025 -2.17584 3.95038
H -4.41525 -3.06758 6.74219
H -5.96234 -3.41215 5.95404
$end

$opt
CONSTRAINT
tors           1           2           3           4     -11.192
tors           3           4           5           6     -74.470
tors           4           5           6           7    -180.000
tors           5           6           7           8    -101.480
tors           6           7           8           9    -173.951
tors           7           8           9          10    -170.064
tors           8           9          10          11    -167.458
tors           9          10          11          12     +58.422
tors          11          12          13          14    +179.176
ENDCONSTRAINT
$end

$rem
JOBTYPE                   OPT
METHOD                    B3LYP
DFT_D                     d3_op
BASIS                     STO-3G
GEOM_OPT_MAX_CYCLES       100
GEOM_OPT_TOL_GRADIENT     300
GEOM_OPT_TOL_DISPLACEMENT 1200
GEOM_OPT_TOL_ENERGY       100
SYMMETRY                  False
THRESH                    12
SCF_CONVERGENCE           8
MAX_SUB_FILE_NUM          128
MEM_STATIC                400
MEM_TOTAL                 4000
$end
