$molecule
0  1
O -3.94934 -3.66094 2.70899
C -3.26408 -4.56952 2.26188
C -3.36658 -6.02376 2.66595
C -4.22157 -6.35123 3.90111
C -5.02212 -5.21032 4.48892
O -4.21934 -4.43997 5.28109
C -4.90703 -3.33179 5.87124
C -4.49169 -2.03211 5.18973
O -5.06796 -0.9119 5.87959
C -4.97296 0.27938 5.23851
C -5.29234 1.45497 6.13107
C -4.26184 1.72709 7.23664
C -2.92183 1.0379 7.0751
O -1.96566 1.16222 7.82666
O -2.40553 -4.29752 1.24432
O -2.60821 0.38063 5.92614
O -4.69162 0.39315 4.05056
C -1.37167 -0.15679 5.61702
C -5.27368 2.82649 5.41525
C -6.1352 3.82173 6.19194
C -5.2795 4.03656 7.42404
C -4.03387 3.23206 7.03547
O -3.9793 3.33305 5.63303
H -6.32034 1.2882 6.52554
H -4.65039 1.44309 8.23895
H -5.61142 2.78157 4.35705
H -6.14651 4.76517 5.59982
H -7.18186 3.50575 6.39054
H -5.04732 5.12158 7.50544
H -5.71628 3.66516 8.37651
H -3.14105 3.60272 7.58608
O -6.23731 -5.0875 4.37091
C -2.20679 -3.04081 0.71194
C -4.05398 -6.86535 1.58135
C -3.66642 -8.3349 1.73771
C -4.45862 -8.70269 2.97336
C -5.17892 -7.3787 3.24848
O -5.40572 -6.85222 1.96332
H -2.3188 -6.36135 2.83183
H -3.66377 -6.84293 4.72979
H -1.83016 -2.34878 1.49552
H -3.83186 -6.51575 0.54917
H -4.0835 -8.8941 0.86989
H -2.57161 -8.51435 1.80337
H -5.205 -9.479 2.69186
H -3.8574 -9.05491 3.83916
H -6.08527 -7.57091 3.86424
H -3.15701 -2.64896 0.29011
H -1.45459 -3.10468 -0.1008
H -1.41514 -0.61813 4.60913
H -1.09797 -0.93775 6.35825
H -0.59888 0.64115 5.60576
H -3.38749 -1.95134 5.16641
H -4.89414 -2.06916 4.15764
H -4.60449 -3.28913 6.93901
H -6.01829 -3.39256 5.87585
$end

$opt
CONSTRAINT
tors           1           2           3           4     -11.192
tors           3           4           5           6     -80.944
tors           4           5           6           7    +179.751
tors           5           6           7           8    -106.558
tors           6           7           8           9    -173.625
tors           7           8           9          10    -168.698
tors           8           9          10          11    -166.448
tors           9          10          11          12     +68.810
tors          11          12          13          14    +177.704
ENDCONSTRAINT
$end

$rem
JOBTYPE                   OPT
METHOD                    B3LYP
DFT_D                     d3_op
BASIS                     STO-3G
GEOM_OPT_MAX_CYCLES       100
GEOM_OPT_TOL_GRADIENT     300
GEOM_OPT_TOL_DISPLACEMENT 1200
GEOM_OPT_TOL_ENERGY       100
SYMMETRY                  False
THRESH                    12
SCF_CONVERGENCE           8
MAX_SUB_FILE_NUM          128
MEM_STATIC                400
MEM_TOTAL                 4000
$end
