$molecule
0  1
O -3.94934 -3.66094 2.70899
C -3.26408 -4.56952 2.26188
C -3.36658 -6.02376 2.66595
C -3.85758 -6.32393 4.09167
C -4.36023 -5.14436 4.89419
O -3.30299 -4.4183 5.36378
C -3.70025 -3.25485 6.09714
C -3.56154 -2.01118 5.22525
O -3.7824 -0.83236 6.0155
C -3.89444 0.32499 5.31755
C -3.92035 1.54689 6.20465
C -2.57918 1.8945 6.86699
C -1.35791 1.21218 6.2842
O -0.20733 1.37171 6.66536
O -2.22573 -4.25517 1.44361
O -1.4449 0.46237 5.15243
O -4.03583 0.37446 4.10049
C -0.38408 -0.12918 4.49255
C -4.18742 2.87484 5.45527
C -4.75793 3.9065 6.42807
C -3.53803 4.19987 7.2779
C -2.47873 3.38722 6.52471
O -2.91273 3.40635 5.18649
H -4.74717 1.3982 6.9358
H -2.5885 1.66185 7.95421
H -4.86701 2.76519 4.5823
H -4.99729 4.81347 5.82725
H -5.66419 3.59512 6.99064
H -3.32437 5.29023 7.22103
H -3.61004 3.87768 8.33947
H -1.46206 3.79764 6.71363
O -5.53992 -4.93548 5.16059
C -1.93468 -2.97661 1.01588
C -4.47347 -6.71644 1.8432
C -4.2275 -8.22345 1.79988
C -4.57062 -8.60184 3.2232
C -5.05019 -7.24769 3.75858
O -5.6247 -6.62005 2.64132
H -2.40018 -6.51789 2.4161
H -3.11295 -6.86644 4.71597
H -1.71885 -2.32166 1.88664
H -4.56411 -6.31823 0.80808
H -4.99547 -8.66067 1.12194
H -3.21717 -8.53247 1.45552
H -5.4095 -9.33264 3.19927
H -3.72858 -9.00844 3.82411
H -5.72328 -7.40631 4.63011
H -2.78891 -2.5631 0.43817
H -1.04046 -3.0066 0.36025
H -0.76397 -0.66532 3.59953
H 0.12279 -0.85826 5.16002
H 0.33931 0.6449 4.15859
H -2.55265 -1.97669 4.76307
H -4.34125 -2.07961 4.43938
H -3.00074 -3.16008 6.95459
H -4.71788 -3.29332 6.54705
$end

$opt
CONSTRAINT
tors           1           2           3           4     -28.509
tors           3           4           5           6     -77.400
tors           4           5           6           7    +177.961
tors           5           6           7           8    -101.480
tors           6           7           8           9    -172.090
tors           7           8           9          10    -170.064
tors           8           9          10          11    -171.510
tors           9          10          11          12     +71.487
tors          11          12          13          14    +179.176
ENDCONSTRAINT
$end

$rem
JOBTYPE                   OPT
METHOD                    B3LYP
DFT_D                     d3_op
BASIS                     STO-3G
GEOM_OPT_MAX_CYCLES       100
GEOM_OPT_TOL_GRADIENT     300
GEOM_OPT_TOL_DISPLACEMENT 1200
GEOM_OPT_TOL_ENERGY       100
SYMMETRY                  False
THRESH                    12
SCF_CONVERGENCE           8
MAX_SUB_FILE_NUM          128
MEM_STATIC                400
MEM_TOTAL                 4000
$end
