$molecule
0  1
O -3.94934 -3.66094 2.70899
C -3.26408 -4.56952 2.26188
C -3.36658 -6.02376 2.66595
C -4.06185 -6.33457 4.00156
C -4.73396 -5.1724 4.69848
O -3.7987 -4.4145 5.3437
C -4.35971 -3.28737 6.02495
C -4.20559 -2.02986 5.1758
O -4.5459 -0.87037 5.95211
C -4.65201 0.2878 5.25459
C -4.74094 1.50461 6.1446
C -3.5217 1.7354 7.04928
C -2.27412 0.95415 6.68887
O -1.20543 1.01327 7.2796
O -2.44194 -4.30636 1.21247
O -2.17876 0.34705 5.47422
O -4.6368 0.35026 4.03028
C -1.04095 -0.24752 4.95968
C -4.78103 2.85533 5.396
C -5.43099 3.91509 6.285
C -4.35226 4.10866 7.33202
C -3.24635 3.21783 6.75508
O -3.44147 3.28484 5.36238
H -5.68146 1.3952 6.73065
H -3.74861 1.50549 8.11333
H -5.30686 2.80735 4.4178
H -5.50431 4.84497 5.67623
H -6.4371 3.66018 6.68196
H -4.04553 5.17813 7.32627
H -4.62793 3.79474 8.36222
H -2.24891 3.5443 7.12412
O -5.94803 -5.00554 4.76067
C -2.25501 -3.05247 0.66909
C -4.22569 -6.82407 1.67715
C -3.87739 -8.30891 1.76679
C -4.50726 -8.66393 3.09625
C -5.13509 -7.31899 3.47664
O -5.51251 -6.76746 2.23816
H -2.32071 -6.40506 2.6878
H -3.41445 -6.85141 4.74535
H -1.84641 -2.36052 1.43673
H -4.13068 -6.46745 0.62788
H -4.4309 -8.83949 0.95939
H -2.7919 -8.53097 1.68008
H -5.31165 -9.41127 2.91353
H -3.80678 -9.04588 3.86993
H -5.95687 -7.48629 4.20753
H -3.2172 -2.65582 0.28026
H -1.53259 -3.12329 -0.16966
H -1.26343 -0.64906 3.94974
H -0.71709 -1.08382 5.61548
H -0.22436 0.50015 4.86971
H -3.16461 -1.94989 4.80528
H -4.90626 -2.12958 4.31933
H -3.75803 -3.147 6.94801
H -5.41024 -3.41298 6.37247
$end

$opt
CONSTRAINT
tors           1           2           3           4     -19.135
tors           3           4           5           6     -78.841
tors           4           5           6           7    +179.740
tors           5           6           7           8     -98.539
tors           6           7           8           9    -169.678
tors           7           8           9          10    -170.064
tors           8           9          10          11    -168.719
tors           9          10          11          12     +61.305
tors          11          12          13          14    +179.276
ENDCONSTRAINT
$end

$rem
JOBTYPE                   OPT
METHOD                    B3LYP
DFT_D                     d3_op
BASIS                     STO-3G
GEOM_OPT_MAX_CYCLES       100
GEOM_OPT_TOL_GRADIENT     300
GEOM_OPT_TOL_DISPLACEMENT 1200
GEOM_OPT_TOL_ENERGY       100
SYMMETRY                  False
THRESH                    12
SCF_CONVERGENCE           8
MAX_SUB_FILE_NUM          128
MEM_STATIC                400
MEM_TOTAL                 4000
$end
