$molecule
0  1
O -3.94934 -3.66094 2.70899
C -3.26408 -4.56952 2.26188
C -3.36658 -6.02376 2.66595
C -3.9311 -6.32654 4.06362
C -4.49534 -5.15211 4.83203
O -3.47691 -4.40815 5.3562
C -3.93328 -3.26962 6.09425
C -3.91417 -2.02749 5.20944
O -4.26544 -0.86977 5.9835
C -4.48879 0.26228 5.27095
C -4.5648 1.49719 6.13691
C -3.27226 1.83836 6.89271
C -2.01996 1.13308 6.41206
O -0.89898 1.28439 6.87582
O -2.40752 -4.29753 1.24277
O -2.01919 0.47511 5.22063
O -4.59654 0.28928 4.04996
C -0.90684 -0.06454 4.60064
C -4.77837 2.81808 5.36358
C -5.40109 3.86051 6.29173
C -4.23259 4.15766 7.21016
C -3.13543 3.32602 6.53624
O -3.48386 3.33548 5.17235
H -5.42874 1.34753 6.8234
H -3.36368 1.62473 7.98014
H -5.40202 2.70412 4.45045
H -5.60234 4.76354 5.67146
H -6.3394 3.55377 6.80191
H -4.00454 5.24482 7.14748
H -4.37317 3.8561 8.2709
H -2.12934 3.73016 6.78547
O -5.69066 -4.95832 5.03105
C -2.2059 -3.03949 0.71443
C -4.36964 -6.77195 1.77241
C -4.07025 -8.26979 1.79275
C -4.53986 -8.62939 3.18539
C -5.08234 -7.27487 3.65422
O -5.58145 -6.68746 2.47796
H -2.34917 -6.45927 2.54221
H -3.21996 -6.86069 4.73297
H -1.82487 -2.35165 1.49969
H -4.38516 -6.3976 0.72492
H -4.7458 -8.75754 1.05398
H -3.01652 -8.53702 1.56195
H -5.37352 -9.36127 3.09558
H -3.7565 -9.02973 3.86462
H -5.81905 -7.43153 4.47292
H -3.15584 -2.64269 0.29662
H -1.45604 -3.10283 -0.10051
H -1.21267 -0.52821 3.64038
H -0.4499 -0.84432 5.24675
H -0.16294 0.73201 4.38601
H -2.91814 -1.90474 4.74041
H -4.6866 -2.18424 4.42794
H -3.21219 -3.107 6.92314
H -4.92492 -3.39943 6.58456
$end

$opt
CONSTRAINT
tors           1           2           3           4     -25.210
tors           3           4           5           6     -77.400
tors           4           5           6           7    +179.662
tors           5           6           7           8     -96.303
tors           6           7           8           9    -175.214
tors           7           8           9          10    -170.064
tors           8           9          10          11    -167.876
tors           9          10          11          12     +63.244
tors          11          12          13          14    +179.176
ENDCONSTRAINT
$end

$rem
JOBTYPE                   OPT
METHOD                    B3LYP
DFT_D                     d3_op
BASIS                     STO-3G
GEOM_OPT_MAX_CYCLES       100
GEOM_OPT_TOL_GRADIENT     300
GEOM_OPT_TOL_DISPLACEMENT 1200
GEOM_OPT_TOL_ENERGY       100
SYMMETRY                  False
THRESH                    12
SCF_CONVERGENCE           8
MAX_SUB_FILE_NUM          128
MEM_STATIC                400
MEM_TOTAL                 4000
$end
