$molecule
0  1
O -3.94934 -3.66094 2.70899
C -3.26408 -4.56952 2.26188
C -3.36658 -6.02376 2.66595
C -4.12635 -6.3403 3.96457
C -4.85081 -5.18581 4.62059
O -3.95742 -4.3949 5.28522
C -4.56363 -3.25085 5.89589
C -4.33399 -2.0124 5.03587
O -4.88742 -0.85662 5.68453
C -5.04879 0.23396 4.89477
C -5.45697 1.46523 5.66811
C -4.36312 2.05526 6.57012
C -2.95337 1.56607 6.30552
O -1.95264 1.92894 6.90671
O -2.43211 -4.3038 1.2209
O -2.67418 0.76998 5.23811
O -4.93486 0.21618 3.67386
C -1.41779 0.33289 4.86246
C -5.76036 2.70239 4.789
C -6.68173 3.65694 5.54797
C -5.73536 4.18078 6.60934
C -4.42474 3.53069 6.15171
O -4.55654 3.42995 4.75446
H -6.38748 1.20419 6.22153
H -4.57272 1.8635 7.6451
H -6.2094 2.44997 3.80384
H -6.92523 4.48926 4.84883
H -7.62752 3.21711 5.9311
H -5.68689 5.28874 6.52068
H -5.9842 3.88983 7.65305
H -3.54984 4.11187 6.51846
O -6.06964 -5.04421 4.62554
C -2.24453 -3.04947 0.67876
C -4.15831 -6.8435 1.63757
C -3.79028 -8.32169 1.75438
C -4.48386 -8.68101 3.05066
C -5.15366 -7.34529 3.38966
O -5.4739 -6.80624 2.12963
H -2.31708 -6.38649 2.74703
H -3.50847 -6.84088 4.74372
H -1.84647 -2.35537 1.44993
H -4.01412 -6.49079 0.59265
H -4.29105 -8.86574 0.9219
H -2.69812 -8.52544 1.72667
H -5.26469 -9.4429 2.82985
H -3.8191 -9.04718 3.86255
H -6.01004 -7.52307 4.07702
H -3.2044 -2.65688 0.2801
H -1.51359 -3.11795 -0.15278
H -1.50714 -0.29276 3.95078
H -0.96755 -0.27805 5.67371
H -0.76251 1.20025 4.63381
H -3.25711 -1.8648 4.81099
H -4.9176 -2.18311 4.11229
H -4.0662 -3.09567 6.87651
H -5.6478 -3.35591 6.12723
$end

$opt
CONSTRAINT
tors           1           2           3           4     -16.010
tors           3           4           5           6     -77.451
tors           4           5           6           7    +177.961
tors           5           6           7           8    -100.598
tors           6           7           8           9    -177.208
tors           7           8           9          10    -164.253
tors           8           9          10          11    -172.288
tors           9          10          11          12     +70.261
tors          11          12          13          14    +179.176
ENDCONSTRAINT
$end

$rem
JOBTYPE                   OPT
METHOD                    B3LYP
DFT_D                     d3_op
BASIS                     STO-3G
GEOM_OPT_MAX_CYCLES       100
GEOM_OPT_TOL_GRADIENT     300
GEOM_OPT_TOL_DISPLACEMENT 1200
GEOM_OPT_TOL_ENERGY       100
SYMMETRY                  False
THRESH                    12
SCF_CONVERGENCE           8
MAX_SUB_FILE_NUM          128
MEM_STATIC                400
MEM_TOTAL                 4000
$end
