$molecule
0  1
O -3.94934 -3.66094 2.70899
C -3.26408 -4.56952 2.26188
C -3.36658 -6.02376 2.66595
C -4.07902 -6.33598 3.99215
C -4.76513 -5.17574 4.67857
O -3.84129 -4.41144 5.33263
C -4.41042 -3.26343 5.97093
C -4.17495 -2.01889 5.12134
O -4.69024 -0.86069 5.79656
C -4.82309 0.25017 5.03008
C -5.1279 1.48929 5.83775
C -3.96521 2.00228 6.69988
C -2.59783 1.43961 6.36761
O -1.55362 1.73601 6.93004
O -2.44077 -4.30597 1.21349
O -2.40812 0.66267 5.26701
O -4.75818 0.24617 3.80553
C -1.19258 0.1792 4.81978
C -5.39752 2.75583 4.99
C -6.23072 3.74771 5.80123
C -5.21248 4.20008 6.8284
C -3.96108 3.48561 6.30562
O -4.15709 3.41557 4.91405
H -6.0477 1.27177 6.42675
H -4.13972 1.8041 7.77995
H -5.90113 2.54513 4.02155
H -6.4558 4.60382 5.12501
H -7.18301 3.35528 6.21825
H -5.10538 5.30495 6.75375
H -5.43318 3.90591 7.87754
H -3.04007 4.01087 6.64264
O -5.98096 -5.01569 4.7211
C -2.25545 -3.0523 0.66902
C -4.2075 -6.82955 1.66611
C -3.85359 -8.31259 1.76318
C -4.50112 -8.66859 3.08387
C -5.14031 -7.32594 3.45329
O -5.50245 -6.77798 2.20863
H -2.31925 -6.39968 2.70409
H -3.43981 -6.84923 4.74544
H -1.84946 -2.3586 1.43644
H -4.09915 -6.47412 0.61775
H -4.39266 -8.84712 0.94864
H -2.76588 -8.52946 1.69272
H -5.29961 -9.41957 2.89053
H -3.8103 -9.04663 3.8681
H -5.97171 -7.49602 4.17257
H -3.21786 -2.65802 0.2783
H -1.53168 -3.12263 -0.16862
H -1.35364 -0.41432 3.8965
H -0.73441 -0.47542 5.59159
H -0.50823 1.02175 4.58366
H -3.09973 -1.89413 4.87882
H -4.77417 -2.16539 4.20399
H -3.88932 -3.13099 6.94256
H -5.4914 -3.34904 6.2239
$end

$opt
CONSTRAINT
tors           1           2           3           4     -18.312
tors           3           4           5           6     -78.665
tors           4           5           6           7    +177.961
tors           5           6           7           8    -100.598
tors           6           7           8           9    -177.208
tors           7           8           9          10    -165.455
tors           8           9          10          11    -169.651
tors           9          10          11          12     +70.261
tors          11          12          13          14    +179.176
ENDCONSTRAINT
$end

$rem
JOBTYPE                   OPT
METHOD                    B3LYP
DFT_D                     d3_op
BASIS                     STO-3G
GEOM_OPT_MAX_CYCLES       100
GEOM_OPT_TOL_GRADIENT     300
GEOM_OPT_TOL_DISPLACEMENT 1200
GEOM_OPT_TOL_ENERGY       100
SYMMETRY                  False
THRESH                    12
SCF_CONVERGENCE           8
MAX_SUB_FILE_NUM          128
MEM_STATIC                400
MEM_TOTAL                 4000
$end
