$molecule
0  1
O -3.94934 -3.66094 2.70899
C -3.26408 -4.56952 2.26188
C -3.36658 -6.02376 2.66595
C -2.1637 -6.92746 2.34928
C -0.92277 -6.23941 1.8251
O -0.39146 -5.43836 2.79539
C -1.36995 -4.94473 3.71633
C -2.57475 -4.39591 2.9591
O -3.78402 -4.71797 3.66396
C -4.51819 -5.72642 3.13182
C -3.82076 -7.06393 3.20486
C -4.61243 -8.23987 2.61437
C -5.79085 -7.86873 1.73671
O -6.96682 -7.9327 2.06469
O -3.10093 -4.34496 0.78377
O -5.50287 -7.31516 0.52536
O -5.76535 -5.61855 3.16047
C -6.44516 -6.85628 -0.37019
C -3.46993 -8.80018 1.84418
C -2.4981 -9.98837 2.24595
C -3.55397 -10.81066 2.93503
C -4.6979 -9.8643 2.54582
O -4.4168 -9.71007 1.31197
H -4.4312 -7.20519 4.20036
H -5.34062 -8.54698 3.4566
H -3.19322 -8.50743 0.76623
H -2.25521 -10.52123 1.29186
H -1.49585 -9.97501 2.69457
H -3.65437 -11.80861 2.44889
H -3.47959 -11.02457 4.01957
H -5.70261 -10.36436 2.64225
O -0.30961 -6.36555 0.75111
C -3.20649 -3.13796 0.11727
C -2.57079 -6.47263 4.9525
C -2.89028 -7.71762 5.77142
C -2.26983 -8.69724 4.80669
C -1.46527 -7.78161 3.78861
O -1.21302 -6.90655 4.8105
H -3.45635 -6.27132 1.34597
H -1.87952 -7.44476 1.45361
H -3.40368 -2.29122 0.80711
H -2.77907 -5.6436 5.67484
H -2.28806 -7.67242 6.7132
H -3.9352 -7.92498 6.10105
H -1.65135 -9.42708 5.37509
H -3.14697 -9.12983 4.4512
H -0.515 -8.27695 3.49572
H -4.02989 -3.20127 -0.62338
H -2.25556 -2.93693 -0.4174
H -5.92905 -6.45871 -1.26791
H -7.04264 -6.04006 0.08922
H -7.11527 -7.68665 -0.67918
H -2.28634 -3.42979 3.77313
H -1.90495 -3.22261 2.94292
H -0.56992 -4.18584 4.025
H -1.09964 -4.70605 4.79479
$end

$opt
CONSTRAINT
tors           1           2           3           4    -161.053
tors           3           4           5           6     +66.316
tors           4           5           6           7     -28.421
tors           5           6           7           8     -47.368
tors           6           7           8           9    +142.105
tors           7           8           9          10    -104.211
tors           8           9          10          11     +66.316
tors           9          10          11          12    -180.000
tors          11          12          13          14    -104.211
ENDCONSTRAINT
$end

$rem
JOBTYPE                   OPT
METHOD                    B3LYP
DFT_D                     d3_op
BASIS                     STO-3G
GEOM_OPT_MAX_CYCLES       100
GEOM_OPT_TOL_GRADIENT     300
GEOM_OPT_TOL_DISPLACEMENT 1200
GEOM_OPT_TOL_ENERGY       100
SYMMETRY                  False
THRESH                    12
SCF_CONVERGENCE           8
MAX_SUB_FILE_NUM          128
MEM_STATIC                400
MEM_TOTAL                 4000
$end
