$molecule
0  1
O -3.94934 -3.66094 2.70899
C -3.26408 -4.56952 2.26188
C -3.36658 -6.02376 2.66595
C -2.05424 -6.81773 2.77194
C -0.77335 -6.02476 2.63554
O 0.14946 -6.75035 1.93743
C 1.17044 -7.31191 2.769
C 1.54389 -8.70544 2.27427
O 2.5323 -8.60785 1.23677
C 2.27094 -7.69749 0.26616
C 0.79301 -7.46674 0.0585
C -0.1035 -8.66632 0.39842
C 0.54544 -9.76585 1.21488
O -0.05117 -10.6196 1.85499
O -2.51833 -4.3189 1.15322
O 1.50708 -10.46111 0.45185
O 3.16912 -7.09616 -0.31342
C 2.18308 -11.62068 0.80109
C -0.22602 -6.51475 -0.67643
C -0.67984 -6.97886 -2.08093
C -1.60106 -8.14353 -1.70513
C -1.48624 -8.13883 -0.1536
O -1.42055 -6.74337 0.04086
H 1.14789 -7.81885 -0.93237
H -0.09367 -9.37698 -0.45529
H 0.12719 -5.46185 -0.66191
H -1.30127 -6.17657 -2.538
H 0.14983 -7.22726 -2.7775
H -2.64327 -7.85737 -1.97285
H -1.37028 -9.11097 -2.20131
H -2.3563 -8.6655 0.29258
O -0.48481 -5.04415 3.30839
C -2.34913 -3.07278 0.58808
C -3.95125 -6.18816 4.07733
C -4.49703 -7.60559 4.26064
C -3.20823 -8.37914 4.4161
C -2.18402 -7.25248 4.2578
O -2.81018 -6.16379 4.89186
H -4.02848 -6.48529 1.89974
H -2.03225 -7.75779 2.21342
H -1.87158 -2.38528 1.31857
H -4.74301 -5.44524 4.31548
H -5.06093 -7.6616 5.21885
H -5.14927 -7.93196 3.42199
H -3.15045 -8.75411 5.46309
H -3.06941 -9.22778 3.71215
H -1.22385 -7.57665 4.70846
H -3.32906 -2.65996 0.26683
H -1.69031 -3.16417 -0.2998
H 3.27505 -11.4268 0.76281
H 1.93683 -12.42179 0.07513
H 1.93179 -11.96586 1.82653
H 2.31435 -8.75929 3.08097
H 1.72915 -9.49107 3.09031
H 0.811 -7.40641 3.82204
H 2.05037 -6.62549 2.80165
$end

$opt
CONSTRAINT
tors           1           2           3           4    -142.105
tors           3           4           5           6    -142.105
tors           4           5           6           7    -104.211
tors           5           6           7           8    +142.105
tors           6           7           8           9     +85.263
tors           7           8           9          10     -47.368
tors           8           9          10          11     -28.421
tors           9          10          11          12     -28.421
tors          11          12          13          14    +161.053
ENDCONSTRAINT
$end

$rem
JOBTYPE                   OPT
METHOD                    B3LYP
DFT_D                     d3_op
BASIS                     STO-3G
GEOM_OPT_MAX_CYCLES       100
GEOM_OPT_TOL_GRADIENT     300
GEOM_OPT_TOL_DISPLACEMENT 1200
GEOM_OPT_TOL_ENERGY       100
SYMMETRY                  False
THRESH                    12
SCF_CONVERGENCE           8
MAX_SUB_FILE_NUM          128
MEM_STATIC                400
MEM_TOTAL                 4000
$end
