$molecule
0  1
O -3.94934 -3.66094 2.70899
C -3.26408 -4.56952 2.26188
C -3.36658 -6.02376 2.66595
C -2.09215 -6.69516 3.20345
C -0.90361 -5.79095 3.44399
O -0.44901 -5.29598 2.25497
C 0.97803 -5.20117 2.1932
C 1.61437 -6.25959 3.08815
O 0.74546 -7.39838 3.19322
C -0.21231 -7.31478 4.14969
C -1.58363 -7.02833 3.5857
C -2.44637 -6.08044 4.43155
C -1.71156 -5.29152 5.49661
O -2.23018 -4.75185 6.46323
O -2.82931 -3.80499 1.04301
O -0.66368 -5.91794 6.15103
O 0.03677 -7.89326 5.2305
C 0.18669 -5.38932 7.11846
C -1.95419 -5.74495 1.08687
C -4.40646 -5.61165 0.6501
C -5.42464 -5.10201 2.7258
C -3.15671 -4.57166 4.38516
O -1.64353 -3.91064 3.02655
H -1.14296 -8.38539 3.63962
H -2.93004 -6.66448 5.29959
H -1.22555 -5.87026 0.24176
H -4.65731 -4.81961 -0.09036
H -4.78258 -6.55642 0.20372
H -6.03506 -4.18079 2.51922
H -6.35005 -5.65054 3.02066
H -3.56762 -3.80089 5.10572
O -0.07093 -5.03875 4.21443
C -2.76423 -2.43803 0.77822
C -4.58514 -7.16363 3.56315
C -5.41567 -8.03202 2.6008
C -4.28097 -8.95767 2.22881
C -3.26433 -8.52553 3.33762
O -4.05724 -8.19371 4.32693
H -3.54759 -6.81372 2.01807
H -1.91143 -7.67235 1.83049
H -3.03464 -1.80977 1.65246
H -5.16345 -6.65482 4.37514
H -6.15028 -8.58763 3.23096
H -5.97927 -7.58485 1.76065
H -4.64346 -10.00485 2.33417
H -3.83714 -8.81991 1.21939
H -2.73924 -9.48341 3.57292
H -3.44097 -2.19704 -0.06664
H -1.72516 -2.18045 0.48721
H 1.23526 -5.48916 6.76958
H 0.06784 -5.95747 8.06352
H -0.00993 -4.31142 7.30642
H 2.57347 -6.5641 2.61708
H 1.957 -5.92206 4.09585
H 1.37712 -4.17131 2.31975
H 1.2235 -5.50451 1.15261
$end

$opt
CONSTRAINT
tors           1           2           3           4    -123.158
tors           3           4           5           6     -66.316
tors           4           5           6           7    -142.105
tors           5           6           7           8     +28.421
tors           6           7           8           9     +28.421
tors           7           8           9          10     -85.263
tors           8           9          10          11    +104.211
tors           9          10          11          12    -142.105
tors          11          12          13          14    -161.053
ENDCONSTRAINT
$end

$rem
JOBTYPE                   OPT
METHOD                    B3LYP
DFT_D                     d3_op
BASIS                     STO-3G
GEOM_OPT_MAX_CYCLES       100
GEOM_OPT_TOL_GRADIENT     300
GEOM_OPT_TOL_DISPLACEMENT 1200
GEOM_OPT_TOL_ENERGY       100
SYMMETRY                  False
THRESH                    12
SCF_CONVERGENCE           8
MAX_SUB_FILE_NUM          128
MEM_STATIC                400
MEM_TOTAL                 4000
$end
