$molecule
0  1
O -3.94934 -3.66094 2.70899
C -3.26408 -4.56952 2.26188
C -3.36658 -6.02376 2.66595
C -2.27333 -6.57303 3.59705
C -1.29943 -5.56331 4.16282
O -0.02166 -5.91652 3.83424
C 0.82949 -6.07539 4.97422
C 2.29312 -6.00129 4.55179
O 3.12546 -6.58512 5.56629
C 4.18409 -7.30047 5.1116
C 3.97565 -8.79237 5.21861
C 4.53958 -9.61039 4.04768
C 5.51786 -8.88519 3.14558
O 6.71979 -8.78006 3.34276
O -2.25666 -4.26898 1.40157
O 4.9637 -8.20812 2.10622
O 5.28004 -6.77886 4.97021
C 5.67733 -7.44184 1.20901
C 4.73593 -9.41932 6.40455
C 4.06063 -10.72846 6.80984
C 4.41509 -11.60434 5.62559
C 5.34191 -10.65604 4.8541
O 5.94519 -9.87363 5.85526
H 2.88714 -8.97747 5.37259
H 3.76876 -10.09619 3.40963
H 4.82016 -8.73995 7.28102
H 4.60313 -11.10515 7.70676
H 2.97594 -10.66207 7.04213
H 4.97204 -12.49146 6.00066
H 3.55607 -11.92748 4.99848
H 6.03704 -11.23718 4.20792
O -1.59099 -4.61683 4.8821
C -1.96769 -2.99566 0.95808
C -4.60679 -6.28994 3.55325
C -4.99242 -7.76842 3.49107
C -3.88112 -8.38437 4.31319
C -3.12849 -7.12384 4.74844
O -4.13759 -6.15288 4.87193
H -3.484 -6.60808 1.72586
H -1.6979 -7.38312 3.092
H -1.7071 -2.34138 1.81742
H -5.48499 -5.66502 3.27901
H -5.94937 -7.88687 4.04833
H -5.11171 -8.18018 2.46587
H -4.33349 -8.88399 5.19875
H -3.22587 -9.09847 3.76897
H -2.52727 -7.32639 5.66272
H -2.83918 -2.57289 0.41391
H -1.10114 -3.03922 0.26694
H 4.97821 -7.00658 0.46588
H 6.42123 -8.07126 0.67528
H 6.19574 -6.6148 1.73969
H 2.39835 -6.57962 3.60257
H 2.58185 -4.94778 4.34931
H 0.62447 -7.08569 5.39292
H 0.65806 -5.3173 5.77227
$end

$opt
CONSTRAINT
tors           1           2           3           4    -104.211
tors           3           4           5           6    -123.158
tors           4           5           6           7    -123.158
tors           5           6           7           8    -161.053
tors           6           7           8           9    -161.053
tors           7           8           9          10    +142.105
tors           8           9          10          11    -104.211
tors           9          10          11          12    +142.105
tors          11          12          13          14     +85.263
ENDCONSTRAINT
$end

$rem
JOBTYPE                   OPT
METHOD                    B3LYP
DFT_D                     d3_op
BASIS                     STO-3G
GEOM_OPT_MAX_CYCLES       100
GEOM_OPT_TOL_GRADIENT     300
GEOM_OPT_TOL_DISPLACEMENT 1200
GEOM_OPT_TOL_ENERGY       100
SYMMETRY                  False
THRESH                    12
SCF_CONVERGENCE           8
MAX_SUB_FILE_NUM          128
MEM_STATIC                400
MEM_TOTAL                 4000
$end
