$molecule
0  1
O -3.94934 -3.66094 2.70899
C -3.26408 -4.56952 2.26188
C -3.36658 -6.02376 2.66595
C -2.57813 -6.46456 3.91009
C -1.91791 -5.36653 4.71416
O -2.80582 -4.35137 4.92981
C -2.25208 -3.27038 5.6875
C -2.76936 -3.31452 7.12158
O -1.74603 -3.816 7.99576
C -2.17716 -4.62809 8.99264
C -3.4357 -5.38208 8.63453
C -4.68407 -4.50706 8.44966
C -4.43218 -3.02068 8.29501
O -4.29953 -2.22491 9.21355
O -2.42789 -4.29667 1.22477
O -5.12636 -2.5128 7.21003
O -1.52718 -4.80914 10.01123
C -5.31293 -1.17751 6.89833
C -3.65966 -6.45922 7.58637
C -4.68081 -7.48905 8.09793
C -5.96571 -6.6633 8.05298
C -5.45245 -5.35884 7.41726
O -4.43313 -5.83516 6.59061
H -3.56448 -5.93975 9.59227
H -5.27656 -4.5178 9.39354
H -2.69394 -6.92244 7.29678
H -4.75577 -8.29748 7.33716
H -4.4523 -7.95479 9.08072
H -6.68071 -7.17103 7.36803
H -6.45137 -6.4882 9.03698
H -6.27756 -4.79913 6.92823
O -0.72878 -5.35335 5.00949
C -2.23319 -3.03908 0.69303
C -4.77273 -6.57345 2.91815
C -4.81419 -8.05032 2.54411
C -3.92175 -8.6283 3.62328
C -3.67495 -7.37875 4.49377
O -4.85705 -6.63079 4.31315
H -2.94033 -6.56439 1.78761
H -1.72908 -7.12887 3.62967
H -1.83364 -2.35351 1.47085
H -5.57427 -6.0061 2.39732
H -5.85928 -8.3963 2.71394
H -4.51296 -8.29438 1.50261
H -4.50719 -9.39509 4.17849
H -2.96875 -9.07254 3.26309
H -3.41987 -7.75907 5.48477
H -3.18995 -2.63887 0.29462
H -1.49999 -3.10442 -0.13681
H -4.90304 -0.98307 5.88587
H -4.80643 -0.49645 7.61456
H -6.39896 -0.95249 6.89355
H -2.65853 -2.18632 7.24053
H -3.41145 -4.00812 6.74216
H -2.66424 -2.37069 5.16865
H -1.14897 -3.11956 5.62771
$end

$opt
CONSTRAINT
tors           1           2           3           4     -85.263
tors           3           4           5           6     +47.368
tors           4           5           6           7    -180.000
tors           5           6           7           8    -104.211
tors           6           7           8           9    +104.211
tors           7           8           9          10    -142.105
tors           8           9          10          11     +28.421
tors           9          10          11          12     -66.316
tors          11          12          13          14     -85.263
ENDCONSTRAINT
$end

$rem
JOBTYPE                   OPT
METHOD                    B3LYP
DFT_D                     d3_op
BASIS                     STO-3G
GEOM_OPT_MAX_CYCLES       100
GEOM_OPT_TOL_GRADIENT     300
GEOM_OPT_TOL_DISPLACEMENT 1200
GEOM_OPT_TOL_ENERGY       100
SYMMETRY                  False
THRESH                    12
SCF_CONVERGENCE           8
MAX_SUB_FILE_NUM          128
MEM_STATIC                400
MEM_TOTAL                 4000
$end
