$molecule
0  1
O -3.94934 -3.66094 2.70899
C -3.26408 -4.56952 2.26188
C -3.36658 -6.02376 2.66595
C -2.97353 -6.38153 4.10864
C -2.69204 -5.22192 5.03825
O -2.64642 -4.05713 4.32647
C -1.54225 -3.99553 3.41748
C -1.90772 -4.67133 2.09996
O -2.5198 -5.94507 2.35655
C -2.13623 -6.55551 3.50519
C -0.68461 -6.97183 3.49386
C 0.16165 -6.40046 4.64088
C -0.61226 -5.81012 5.80246
O -1.55894 -6.34015 6.36587
O -3.76214 -4.56881 0.85731
O -0.12661 -4.62955 6.28302
O -2.62929 -8.06965 3.07912
C -0.59992 -3.95451 7.38905
C -0.22172 -8.48775 3.66513
C 1.20113 -8.69326 3.12302
C 2.01529 -8.04291 4.2074
C 0.8995 -7.63985 5.16819
O -0.05397 -8.65802 5.04518
H -0.24186 -6.72781 2.51126
H 0.91991 -5.65497 4.31197
H -0.81183 -9.28178 3.16296
H 1.42437 -9.78496 3.13474
H 1.37068 -8.30441 2.09567
H 2.65843 -8.8171 4.68268
H 2.64064 -7.183 3.88244
H 1.31758 -7.48596 6.18828
O -3.33907 -5.00994 6.08059
C -3.72723 -3.46521 0.01662
C -5.03924 -6.11423 2.80461
C -5.72873 -7.5149 2.87212
C -5.25868 -7.94936 4.20208
C -4.56809 -6.64302 4.6507
O -5.30425 -5.63349 4.05949
H -3.97043 -6.8568 1.69223
H -3.10596 -7.34159 5.06552
H -3.23216 -2.59691 0.50759
H -5.60347 -5.54818 2.01876
H -6.82645 -7.32877 2.91811
H -5.54507 -8.24519 2.05402
H -6.1597 -8.17513 4.81891
H -4.58872 -8.83351 4.22937
H -4.79595 -6.63954 5.76099
H -4.75436 -3.18058 -0.28372
H -3.13551 -3.71979 -0.88829
H 0.01494 -3.04467 7.54517
H -0.52601 -4.59686 8.29154
H -1.64839 -3.63241 7.23734
H -1.40543 -4.45892 1.06262
H -0.83381 -4.89593 1.87943
H -0.5729 -4.19438 3.87556
H -1.40134 -2.92204 3.15457
$end

$opt
CONSTRAINT
tors           1           2           3           4     -66.316
tors           3           4           5           6      -9.474
tors           4           5           6           7     -66.316
tors           5           6           7           8     +85.263
tors           6           7           8           9     -47.368
tors           7           8           9          10     -28.421
tors           8           9          10          11     -66.316
tors           9          10          11          12    +123.158
tors          11          12          13          14     +47.368
ENDCONSTRAINT
$end

$rem
JOBTYPE                   OPT
METHOD                    B3LYP
DFT_D                     d3_op
BASIS                     STO-3G
GEOM_OPT_MAX_CYCLES       100
GEOM_OPT_TOL_GRADIENT     300
GEOM_OPT_TOL_DISPLACEMENT 1200
GEOM_OPT_TOL_ENERGY       100
SYMMETRY                  False
THRESH                    12
SCF_CONVERGENCE           8
MAX_SUB_FILE_NUM          128
MEM_STATIC                400
MEM_TOTAL                 4000
$end
