$molecule
0  1
O -3.94934 -3.66094 2.70899
C -3.26408 -4.56952 2.26188
C -3.36658 -6.02376 2.66595
C -3.41669 -6.33291 4.1712
C -3.53792 -5.14515 5.09996
O -2.29942 -4.63188 5.36093
C -2.03163 -3.41833 4.65041
C -3.21138 -2.46076 4.78225
O -3.62456 -2.37938 6.1554
C -4.87612 -1.89897 6.36025
C -5.09496 -1.41031 7.77233
C -3.8334 -0.89903 8.4832
C -2.64082 -0.61722 7.59155
O -2.55395 -0.91478 6.40898
O -2.31735 -4.27605 1.33026
O -1.56717 -0.04278 8.19585
O -5.63361 -1.53497 5.46446
C -0.38592 0.26253 7.55281
C -6.00861 -0.17024 7.89903
C -6.6078 -0.11504 9.30365
C -5.38647 0.25596 10.11796
C -4.35991 0.45443 8.99767
O -5.12212 0.92017 7.91061
H -5.5617 -2.25991 8.31899
H -3.4867 -1.57338 9.29678
H -6.82404 -0.13121 7.145
H -7.31841 0.74252 9.32086
H -7.13753 -1.0344 9.63384
H -5.59149 1.21754 10.63904
H -5.05048 -0.51091 10.84919
H -3.54556 1.12914 9.342
O -4.50091 -4.93213 5.82385
C -2.11069 -3.01933 0.7991
C -4.72312 -6.60615 2.21861
C -4.6233 -8.12488 2.0916
C -4.54532 -8.52126 3.54902
C -4.7253 -7.15284 4.21658
O -5.56182 -6.44883 3.33457
H -2.55697 -6.58008 2.14083
H -2.55909 -6.95206 4.5187
H -1.83894 -2.29904 1.59965
H -5.09349 -6.16914 1.26474
H -5.59326 -8.48359 1.67811
H -3.79325 -8.49542 1.4524
H -5.40925 -9.18407 3.77861
H -3.59719 -9.01144 3.85918
H -5.11004 -7.29082 5.25108
H -3.02796 -2.6698 0.27892
H -1.28011 -3.06686 0.06548
H 0.31582 0.72122 8.27915
H -0.57408 0.98581 6.7307
H 0.07606 -0.66084 7.1422
H -2.98293 -1.48377 4.29504
H -4.14815 -2.70049 4.38257
H -1.61781 -3.58592 3.64956
H -1.17273 -2.93881 5.16521
$end

$opt
CONSTRAINT
tors           1           2           3           4     -47.368
tors           3           4           5           6     -85.263
tors           4           5           6           7    +104.211
tors           5           6           7           8     +47.368
tors           6           7           8           9     +47.368
tors           7           8           9          10    -161.053
tors           8           9          10          11    -161.053
tors           9          10          11          12     +28.421
tors          11          12          13          14      -9.474
ENDCONSTRAINT
$end

$rem
JOBTYPE                   OPT
METHOD                    B3LYP
DFT_D                     d3_op
BASIS                     STO-3G
GEOM_OPT_MAX_CYCLES       100
GEOM_OPT_TOL_GRADIENT     300
GEOM_OPT_TOL_DISPLACEMENT 1200
GEOM_OPT_TOL_ENERGY       100
SYMMETRY                  False
THRESH                    12
SCF_CONVERGENCE           8
MAX_SUB_FILE_NUM          128
MEM_STATIC                400
MEM_TOTAL                 4000
$end
