$molecule
0  1
O -3.94934 -3.66094 2.70899
C -3.26408 -4.56952 2.26188
C -3.36658 -6.02376 2.66595
C -3.85957 -6.32399 4.09097
C -4.36389 -5.14454 4.89263
O -4.76543 -5.56188 6.12957
C -3.68727 -6.04332 6.93891
C -4.09413 -6.04636 8.4088
O -3.94877 -7.36711 8.95412
C -4.78822 -8.30332 8.44621
C -4.31377 -9.71546 8.69403
C -3.31939 -10.2558 7.65599
C -2.6806 -9.22096 6.75169
O -2.72333 -9.22422 5.52992
O -2.23079 -4.25865 1.43591
O -1.786 -8.38919 7.36003
O -5.87919 -8.04407 7.95433
C -0.77564 -7.70635 6.7114
C -3.52201 -9.95515 9.99703
C -3.63911 -11.42379 10.40459
C -2.79634 -12.08617 9.33046
C -2.25727 -10.85014 8.60027
O -2.171 -9.87208 9.61166
H -5.23267 -10.34532 8.71984
H -3.79513 -11.01159 6.99199
H -3.83956 -9.29386 10.83236
H -3.11525 -11.52961 11.38178
H -4.6744 -11.81528 10.50316
H -1.97195 -12.64467 9.8267
H -3.35002 -12.75689 8.63821
H -1.31116 -11.08756 8.06561
O -3.70577 -4.11611 4.95025
C -1.94261 -2.98312 0.99762
C -4.53916 -6.62304 1.84731
C -4.38079 -8.1332 1.72906
C -4.7638 -8.54714 3.12534
C -5.09907 -7.18995 3.75616
O -5.66376 -6.48639 2.68074
H -2.43281 -6.55291 2.36736
H -3.04433 -6.85826 4.60184
H -1.71984 -2.32193 1.86224
H -4.63262 -6.18518 0.82768
H -5.14801 -8.51779 1.01941
H -3.37083 -8.45497 1.39455
H -5.69962 -9.1472 3.06223
H -4.00169 -9.1452 3.63878
H -5.76591 -7.34513 4.63303
H -2.80058 -2.57373 0.42249
H -1.05297 -3.01807 0.33595
H -0.21489 -7.10035 7.4519
H -1.17923 -7.03155 5.93254
H -0.07664 -8.42862 6.23895
H -3.44122 -5.34464 8.97025
H -5.13951 -5.6888 8.54873
H -2.74639 -5.45768 6.8225
H -3.54808 -7.05003 6.61303
$end

$opt
CONSTRAINT
tors           1           2           3           4     -28.421
tors           3           4           5           6    -180.000
tors           4           5           6           7     +66.316
tors           5           6           7           8    +161.053
tors           6           7           8           9    +123.158
tors           7           8           9          10     -66.316
tors           8           9          10          11    +161.053
tors           9          10          11          12     -85.263
tors          11          12          13          14    -123.158
ENDCONSTRAINT
$end

$rem
JOBTYPE                   OPT
METHOD                    B3LYP
DFT_D                     d3_op
BASIS                     STO-3G
GEOM_OPT_MAX_CYCLES       100
GEOM_OPT_TOL_GRADIENT     300
GEOM_OPT_TOL_DISPLACEMENT 1200
GEOM_OPT_TOL_ENERGY       100
SYMMETRY                  False
THRESH                    12
SCF_CONVERGENCE           8
MAX_SUB_FILE_NUM          128
MEM_STATIC                400
MEM_TOTAL                 4000
$end
