$molecule
0  1
O -3.94934 -3.66094 2.70899
C -3.26408 -4.56952 2.26188
C -3.36658 -6.02376 2.66595
C -4.25419 -6.35572 3.87665
C -5.08044 -5.22016 4.4387
O -6.4025 -5.56308 4.43679
C -6.61862 -6.97338 4.55344
C -7.07828 -7.31964 5.96587
O -7.70735 -8.61081 5.97308
C -7.94551 -9.15023 4.75183
C -7.72161 -10.64325 4.71427
C -6.40723 -11.11693 5.35171
C -5.69723 -10.10668 6.23033
O -6.1166 -9.67365 7.2939
O -2.33732 -4.27682 1.31027
O -4.42931 -9.78601 5.85975
O -8.84923 -8.69518 4.06072
C -3.57509 -9.00922 6.61611
C -8.73654 -11.45919 5.54197
C -8.81116 -12.88346 4.99348
C -7.45824 -13.42279 5.4186
C -6.94103 -12.24319 6.25146
O -8.10857 -11.66374 6.7849
H -7.79611 -10.95265 3.64629
H -5.6857 -11.46205 4.57746
H -9.74869 -11.0001 5.57275
H -9.6018 -13.40934 5.57569
H -9.03783 -12.9737 3.90938
H -7.62285 -14.32062 6.0546
H -6.76076 -13.66443 4.58741
H -6.1817 -12.58295 6.99021
O -4.65411 -4.23442 5.02168
C -2.10786 -3.01201 0.81078
C -3.68274 -6.89901 1.45702
C -2.87165 -8.17462 1.54037
C -3.43347 -8.7236 2.81696
C -4.64044 -7.75714 3.00956
O -4.9644 -7.3149 1.72751
H -2.31072 -6.2125 2.97895
H -3.63483 -6.68037 4.74122
H -1.78801 -2.3302 1.62759
H -3.54694 -6.41331 0.46532
H -3.19146 -8.8057 0.6795
H -1.7658 -8.064 1.53204
H -3.70625 -9.78887 2.63369
H -2.75205 -8.65097 3.68988
H -5.38054 -8.5388 3.27986
H -3.02873 -2.61747 0.3305
H -1.30166 -3.06195 0.05051
H -2.60607 -8.90683 6.08775
H -3.39161 -9.49193 7.59963
H -4.00694 -7.99919 6.77359
H -6.33731 -7.18751 6.79904
H -7.8893 -6.6053 6.22446
H -5.80626 -7.61467 4.90252
H -7.20805 -7.21653 3.65184
$end

$opt
CONSTRAINT
tors           1           2           3           4      -9.474
tors           3           4           5           6    +123.158
tors           4           5           6           7     +28.421
tors           5           6           7           8    +104.211
tors           6           7           8           9    +161.053
tors           7           8           9          10      -9.474
tors           8           9          10          11    +142.105
tors           9          10          11          12     -47.368
tors          11          12          13          14     +66.316
ENDCONSTRAINT
$end

$rem
JOBTYPE                   OPT
METHOD                    B3LYP
DFT_D                     d3_op
BASIS                     STO-3G
GEOM_OPT_MAX_CYCLES       100
GEOM_OPT_TOL_GRADIENT     300
GEOM_OPT_TOL_DISPLACEMENT 1200
GEOM_OPT_TOL_ENERGY       100
SYMMETRY                  False
THRESH                    12
SCF_CONVERGENCE           8
MAX_SUB_FILE_NUM          128
MEM_STATIC                400
MEM_TOTAL                 4000
$end
