$molecule
0  1
O -3.94934 -3.66094 2.70899
C -3.26408 -4.56952 2.26188
C -3.36658 -6.02376 2.66595
C -4.55778 -6.42467 3.55148
C -5.60993 -5.36381 3.78738
O -5.37997 -4.29275 2.97168
C -4.37078 -4.54107 1.98724
C -3.99766 -6.01987 1.97842
O -4.91618 -6.76125 2.79668
C -6.00231 -6.07176 3.2257
C -6.13989 -4.72048 2.56556
C -5.18309 -4.47394 1.38997
C -4.49914 -5.70297 0.8257
O -4.76863 -6.85979 1.11505
O -1.9376 -4.24135 1.82063
O -3.91728 -5.49098 -0.45704
O -7.06114 -6.9211 3.26625
C -3.65881 -6.44553 -1.42687
C -7.55093 -4.95917 1.66637
C -8.24843 -3.70182 1.04683
C -7.43665 -3.54506 -0.17457
C -6.34196 -4.61424 0.13359
O -7.14252 -5.66548 0.55143
H -7.23568 -4.03899 3.06321
H -5.59999 -3.27918 0.97495
H -8.39352 -5.47835 2.19685
H -9.29441 -3.9245 0.73534
H -8.25579 -2.80806 1.70849
H -8.02371 -3.91083 -1.05097
H -7.09795 -2.50798 -0.3932
H -5.94396 -4.74988 -0.89758
O -5.86779 -4.92541 5.07232
C -1.32787 -3.01005 1.97569
C -2.23835 -7.16749 3.3707
C -1.68277 -6.96877 4.82824
C -2.88718 -7.34752 5.67113
C -3.88539 -7.7142 4.5503
O -3.02854 -8.31732 3.60123
H -2.55542 -5.47155 3.41989
H -4.10084 -5.84692 4.49113
H -1.25557 -2.76278 3.05566
H -1.36754 -7.33917 2.6981
H -0.89842 -7.7418 4.99481
H -1.23441 -5.97676 5.05449
H -2.64063 -8.26024 6.25835
H -3.26051 -6.55944 6.36051
H -4.69575 -8.37779 4.92187
H -1.88538 -2.20663 1.45326
H -0.30399 -3.05852 1.55239
H -2.5704 -6.4636 -1.64042
H -4.20112 -6.17382 -2.35543
H -3.98424 -7.46087 -1.11723
H -2.8059 -6.84215 1.00559
H -2.8059 -6.84215 1.00559
H -3.70824 -3.38291 0.74009
H -3.70824 -3.38291 0.74009
$end

$opt
CONSTRAINT
tors           1           2           3           4      +9.474
tors           3           4           5           6      +9.474
tors           4           5           6           7      +9.474
tors           5           6           7           8      +9.474
tors           6           7           8           9      +9.474
tors           7           8           9          10      +9.474
tors           8           9          10          11      +9.474
tors           9          10          11          12      +9.474
tors          11          12          13          14      +9.474
ENDCONSTRAINT
$end

$rem
JOBTYPE                   OPT
METHOD                    B3LYP
DFT_D                     d3_op
BASIS                     STO-3G
GEOM_OPT_MAX_CYCLES       100
GEOM_OPT_TOL_GRADIENT     300
GEOM_OPT_TOL_DISPLACEMENT 1200
GEOM_OPT_TOL_ENERGY       100
SYMMETRY                  False
THRESH                    12
SCF_CONVERGENCE           8
MAX_SUB_FILE_NUM          128
MEM_STATIC                400
MEM_TOTAL                 4000
$end
