$molecule
0  1
O -3.94934 -3.66094 2.70899
C -3.26408 -4.56952 2.26188
C -3.36658 -6.02376 2.66595
C -4.73745 -6.52338 3.15068
C -5.89497 -5.55994 3.00924
O -6.20688 -5.0273 4.22761
C -5.52561 -5.66609 5.31254
C -6.29849 -6.90083 5.76441
O -6.23332 -7.02297 7.194
C -6.0926 -5.8575 7.87299
C -4.87282 -5.83878 8.76318
C -3.52902 -5.87452 8.02075
C -3.58491 -5.5664 6.53797
O -4.37767 -6.0501 5.7429
O -2.16979 -4.23033 1.52761
O -2.80068 -4.48865 6.26327
O -7.00108 -5.03976 7.96788
C -2.65963 -3.68441 5.1839
C -4.68402 -4.57872 9.63822
C -3.90398 -4.95561 10.89461
C -2.54372 -5.2578 10.29918
C -2.77111 -4.80527 8.84873
O -3.74188 -3.79179 8.94896
H -4.98581 -6.71866 9.43786
H -3.07228 -6.88578 8.09218
H -5.63392 -4.0739 9.91721
H -3.82857 -4.02791 11.50689
H -4.33621 -5.76643 11.51957
H -1.78848 -4.62588 10.81681
H -2.23844 -6.3262 10.3321
H -1.79577 -4.5148 8.40162
O -6.35172 -5.12253 1.96243
C -1.84752 -2.94168 1.15624
C -3.15882 -6.89335 1.4015
C -2.8153 -8.33601 1.78567
C -4.18461 -8.84915 2.14358
C -5.00642 -7.5601 2.00334
O -4.44521 -6.97627 0.85831
H -2.5432 -6.22674 3.38348
H -4.67013 -7.29938 3.9155
H -1.68946 -2.31175 2.05781
H -2.37063 -6.50891 0.71883
H -2.44728 -8.90369 0.90189
H -2.06226 -8.37971 2.60205
H -4.52419 -9.53846 1.33687
H -4.25878 -9.37616 3.11917
H -6.08122 -7.84309 1.91476
H -2.65911 -2.50949 0.53273
H -0.91027 -2.95776 0.56323
H -1.9798 -2.85256 5.45886
H -3.64156 -3.23574 4.94414
H -2.13699 -4.23961 4.39665
H -7.37214 -6.73753 5.5203
H -6.05883 -7.87917 5.30247
H -5.91532 -4.73425 5.9196
H -5.91532 -4.73425 5.9196
$end

$opt
CONSTRAINT
tors           1           2           3           4     +28.421
tors           3           4           5           6    -104.211
tors           4           5           6           7      -9.474
tors           5           6           7           8     -85.263
tors           6           7           8           9    -142.105
tors           7           8           9          10     +28.421
tors           8           9          10          11    -123.158
tors           9          10          11          12     +66.316
tors          11          12          13          14     -47.368
ENDCONSTRAINT
$end

$rem
JOBTYPE                   OPT
METHOD                    B3LYP
DFT_D                     d3_op
BASIS                     STO-3G
GEOM_OPT_MAX_CYCLES       100
GEOM_OPT_TOL_GRADIENT     300
GEOM_OPT_TOL_DISPLACEMENT 1200
GEOM_OPT_TOL_ENERGY       100
SYMMETRY                  False
THRESH                    12
SCF_CONVERGENCE           8
MAX_SUB_FILE_NUM          128
MEM_STATIC                400
MEM_TOTAL                 4000
$end
