$molecule
0  1
O -3.94934 -3.66094 2.70899
C -3.26408 -4.56952 2.26188
C -3.36658 -6.02376 2.66595
C -4.77372 -6.64113 2.71769
C -5.90468 -5.78727 2.1886
O -7.098 -6.2511 2.66429
C -7.24283 -7.66939 2.5349
C -8.68022 -8.0193 2.16398
O -9.36957 -8.53799 3.3123
C -9.91772 -7.60768 4.13279
C -9.80203 -7.97067 5.59413
C -8.72741 -7.19562 6.37052
C -8.18738 -5.9537 5.69029
O -7.89497 -4.90812 6.25226
O -2.41179 -4.27224 1.24369
O -8.53846 -5.65582 4.42074
O -10.74355 -6.80563 3.71278
C -8.66689 -4.38109 3.87148
C -11.05522 -7.62519 6.42888
C -11.10611 -8.51364 7.67042
C -9.94904 -7.94857 8.46756
C -9.56773 -6.75267 7.58596
O -10.77871 -6.36421 6.98494
H -9.64938 -9.07313 5.65656
H -7.85134 -7.82397 6.64088
H -12.00591 -7.71286 5.85883
H -12.05559 -8.26907 8.19911
H -11.06479 -9.60879 7.48671
H -10.33538 -7.61405 9.45586
H -9.08608 -8.63563 8.60551
H -9.05887 -5.97757 8.19981
O -5.84284 -4.73903 1.57042
C -2.23188 -3.01031 0.71653
C -2.54502 -6.98648 1.80124
C -2.14946 -8.20622 2.61966
C -3.48978 -8.87187 2.7701
C -4.36662 -7.94892 1.90357
O -3.49109 -7.48807 0.90714
H -2.93963 -6.01254 3.69532
H -5.0139 -6.86806 3.78273
H -1.86323 -2.31658 1.5021
H -1.63115 -6.54356 1.35081
H -1.50209 -8.84058 1.97187
H -1.61811 -7.98849 3.57119
H -3.41149 -9.89033 2.32491
H -3.87282 -8.95094 3.81049
H -5.10791 -8.64687 1.50462
H -3.18836 -2.6306 0.29778
H -1.48035 -3.06025 -0.09781
H -8.99187 -4.46643 2.81402
H -7.69548 -3.84243 3.90663
H -9.43789 -3.80379 4.42508
H -9.22845 -7.22424 1.60885
H -8.66106 -8.90085 1.47815
H -6.77731 -8.3077 3.31782
H -6.88155 -7.87448 1.51468
$end

$opt
CONSTRAINT
tors           1           2           3           4     +47.368
tors           3           4           5           6    -161.053
tors           4           5           6           7     -47.368
tors           5           6           7           8    -142.105
tors           6           7           8           9    -104.211
tors           7           8           9          10     +85.263
tors           8           9          10          11    -142.105
tors           9          10          11          12    +104.211
tors          11          12          13          14    +142.105
ENDCONSTRAINT
$end

$rem
JOBTYPE                   OPT
METHOD                    B3LYP
DFT_D                     d3_op
BASIS                     STO-3G
GEOM_OPT_MAX_CYCLES       100
GEOM_OPT_TOL_GRADIENT     300
GEOM_OPT_TOL_DISPLACEMENT 1200
GEOM_OPT_TOL_ENERGY       100
SYMMETRY                  False
THRESH                    12
SCF_CONVERGENCE           8
MAX_SUB_FILE_NUM          128
MEM_STATIC                400
MEM_TOTAL                 4000
$end
