$molecule
0  1
O -3.94934 -3.66094 2.70899
C -3.26408 -4.56952 2.26188
C -3.36658 -6.02376 2.66595
C -4.66266 -6.76517 2.29943
C -5.63801 -6.02118 1.41441
O -5.57726 -6.51242 0.14145
C -4.54321 -5.91156 -0.64528
C -4.27173 -4.49131 -0.16017
O -5.46261 -3.93631 0.42007
C -5.34633 -2.66973 0.8906
C -6.62999 -2.14357 1.48728
C -7.86375 -3.02669 1.25014
C -7.58413 -4.44058 0.78172
O -6.57525 -5.08388 1.03251
O -2.0138 -4.2487 1.80949
O -8.52353 -4.94642 -0.06535
O -4.35171 -1.9679 0.77172
C -8.52454 -6.19712 -0.64409
C -6.60811 -2.03141 3.01606
C -7.66602 -1.02699 3.47235
C -8.93418 -1.80937 3.19975
C -8.34087 -3.13737 2.71479
O -7.14228 -3.25714 3.44544
H -6.79095 -1.14349 1.02481
H -8.65539 -2.5729 0.61252
H -5.61196 -1.75307 3.4224
H -7.55637 -0.90048 4.57313
H -7.60736 -0.03231 2.97968
H -9.468 -1.95801 4.16473
H -9.62156 -1.35713 2.45206
H -9.07775 -3.95955 2.85557
O -6.75508 -6.80557 1.86524
C -1.47406 -2.98118 1.70499
C -2.29795 -7.01004 2.13492
C -2.1554 -8.18987 3.09927
C -3.44184 -8.94054 2.81903
C -4.04143 -8.06612 1.71152
O -2.90135 -7.61426 1.02496
H -3.24663 -5.97164 3.77296
H -5.1419 -7.018 3.28421
H -1.5056 -2.46315 2.68819
H -1.3004 -6.55361 1.96335
H -1.30087 -8.81421 2.75209
H -1.99141 -7.90399 4.16056
H -3.17906 -9.93833 2.40093
H -4.12081 -9.06861 3.68928
H -4.77123 -8.6621 1.12162
H -2.00047 -2.38384 0.93775
H -0.41569 -3.07188 1.38529
H -9.43179 -6.29894 -1.2741
H -8.56127 -6.98543 0.13529
H -7.63606 -6.32595 -1.29416
H -3.26356 -4.10038 -0.02691
H -4.19318 -3.95275 -1.13325
H -4.99707 -5.8295 -1.65914
H -3.65003 -6.53059 -0.82896
$end

$opt
CONSTRAINT
tors           1           2           3           4     +66.316
tors           3           4           5           6    +104.211
tors           4           5           6           7     -85.263
tors           5           6           7           8     -28.421
tors           6           7           8           9     -28.421
tors           7           8           9          10    -180.000
tors           8           9          10          11    -180.000
tors           9          10          11          12      -9.474
tors          11          12          13          14     +28.421
ENDCONSTRAINT
$end

$rem
JOBTYPE                   OPT
METHOD                    B3LYP
DFT_D                     d3_op
BASIS                     STO-3G
GEOM_OPT_MAX_CYCLES       100
GEOM_OPT_TOL_GRADIENT     300
GEOM_OPT_TOL_DISPLACEMENT 1200
GEOM_OPT_TOL_ENERGY       100
SYMMETRY                  False
THRESH                    12
SCF_CONVERGENCE           8
MAX_SUB_FILE_NUM          128
MEM_STATIC                400
MEM_TOTAL                 4000
$end
