$molecule
0  1
O -3.94934 -3.66094 2.70899
C -3.26408 -4.56952 2.26188
C -3.36658 -6.02376 2.66595
C -4.06137 -6.97914 1.68189
C -4.41791 -6.40938 0.32677
O -4.63446 -5.0649 0.4311
C -5.37818 -4.52738 -0.66763
C -6.63463 -3.82775 -0.15971
O -7.6938 -4.78351 0.00629
C -8.7129 -4.39078 0.81025
C -8.41693 -3.10887 1.55169
C -8.73074 -1.82323 0.77263
C -9.60576 -1.99045 -0.45337
O -10.78887 -1.69122 -0.52595
O -2.32892 -4.26858 1.3165
O -9.0381 -2.553 -1.54948
O -9.6819 -5.10544 1.01564
C -9.69613 -2.80384 -2.73551
C -9.40456 -2.89877 2.74816
C -8.77645 -1.98518 3.8054
C -8.74885 -0.67496 3.05191
C -9.57333 -1.06437 1.81811
O -10.43366 -2.07828 2.26498
H -7.48414 -3.18878 2.14386
H -7.82779 -1.24931 0.4717
H -9.73089 -3.8442 3.23494
H -9.52173 -1.90888 4.63046
H -7.8022 -2.30132 4.2365
H -9.25416 0.09698 3.67322
H -7.73891 -0.3253 2.74554
H -10.06598 -0.16449 1.38664
O -4.76335 -7.1146 -0.61453
C -2.0798 -2.99654 0.84491
C -1.98761 -6.68285 2.81311
C -2.08924 -7.92881 3.69323
C -2.77894 -8.88537 2.74441
C -2.91422 -8.00058 1.5023
O -1.74801 -7.21293 1.53432
H -3.90885 -6.02843 3.63831
H -4.96838 -7.48088 2.0862
H -1.74787 -2.33924 1.67666
H -1.21679 -5.98729 3.2122
H -1.05951 -8.30446 3.88822
H -2.61196 -7.7567 4.65878
H -2.0786 -9.72106 2.51999
H -3.74964 -9.29412 3.09908
H -3.04196 -8.63957 0.60083
H -2.99406 -2.57424 0.37646
H -1.27576 -3.04259 0.08227
H -8.98769 -3.26701 -3.45248
H -10.077 -1.85508 -3.17025
H -10.54023 -3.50534 -2.56331
H -6.19905 -3.27047 0.68436
H -6.91068 -3.12044 -0.9577
H -5.64423 -5.21055 -1.50487
H -4.71987 -3.74974 -1.11361
$end

$opt
CONSTRAINT
tors           1           2           3           4    +104.211
tors           3           4           5           6     -28.421
tors           4           5           6           7    -161.053
tors           5           6           7           8    +123.158
tors           6           7           8           9     -85.263
tors           7           8           9          10    +161.053
tors           8           9          10          11      -9.474
tors           9          10          11          12     +85.263
tors          11          12          13          14    +104.211
ENDCONSTRAINT
$end

$rem
JOBTYPE                   OPT
METHOD                    B3LYP
DFT_D                     d3_op
BASIS                     STO-3G
GEOM_OPT_MAX_CYCLES       100
GEOM_OPT_TOL_GRADIENT     300
GEOM_OPT_TOL_DISPLACEMENT 1200
GEOM_OPT_TOL_ENERGY       100
SYMMETRY                  False
THRESH                    12
SCF_CONVERGENCE           8
MAX_SUB_FILE_NUM          128
MEM_STATIC                400
MEM_TOTAL                 4000
$end
