$molecule
0  1
O -3.94934 -3.66094 2.70899
C -3.26408 -4.56952 2.26188
C -3.36658 -6.02376 2.66595
C -3.63629 -7.04588 1.54953
C -3.59671 -6.52161 0.1312
O -3.02515 -7.45041 -0.69103
C -3.64498 -7.51922 -1.97957
C -2.95564 -8.57405 -2.83879
O -3.58132 -8.63881 -4.12999
C -4.05786 -9.85738 -4.48658
C -5.53086 -9.83883 -4.81912
C -6.39311 -10.80465 -3.99329
C -5.74341 -11.36853 -2.74564
O -4.78479 -12.12698 -2.72666
O -2.38121 -4.3312 1.2774
O -6.28391 -10.94855 -1.59207
O -3.34192 -10.83507 -4.64804
C -5.79875 -11.33687 -0.36143
C -6.29472 -8.51278 -4.57779
C -7.53404 -8.48797 -5.47961
C -8.41231 -9.50933 -4.79328
C -7.54266 -9.85855 -3.58738
O -6.86266 -8.65851 -3.30027
H -5.57366 -10.09429 -5.90025
H -6.74469 -11.65923 -4.60906
H -5.67941 -7.59507 -4.70615
H -8.01455 -7.48894 -5.40983
H -7.33469 -8.70995 -6.5475
H -9.35154 -9.0285 -4.45055
H -8.66391 -10.39081 -5.41736
H -8.15709 -10.25013 -2.74204
O -4.06401 -5.46021 -0.26228
C -2.20785 -3.07308 0.75279
C -2.03587 -6.5767 3.22265
C -2.32493 -7.80736 4.09199
C -2.65595 -8.83597 3.03613
C -2.44822 -8.01057 1.77491
O -1.39515 -7.13824 2.10353
H -4.15463 -6.06373 3.44913
H -4.61867 -7.5424 1.69708
H -1.86334 -2.44703 1.58345
H -1.42552 -5.8184 3.76364
H -1.39676 -8.11415 4.61899
H -3.12696 -7.66054 4.84284
H -1.91018 -9.65845 3.06484
H -3.67284 -9.27228 3.11894
H -2.22435 -8.68086 0.91324
H -3.16829 -2.70722 0.34572
H -1.4523 -3.10715 -0.04137
H -6.46435 -10.95226 0.41967
H -4.78965 -10.921 -0.25797
H -5.79763 -12.43382 -0.35625
H -1.87068 -8.36765 -2.93701
H -3.04405 -9.56021 -2.3278
H -3.57958 -6.53235 -2.48598
H -4.71711 -7.78846 -1.86858
$end

$opt
CONSTRAINT
tors           1           2           3           4    +123.158
tors           3           4           5           6    +142.105
tors           4           5           6           7    +142.105
tors           5           6           7           8    -180.000
tors           6           7           8           9    -180.000
tors           7           8           9          10    -123.158
tors           8           9          10          11    +123.158
tors           9          10          11          12    -123.158
tors          11          12          13          14     -66.316
ENDCONSTRAINT
$end

$rem
JOBTYPE                   OPT
METHOD                    B3LYP
DFT_D                     d3_op
BASIS                     STO-3G
GEOM_OPT_MAX_CYCLES       100
GEOM_OPT_TOL_GRADIENT     300
GEOM_OPT_TOL_DISPLACEMENT 1200
GEOM_OPT_TOL_ENERGY       100
SYMMETRY                  False
THRESH                    12
SCF_CONVERGENCE           8
MAX_SUB_FILE_NUM          128
MEM_STATIC                400
MEM_TOTAL                 4000
$end
