$molecule
0  1
O -3.94934 -3.66094 2.70899
C -3.26408 -4.56952 2.26188
C -3.36658 -6.02376 2.66595
C -2.76261 -7.06348 1.7078
C -1.9673 -6.5228 0.54022
O -1.16128 -7.50256 0.03441
C -1.38372 -7.75194 -1.35756
C -1.73594 -9.21927 -1.57894
O -0.60615 -10.04714 -1.26097
C -0.24025 -10.05789 0.04484
C -1.40824 -10.25546 0.98154
C -2.3591 -11.39885 0.59836
C -1.8302 -12.38305 -0.42551
O -2.48836 -12.90277 -1.31505
O -2.07914 -4.1542 1.72186
O -0.52617 -12.77888 -0.31962
O 0.92078 -10.22746 0.38235
C 0.09532 -13.67547 -1.16357
C -1.05752 -10.7972 2.41492
C -2.33259 -10.78875 3.31004
C -2.9852 -12.07068 2.99994
C -2.18502 -12.39925 1.80003
O -0.86373 -12.16408 2.22551
H -2.00858 -9.36643 1.05029
H -3.42578 -11.14763 0.4058
H -0.21328 -10.25965 2.89487
H -2.16946 -10.7702 4.40838
H -3.03977 -10.07078 2.88093
H -2.72118 -12.82978 3.77408
H -4.09067 -12.03707 2.8753
H -2.41842 -13.47553 1.58968
O -2.44338 -5.65282 -0.18289
C -1.74461 -2.84481 1.43846
C -2.34609 -5.89879 3.85067
C -2.59411 -6.87337 4.93557
C -2.35812 -8.0887 4.14206
C -1.71228 -7.52719 2.8211
O -1.15591 -6.33529 3.27875
H -4.38599 -6.25002 3.05124
H -3.50154 -7.82855 1.38876
H -1.74944 -2.23655 2.368
H -2.26823 -4.91004 4.37323
H -1.78136 -6.73169 5.68751
H -3.58535 -6.80767 5.43753
H -1.66681 -8.7095 4.74917
H -3.37697 -8.48862 3.98403
H -0.91941 -8.18857 2.45208
H -2.46192 -2.41902 0.70472
H -0.72609 -2.81745 1.00013
H 1.14885 -13.80603 -0.84217
H 0.08409 -13.28945 -2.20524
H -0.41721 -14.66008 -1.12048
H -2.68453 -9.49416 -1.08182
H -1.92831 -9.34906 -2.66523
H -0.4538 -7.51436 -1.91729
H -2.20764 -7.16825 -1.8264
$end

$opt
CONSTRAINT
tors           1           2           3           4    +161.053
tors           3           4           5           6    +161.053
tors           4           5           6           7    +123.158
tors           5           6           7           8    -123.158
tors           6           7           8           9     -66.316
tors           7           8           9          10     +66.316
tors           8           9          10          11     +47.368
tors           9          10          11          12     +47.368
tors          11          12          13          14    -142.105
ENDCONSTRAINT
$end

$rem
JOBTYPE                   OPT
METHOD                    B3LYP
DFT_D                     d3_op
BASIS                     STO-3G
GEOM_OPT_MAX_CYCLES       100
GEOM_OPT_TOL_GRADIENT     300
GEOM_OPT_TOL_DISPLACEMENT 1200
GEOM_OPT_TOL_ENERGY       100
SYMMETRY                  False
THRESH                    12
SCF_CONVERGENCE           8
MAX_SUB_FILE_NUM          128
MEM_STATIC                400
MEM_TOTAL                 4000
$end
