$molecule
0  1
O -3.94934 -3.66094 2.70899
C -3.26408 -4.56952 2.26188
C -3.36658 -6.02376 2.66595
C -2.40867 -7.01244 1.98128
C -1.33566 -6.41165 1.10049
O -1.88678 -5.47972 0.26791
C -2.75645 -4.56513 0.94352
C -1.95817 -3.6992 1.91257
O -2.48805 -3.83492 3.24061
C -1.60298 -4.24587 4.18238
C -0.78449 -5.43584 3.74115
C -0.11441 -6.21865 4.87978
C -0.63373 -5.93121 6.2742
O -1.08691 -6.76287 7.0472
O -2.562 -2.89065 0.09502
O -0.31226 -4.73643 6.89581
O -1.82349 -3.857 5.31323
C -0.60764 -4.4095 8.20483
C 0.55947 -5.77968 2.83542
C 2.03234 -5.45645 3.30921
C 2.31662 -6.65663 4.22657
C 0.8954 -7.22998 4.28276
O 0.58122 -7.18126 2.92518
H -0.20195 -4.48668 3.6898
H 0.65697 -5.50454 5.21345
H 0.60217 -5.36227 1.81202
H 2.76996 -5.50195 2.47668
H 2.08651 -4.4553 3.78995
H 2.94798 -7.40652 3.69764
H 2.78003 -6.39558 5.20254
H 0.80629 -8.24638 4.72026
O -0.49789 -7.15971 0.61542
C -2.02908 -3.01877 -1.19578
C -3.56959 -6.68901 4.05163
C -4.50297 -7.90327 3.92812
C -3.58764 -8.89721 3.21051
C -2.28671 -8.07845 3.10629
O -2.36124 -7.35503 4.30788
H -4.36845 -6.18265 2.1979
H -2.97287 -7.54253 1.17692
H -1.87398 -4.06079 -1.52521
H -3.92327 -5.97656 4.82668
H -4.6999 -8.28617 4.95504
H -5.47578 -7.70473 3.42909
H -3.42181 -9.76443 3.88831
H -3.96188 -9.26971 2.23287
H -1.41584 -8.75209 2.96876
H -1.06121 -2.47917 -1.24287
H -2.72929 -2.54923 -1.91637
H -0.23355 -3.38711 8.41719
H -0.11312 -5.122 8.89888
H -1.70686 -4.4294 8.36383
H -0.89235 -3.94274 1.78369
H -1.67483 -2.59411 1.90916
H -3.75433 -4.5983 0.2074
H -3.75433 -4.5983 0.2074
$end

$opt
CONSTRAINT
tors           1           2           3           4    -180.000
tors           3           4           5           6     -47.368
tors           4           5           6           7     +47.368
tors           5           6           7           8     +66.316
tors           6           7           8           9    -123.158
tors           7           8           9          10    +123.158
tors           8           9          10          11     -47.368
tors           9          10          11          12    -161.053
tors          11          12          13          14    +123.158
ENDCONSTRAINT
$end

$rem
JOBTYPE                   OPT
METHOD                    B3LYP
DFT_D                     d3_op
BASIS                     STO-3G
GEOM_OPT_MAX_CYCLES       100
GEOM_OPT_TOL_GRADIENT     300
GEOM_OPT_TOL_DISPLACEMENT 1200
GEOM_OPT_TOL_ENERGY       100
SYMMETRY                  False
THRESH                    12
SCF_CONVERGENCE           8
MAX_SUB_FILE_NUM          128
MEM_STATIC                400
MEM_TOTAL                 4000
$end
