$molecule
0  1
O -3.94934 -3.66094 2.70899
C -3.26408 -4.56952 2.26188
C -3.36658 -6.02376 2.66595
C -4.76371 -6.66479 2.63506
C -5.87455 -5.83231 2.03414
O -6.33572 -6.42723 0.89448
C -7.11066 -5.54691 0.07366
C -6.64917 -5.63864 -1.37711
O -6.83613 -6.97595 -1.86653
C -6.84759 -7.10663 -3.21632
C -7.68819 -8.2693 -3.68776
C -7.89813 -8.34219 -5.20726
C -6.97078 -7.48427 -6.04435
O -5.8799 -7.83058 -6.474
O -2.40465 -4.2751 1.24942
O -7.44304 -6.25215 -6.37417
O -6.3463 -6.24551 -3.92625
C -6.75766 -5.3385 -7.14739
C -7.0631 -9.64197 -3.39346
C -8.1613 -10.70282 -3.35179
C -8.53892 -10.7745 -4.81759
C -7.49708 -9.82143 -5.41676
O -6.37801 -9.96834 -4.57503
H -8.66718 -8.17788 -3.16406
H -8.94352 -8.16372 -5.54363
H -6.46509 -9.66287 -2.45621
H -7.67721 -11.66285 -3.06143
H -9.00141 -10.49109 -2.65579
H -8.36798 -11.81528 -5.17208
H -9.57547 -10.45405 -5.05913
H -7.33171 -10.06174 -6.49063
O -6.33048 -4.8156 2.54301
C -2.22248 -3.01456 0.71995
C -2.56826 -7.00836 1.78357
C -2.22393 -8.26257 2.58382
C -3.58231 -8.91852 2.6763
C -4.41892 -7.94987 1.83279
O -3.51615 -7.48336 0.85993
H -2.96353 -6.046 3.70339
H -5.12188 -6.94129 3.65158
H -1.86031 -2.31804 1.50607
H -1.63506 -6.58284 1.35648
H -1.56824 -8.8961 1.94408
H -1.71832 -8.07569 3.5556
H -3.5253 -9.91162 2.17689
H -3.98591 -9.03616 3.70513
H -5.31477 -8.49101 1.45789
H -3.17647 -2.63742 0.29317
H -1.4651 -3.06597 -0.08886
H -7.37175 -4.42122 -7.25659
H -6.56208 -5.76085 -8.15616
H -5.79628 -5.06937 -6.65981
H -7.29206 -4.92965 -1.94939
H -5.58513 -5.33074 -1.47762
H -7.06234 -4.47322 0.36853
H -8.17448 -5.8654 0.11802
$end

$opt
CONSTRAINT
tors           1           2           3           4     +50.995
tors           3           4           5           6    +114.846
tors           4           5           6           7    -163.745
tors           5           6           7           8    +132.420
tors           6           7           8           9     +61.275
tors           7           8           9          10    +161.192
tors           8           9          10          11    -151.128
tors           9          10          11          12    +171.662
tors          11          12          13          14     +88.938
ENDCONSTRAINT
$end

$rem
JOBTYPE                   OPT
METHOD                    B3LYP
DFT_D                     d3_op
BASIS                     STO-3G
GEOM_OPT_MAX_CYCLES       100
GEOM_OPT_TOL_GRADIENT     300
GEOM_OPT_TOL_DISPLACEMENT 1200
GEOM_OPT_TOL_ENERGY       100
SYMMETRY                  False
THRESH                    12
SCF_CONVERGENCE           8
MAX_SUB_FILE_NUM          128
MEM_STATIC                400
MEM_TOTAL                 4000
$end
