$molecule
0  1
O -3.94934 -3.66094 2.70899
C -3.26408 -4.56952 2.26188
C -3.36658 -6.02376 2.66595
C -4.64711 -6.77531 2.26688
C -5.60421 -6.04006 1.35503
O -6.89074 -6.26378 1.75529
C -7.14876 -5.82446 3.09308
C -7.23855 -4.30261 3.13845
O -5.95778 -3.7466 3.47514
C -5.78702 -2.43986 3.15511
C -6.66366 -1.51595 3.96663
C -6.48313 -0.02117 3.66445
C -5.74331 0.30945 2.3838
O -5.7087 1.40807 1.84864
O -2.30949 -4.27457 1.33946
O -4.51827 -0.29675 2.29296
O -5.79955 -2.25573 1.93944
C -3.41116 0.14503 1.57795
C -8.23655 -1.52205 3.73488
C -8.93864 -1.00187 4.99217
C -8.60496 0.4668 4.91595
C -7.90872 0.50598 3.55469
O -8.51146 -0.50408 2.80767
H -6.47661 -1.75508 5.03771
H -5.90948 0.48702 4.47146
H -8.76464 -2.44058 3.4755
H -10.03522 -1.11121 4.82216
H -8.67398 -1.50922 5.94459
H -9.55411 1.04743 4.90041
H -7.93879 0.84487 5.7218
H -7.95762 1.52897 3.1208
O -5.32185 -5.61096 0.24631
C -2.09317 -3.03643 0.78874
C -2.29451 -6.91002 1.99042
C -2.12146 -8.22434 2.75765
C -3.35595 -8.96886 2.30947
C -4.01206 -7.91015 1.42106
O -2.91122 -7.30161 0.79329
H -3.20734 -6.03173 3.76696
H -5.10822 -7.31438 3.11167
H -1.83709 -2.30831 1.58651
H -1.30448 -6.41282 1.89828
H -1.2265 -8.76572 2.37681
H -2.02891 -8.07287 3.85483
H -3.03935 -9.81212 1.65462
H -4.00193 -9.36001 3.12466
H -4.74423 -8.40246 0.74184
H -2.99846 -2.72221 0.22911
H -1.24382 -3.09903 0.07823
H -3.19997 -0.55625 0.7549
H -2.53647 0.19741 2.2581
H -3.5437 1.14484 1.11509
H -7.70502 -3.90569 2.20726
H -7.86052 -4.15673 4.04609
H -6.57478 -6.23657 3.94309
H -8.18411 -6.1855 3.28099
$end

$opt
CONSTRAINT
tors           1           2           3           4     +67.886
tors           3           4           5           6    -139.177
tors           4           5           6           7     +59.891
tors           5           6           7           8     +74.211
tors           6           7           8           9     -93.880
tors           7           8           9          10    +160.580
tors           8           9          10          11     +67.191
tors           9          10          11          12    +178.621
tors          11          12          13          14    +165.978
ENDCONSTRAINT
$end

$rem
JOBTYPE                   OPT
METHOD                    B3LYP
DFT_D                     d3_op
BASIS                     STO-3G
GEOM_OPT_MAX_CYCLES       100
GEOM_OPT_TOL_GRADIENT     300
GEOM_OPT_TOL_DISPLACEMENT 1200
GEOM_OPT_TOL_ENERGY       100
SYMMETRY                  False
THRESH                    12
SCF_CONVERGENCE           8
MAX_SUB_FILE_NUM          128
MEM_STATIC                400
MEM_TOTAL                 4000
$end
