$molecule
0  1
O -3.94934 -3.66094 2.70899
C -3.26408 -4.56952 2.26188
C -3.36658 -6.02376 2.66595
C -4.71828 -6.50621 3.21732
C -5.8678 -5.52628 3.13726
O -6.05205 -4.92703 4.35067
C -7.33029 -4.29534 4.47847
C -7.48036 -3.68937 5.87002
O -7.46817 -4.72932 6.86059
C -6.38032 -4.75083 7.67008
C -6.43727 -5.851 8.70306
C -5.20266 -5.95117 9.6108
C -4.27619 -4.7519 9.60092
O -3.95603 -4.09546 10.58131
O -2.20044 -4.24522 1.47935
O -3.44087 -4.68701 8.52437
O -5.48298 -3.9387 7.52637
C -2.4023 -3.78833 8.38805
C -7.5581 -5.67571 9.74351
C -7.92445 -7.03806 10.32755
C -6.68479 -7.33567 11.14695
C -5.91918 -6.01666 10.97734
O -6.93064 -5.04831 10.83427
H -6.59236 -6.7992 8.13924
H -4.58479 -6.85426 9.40976
H -8.46287 -5.17019 9.34106
H -8.77882 -6.87059 11.02223
H -8.20302 -7.82015 9.58885
H -6.99324 -7.48564 12.20539
H -6.08021 -8.20074 10.79795
H -5.22186 -5.87168 11.83153
O -6.4105 -5.1663 2.09852
C -1.90275 -2.9654 1.06009
C -3.26722 -6.95941 1.43229
C -2.81127 -8.35211 1.86807
C -4.06038 -8.85419 2.55931
C -5.01378 -7.68751 2.28324
O -4.59687 -7.19072 1.03728
H -2.4984 -6.24015 3.32782
H -4.61476 -6.82843 4.27901
H -1.71784 -2.30784 1.93626
H -2.58728 -6.58267 0.63768
H -2.65766 -8.95081 0.94144
H -1.88345 -8.38116 2.47885
H -4.40689 -9.77366 2.0371
H -3.95439 -9.05199 3.64802
H -6.07256 -8.02333 2.349
H -2.74002 -2.55782 0.45401
H -0.98775 -2.99154 0.43355
H -1.89989 -3.95893 7.41388
H -1.66063 -3.93192 9.20257
H -2.79206 -2.74827 8.41283
H -6.71235 -2.8933 5.98157
H -8.46042 -3.17107 5.93522
H -8.14551 -5.03853 4.32441
H -7.4322 -3.47881 3.72811
$end

$opt
CONSTRAINT
tors           1           2           3           4     +25.428
tors           3           4           5           6    -100.129
tors           4           5           6           7    -162.811
tors           5           6           7           8    +178.177
tors           6           7           8           9     -64.284
tors           7           8           9          10    +111.629
tors           8           9          10          11    +179.054
tors           9          10          11          12    +177.780
tors          11          12          13          14    +122.758
ENDCONSTRAINT
$end

$rem
JOBTYPE                   OPT
METHOD                    B3LYP
DFT_D                     d3_op
BASIS                     STO-3G
GEOM_OPT_MAX_CYCLES       100
GEOM_OPT_TOL_GRADIENT     300
GEOM_OPT_TOL_DISPLACEMENT 1200
GEOM_OPT_TOL_ENERGY       100
SYMMETRY                  False
THRESH                    12
SCF_CONVERGENCE           8
MAX_SUB_FILE_NUM          128
MEM_STATIC                400
MEM_TOTAL                 4000
$end
