$molecule
0  1
O -3.94934 -3.66094 2.70899
C -3.26408 -4.56952 2.26188
C -3.36658 -6.02376 2.66595
C -4.71828 -6.50621 3.21732
C -5.8678 -5.52628 3.13726
O -6.05205 -4.92703 4.35067
C -7.42986 -4.82747 4.72614
C -7.54738 -4.47238 6.20473
O -8.78726 -4.97122 6.73081
C -8.67555 -5.98418 7.62556
C -7.24099 -6.34452 7.93027
C -7.06102 -7.47997 8.94843
C -8.29456 -8.31255 9.23462
O -8.33642 -9.28767 9.97079
O -2.19188 -4.24279 1.49181
O -9.21005 -8.40976 8.22534
O -9.56492 -6.05204 8.46259
C -10.28802 -9.27373 8.18469
C -6.33683 -7.05324 6.83003
C -4.85749 -6.77846 7.13913
C -4.64781 -7.66938 8.33584
C -5.99727 -8.38557 8.35859
O -6.4163 -8.4392 7.03503
H -6.73888 -5.4821 8.42898
H -6.76104 -7.09033 9.94826
H -6.52885 -6.81672 5.79412
H -4.25129 -7.21338 6.31936
H -4.5624 -5.71617 7.27161
H -3.81586 -8.37689 8.12064
H -4.45721 -7.13867 9.29418
H -5.92088 -9.36174 8.88678
O -6.73656 -5.56794 2.27152
C -1.8833 -2.96055 1.08801
C -3.24359 -6.95225 1.43196
C -2.78591 -8.34347 1.86843
C -4.04235 -8.85382 2.53572
C -4.99262 -7.68414 2.25907
O -4.5663 -7.18067 1.02026
H -2.50573 -6.22977 3.34043
H -4.65223 -6.892 4.24614
H -1.70203 -2.31321 1.97258
H -2.55461 -6.56949 0.64812
H -2.61082 -8.93934 0.94384
H -1.86966 -8.36473 2.49683
H -4.3828 -9.76468 1.99453
H -3.95112 -9.07001 3.62233
H -6.04713 -8.03603 2.30844
H -2.71279 -2.5417 0.47904
H -0.96279 -2.98567 0.46955
H -10.85217 -9.10513 7.24479
H -10.96165 -9.08265 9.04662
H -9.93851 -10.32783 8.20437
H -6.56271 -4.53952 6.68438
H -7.59996 -3.36428 6.25638
H -7.92083 -5.81777 4.58044
H -7.99772 -4.1129 4.08931
$end

$opt
CONSTRAINT
tors           1           2           3           4     +25.428
tors           3           4           5           6    -100.129
tors           4           5           6           7    -136.667
tors           5           6           7           8    +166.235
tors           6           7           8           9    -152.855
tors           7           8           9          10    +111.629
tors           8           9          10          11      +2.411
tors           9          10          11          12    +179.515
tors          11          12          13          14    +176.933
ENDCONSTRAINT
$end

$rem
JOBTYPE                   OPT
METHOD                    B3LYP
DFT_D                     d3_op
BASIS                     STO-3G
GEOM_OPT_MAX_CYCLES       100
GEOM_OPT_TOL_GRADIENT     300
GEOM_OPT_TOL_DISPLACEMENT 1200
GEOM_OPT_TOL_ENERGY       100
SYMMETRY                  False
THRESH                    12
SCF_CONVERGENCE           8
MAX_SUB_FILE_NUM          128
MEM_STATIC                400
MEM_TOTAL                 4000
$end
