$molecule
0  1
O -3.94934 -3.66094 2.70899
C -3.26408 -4.56952 2.26188
C -3.36658 -6.02376 2.66595
C -4.74346 -6.52967 3.12649
C -5.90306 -5.57224 2.96289
O -7.04367 -6.1357 3.45982
C -7.927 -6.61262 2.43927
C -7.26647 -7.74459 1.65924
O -8.18673 -8.83692 1.50821
C -8.76288 -8.94921 0.28568
C -9.70119 -10.12811 0.1835
C -9.40642 -11.27654 1.15946
C -8.47466 -10.94509 2.30779
O -8.74129 -11.06672 3.49467
O -2.35545 -4.26574 1.29665
O -7.15339 -11.0061 1.96815
O -8.74391 -8.05485 -0.55046
C -6.1379 -11.26806 2.86632
C -11.15851 -9.79314 0.54159
C -12.08983 -10.79515 -0.13635
C -11.77912 -12.04894 0.65641
C -10.83272 -11.47556 1.71966
O -11.27716 -10.15144 1.896
H -9.64165 -10.48172 -0.871
H -9.01743 -12.1905 0.65797
H -11.44863 -8.7518 0.28108
H -13.13095 -10.47509 0.09638
H -11.97483 -10.8906 -1.23752
H -12.72369 -12.41345 1.1178
H -11.29303 -12.86699 0.08185
H -10.84857 -12.12025 2.62579
O -5.98526 -4.87008 1.96112
C -2.14379 -2.99896 0.79368
C -2.8406 -7.038 1.63741
C -2.09958 -8.13329 2.37399
C -3.24138 -8.70139 3.17189
C -4.44864 -7.97864 2.49825
O -3.99365 -7.69079 1.20673
H -2.68397 -6.02843 3.54928
H -4.7313 -6.67992 4.22967
H -1.81694 -2.31448 1.60544
H -2.2033 -6.62499 0.82749
H -1.77943 -8.86741 1.59896
H -1.21794 -7.82557 2.97667
H -3.22097 -9.80636 3.0275
H -3.21623 -8.47228 4.25943
H -5.11493 -8.82517 2.53699
H -3.07506 -2.61199 0.3274
H -1.34899 -3.04263 0.02113
H -5.166 -11.25021 2.33294
H -6.27611 -12.27773 3.30843
H -6.13313 -10.51388 3.6816
H -6.5242 -7.55925 0.85473
H -6.86284 -8.17078 2.55285
H -8.30263 -5.81282 1.76411
H -8.81377 -7.0143 2.97937
$end

$opt
CONSTRAINT
tors           1           2           3           4     +29.498
tors           3           4           5           6    -177.637
tors           4           5           6           7    -103.758
tors           5           6           7           8     +64.088
tors           6           7           8           9    +133.389
tors           7           8           9          10    +103.073
tors           8           9          10          11    +179.054
tors           9          10          11          12     -25.025
tors          11          12          13          14    +122.758
ENDCONSTRAINT
$end

$rem
JOBTYPE                   OPT
METHOD                    B3LYP
DFT_D                     d3_op
BASIS                     STO-3G
GEOM_OPT_MAX_CYCLES       100
GEOM_OPT_TOL_GRADIENT     300
GEOM_OPT_TOL_DISPLACEMENT 1200
GEOM_OPT_TOL_ENERGY       100
SYMMETRY                  False
THRESH                    12
SCF_CONVERGENCE           8
MAX_SUB_FILE_NUM          128
MEM_STATIC                400
MEM_TOTAL                 4000
$end
