$molecule
0  1
O -3.94934 -3.66094 2.70899
C -3.26408 -4.56952 2.26188
C -3.36658 -6.02376 2.66595
C -4.66875 -6.47318 3.34876
C -5.79207 -5.46104 3.39126
O -5.34858 -4.29908 3.9557
C -6.40434 -3.38028 4.2564
C -5.83931 -2.13019 4.92284
O -5.4166 -1.19065 3.92211
C -4.86025 -1.73332 2.81074
C -5.32686 -3.14551 2.54876
C -4.78708 -3.77644 1.25692
C -3.6103 -3.06767 0.61697
O -2.66069 -3.61641 0.07689
O -1.9035 -4.32677 2.20846
O -3.87676 -1.8267 0.10177
O -3.97559 -1.08067 2.28929
C -3.00704 -1.07796 -0.66786
C -4.15048 -3.78575 5.31824
C -6.32343 -5.03892 5.65336
C -7.68013 -4.56849 2.9334
C -5.52163 -4.41636 1.71636
O -3.61778 -4.71045 4.2853
H -6.19685 -2.41543 2.12928
H -5.46531 -3.43878 0.41569
H -3.30964 -3.40874 5.93714
H -6.03004 -6.0794 5.93311
H -6.94749 -4.68794 6.50926
H -8.35915 -5.40266 2.62044
H -8.33847 -3.70841 2.65157
H -5.57623 -5.31497 1.03099
O -6.69259 -6.29335 3.78595
C -1.25474 -3.18813 2.65772
C -3.30248 -6.99792 1.4591
C -2.7705 -8.35913 1.90941
C -3.947 -8.8555 2.72388
C -4.96235 -7.73411 2.45318
O -4.6337 -7.31261 1.159
H -2.45135 -6.31212 3.25454
H -4.47687 -6.8454 4.38811
H -1.43424 -3.05293 3.74492
H -2.69241 -6.60821 0.61504
H -2.67998 -8.98787 0.99427
H -1.79364 -8.35422 2.43912
H -4.28988 -9.81915 2.28537
H -3.75512 -8.98317 3.81097
H -5.98604 -8.14971 2.56848
H -1.5926 -2.28365 2.11551
H -0.16472 -3.30542 2.49083
H -3.49072 -0.11467 -0.92924
H -2.75658 -1.61805 -1.60545
H -2.07854 -0.86739 -0.09516
H -6.69864 -1.5807 5.40164
H -5.30625 -1.98339 5.89066
H -7.40036 -3.43718 4.84784
H -7.12755 -2.64654 3.75399
$end

$opt
CONSTRAINT
tors           1           2           3           4     +19.379
tors           3           4           5           6     -54.269
tors           4           5           6           7    -169.214
tors           5           6           7           8    +178.177
tors           6           7           8           9     +86.037
tors           7           8           9          10     -36.695
tors           8           9          10          11     +25.694
tors           9          10          11          12    +176.672
tors          11          12          13          14    +141.807
ENDCONSTRAINT
$end

$rem
JOBTYPE                   OPT
METHOD                    B3LYP
DFT_D                     d3_op
BASIS                     STO-3G
GEOM_OPT_MAX_CYCLES       100
GEOM_OPT_TOL_GRADIENT     300
GEOM_OPT_TOL_DISPLACEMENT 1200
GEOM_OPT_TOL_ENERGY       100
SYMMETRY                  False
THRESH                    12
SCF_CONVERGENCE           8
MAX_SUB_FILE_NUM          128
MEM_STATIC                400
MEM_TOTAL                 4000
$end
