$molecule
0  1
O -3.94934 -3.66094 2.70899
C -3.26408 -4.56952 2.26188
C -3.36658 -6.02376 2.66595
C -4.68585 -6.74864 2.35304
C -5.68912 -5.99032 1.5125
O -5.72251 -4.68072 1.89883
C -6.78444 -3.94027 1.28785
C -8.06331 -4.0826 2.1066
O -9.17596 -3.54638 1.37354
C -9.52042 -4.2298 0.25398
C -10.98222 -4.08583 -0.09684
C -11.28386 -4.02456 -1.60135
C -10.16154 -4.46652 -2.51883
O -10.22981 -5.37266 -3.33663
O -2.34112 -4.2584 1.31194
O -9.04376 -3.69149 -2.50497
O -8.88767 -5.1929 -0.16559
C -7.9315 -3.91287 -3.28959
C -11.83865 -5.30609 0.30572
C -13.28978 -4.86807 0.4928
C -13.67973 -4.56825 -0.94117
C -12.424 -5.05901 -1.67465
O -11.92652 -6.09132 -0.85834
H -11.37747 -3.19472 0.44428
H -11.58396 -3.00416 -1.926
H -11.46873 -5.82222 1.2187
H -13.85013 -5.76835 0.83398
H -13.46256 -4.03972 1.21308
H -14.56948 -5.18471 -1.19796
H -13.87613 -3.49735 -1.16572
H -12.67631 -5.34057 -2.72059
O -6.22945 -6.43726 0.50673
C -2.13093 -2.98977 0.81312
C -2.37718 -6.95866 1.9282
C -2.13337 -8.22271 2.75283
C -3.45143 -8.94117 2.56699
C -4.15616 -7.98353 1.60228
O -3.1096 -7.44727 0.83049
H -3.13068 -6.04646 3.75347
H -5.2247 -7.01057 3.29041
H -1.82272 -2.30317 1.63033
H -1.39909 -6.48494 1.69551
H -1.33832 -8.80791 2.23713
H -1.83157 -8.04544 3.80751
H -3.25357 -9.91459 2.0651
H -4.03867 -9.10635 3.4962
H -4.95051 -8.52673 1.04545
H -3.0578 -2.61007 0.3321
H -1.32339 -3.02689 0.05357
H -7.17239 -3.13397 -3.0716
H -8.2036 -3.85733 -4.36526
H -7.49629 -4.90943 -3.06176
H -8.26731 -5.15372 2.33354
H -7.94405 -3.55356 3.07586
H -6.84993 -4.17326 0.20563
H -6.51775 -2.86214 1.29722
$end

$opt
CONSTRAINT
tors           1           2           3           4     +63.772
tors           3           4           5           6     -40.504
tors           4           5           6           7    -171.342
tors           5           6           7           8     +86.500
tors           6           7           8           9    -169.643
tors           7           8           9          10     +67.145
tors           8           9          10          11    +152.342
tors           9          10          11          12    +143.847
tors          11          12          13          14    +121.578
ENDCONSTRAINT
$end

$rem
JOBTYPE                   OPT
METHOD                    B3LYP
DFT_D                     d3_op
BASIS                     STO-3G
GEOM_OPT_MAX_CYCLES       100
GEOM_OPT_TOL_GRADIENT     300
GEOM_OPT_TOL_DISPLACEMENT 1200
GEOM_OPT_TOL_ENERGY       100
SYMMETRY                  False
THRESH                    12
SCF_CONVERGENCE           8
MAX_SUB_FILE_NUM          128
MEM_STATIC                400
MEM_TOTAL                 4000
$end
