$molecule
0  1
O -3.94934 -3.66094 2.70899
C -3.26408 -4.56952 2.26188
C -3.36658 -6.02376 2.66595
C -3.71324 -7.03682 1.5626
C -3.74389 -6.5071 0.14608
O -5.03467 -6.27256 -0.23378
C -5.18063 -6.08224 -1.64506
C -6.4358 -6.79061 -2.14395
O -7.13091 -7.39049 -1.03948
C -8.43848 -7.67552 -1.25895
C -9.07807 -8.42301 -0.11316
C -10.57374 -8.72275 -0.29041
C -11.11791 -8.5618 -1.69565
O -11.72547 -9.41745 -2.32279
O -2.30588 -4.25922 1.34862
O -11.32065 -7.26897 -2.08087
O -8.94522 -7.41378 -2.33744
C -11.96767 -6.88587 -3.2384
C -8.51281 -9.83647 0.10996
C -8.74692 -10.25221 1.56024
C -10.25134 -10.43748 1.56085
C -10.55675 -10.22388 0.07216
O -9.39794 -10.68061 -0.5842
H -8.91016 -7.79931 0.79451
H -11.2205 -8.12424 0.38875
H -7.4365 -9.93096 -0.15246
H -8.26531 -11.24792 1.69123
H -8.35513 -9.55334 2.33037
H -10.4743 -11.48343 1.86781
H -10.81836 -9.72296 2.19613
H -11.50514 -10.73861 -0.19688
O -2.75378 -6.16816 -0.49282
C -2.07068 -2.98973 0.86394
C -2.01838 -6.5886 3.14958
C -2.25047 -7.81129 4.03739
C -2.67399 -8.8352 3.00389
C -2.53261 -8.01176 1.71982
O -1.44997 -7.15393 1.9928
H -4.11142 -6.06652 3.49289
H -4.68777 -7.53823 1.76592
H -1.78897 -2.3084 1.69497
H -1.39933 -5.83454 3.68372
H -1.26375 -8.1169 4.45322
H -2.96794 -7.65126 4.87079
H -1.93055 -9.66333 3.00507
H -3.69845 -9.24668 3.13283
H -2.41819 -8.68222 0.83937
H -2.9769 -2.60327 0.35031
H -1.23607 -3.02842 0.13434
H -11.97997 -5.77832 -3.2983
H -13.01547 -7.25493 -3.23324
H -11.43187 -7.28662 -4.12533
H -7.04633 -6.05114 -2.71316
H -6.14283 -7.60847 -2.83837
H -4.30244 -6.33103 -2.28482
H -5.35765 -4.99205 -1.77661
$end

$opt
CONSTRAINT
tors           1           2           3           4    +119.865
tors           3           4           5           6    -100.129
tors           4           5           6           7    -165.780
tors           5           6           7           8    +139.208
tors           6           7           8           9      +2.485
tors           7           8           9          10    +159.982
tors           8           9          10          11    +174.457
tors           9          10          11          12    +177.780
tors          11          12          13          14    +125.621
ENDCONSTRAINT
$end

$rem
JOBTYPE                   OPT
METHOD                    B3LYP
DFT_D                     d3_op
BASIS                     STO-3G
GEOM_OPT_MAX_CYCLES       100
GEOM_OPT_TOL_GRADIENT     300
GEOM_OPT_TOL_DISPLACEMENT 1200
GEOM_OPT_TOL_ENERGY       100
SYMMETRY                  False
THRESH                    12
SCF_CONVERGENCE           8
MAX_SUB_FILE_NUM          128
MEM_STATIC                400
MEM_TOTAL                 4000
$end
