$molecule
0  1
O -3.94934 -3.66094 2.70899
C -3.26408 -4.56952 2.26188
C -3.36658 -6.02376 2.66595
C -4.22206 -6.35129 3.90075
C -5.02301 -5.21046 4.48818
O -4.21429 -4.12691 4.68135
C -4.78312 -3.14889 5.55837
C -4.14009 -3.24283 6.93815
O -4.59864 -4.42524 7.61233
C -4.0909 -4.62232 8.8543
C -5.06079 -4.25401 9.95172
C -5.44588 -5.40764 10.88934
C -4.55987 -6.63545 10.82481
O -4.69082 -7.64073 11.50805
O -2.41136 -4.30075 1.23868
O -3.51868 -6.73374 9.95814
O -2.88525 -4.48725 9.03956
C -2.66848 -7.81498 9.82125
C -4.50324 -3.24609 10.98342
C -5.65828 -2.51745 11.66948
C -6.23447 -3.63454 12.51622
C -5.20421 -4.73869 12.25143
O -4.00136 -4.04268 12.02872
H -5.95744 -3.78941 9.47911
H -6.49033 -5.75215 10.72522
H -3.79618 -2.50952 10.54284
H -5.20181 -1.75912 12.3457
H -6.38199 -2.01252 10.99412
H -6.2133 -3.31387 13.58136
H -7.25838 -3.96402 12.23531
H -5.1948 -5.47242 13.0877
O -6.23925 -5.22081 4.64242
C -2.21554 -3.04645 0.69985
C -4.06804 -6.88343 1.60026
C -3.64539 -8.34357 1.75161
C -4.37661 -8.71987 3.02412
C -5.14842 -7.42424 3.29803
O -5.41405 -6.91286 2.0133
H -2.3192 -6.3691 2.821
H -3.59394 -6.74158 4.73237
H -1.834 -2.35132 1.47811
H -3.88111 -6.53362 0.56133
H -4.09702 -8.9079 0.90442
H -2.54776 -8.51665 1.76472
H -5.08331 -9.54716 2.79056
H -3.72688 -9.00607 3.8794
H -6.03344 -7.63748 3.93646
H -3.16804 -2.65626 0.28168
H -1.46797 -3.114 -0.11688
H -1.92189 -7.59147 9.03185
H -3.24264 -8.71828 9.52369
H -2.1332 -8.00458 10.77602
H -3.03263 -3.23611 6.82741
H -4.44997 -2.35256 7.53029
H -5.89074 -3.17713 5.66526
H -4.54519 -2.15339 5.12716
$end

$opt
CONSTRAINT
tors           1           2           3           4     -11.166
tors           3           4           5           6     -50.424
tors           4           5           6           7    -163.703
tors           5           6           7           8    +102.933
tors           6           7           8           9     -72.496
tors           7           8           9          10    +179.806
tors           8           9          10          11    +102.351
tors           9          10          11          12    +119.418
tors          11          12          13          14    +178.606
ENDCONSTRAINT
$end

$rem
JOBTYPE                   OPT
METHOD                    B3LYP
DFT_D                     d3_op
BASIS                     STO-3G
GEOM_OPT_MAX_CYCLES       100
GEOM_OPT_TOL_GRADIENT     300
GEOM_OPT_TOL_DISPLACEMENT 1200
GEOM_OPT_TOL_ENERGY       100
SYMMETRY                  False
THRESH                    12
SCF_CONVERGENCE           8
MAX_SUB_FILE_NUM          128
MEM_STATIC                400
MEM_TOTAL                 4000
$end
