$molecule
0  1
O -3.94934 -3.66094 2.70899
C -3.26408 -4.56952 2.26188
C -3.36658 -6.02376 2.66595
C -3.51622 -6.32742 4.1657
C -3.72526 -5.13833 5.07699
O -2.85098 -5.19727 6.12465
C -3.06314 -4.16536 7.09388
C -2.69358 -4.66755 8.48577
O -3.88405 -4.98979 9.22185
C -4.68801 -5.92126 8.65161
C -5.90954 -6.23266 9.4832
C -6.96406 -7.10285 8.7839
C -6.50435 -7.81772 7.52917
O -7.18965 -8.56796 6.84942
O -2.25504 -4.26217 1.40495
O -5.25837 -8.37548 7.69761
O -4.60892 -6.17243 7.47159
C -4.63886 -9.35853 6.94259
C -5.61982 -7.07995 10.73722
C -6.72064 -6.848 11.77136
C -7.88753 -7.55248 11.10544
C -7.18209 -8.15996 9.88654
O -5.87197 -8.40487 10.34073
H -6.33795 -5.25298 9.79636
H -7.89087 -6.54539 8.52561
H -4.61985 -6.88193 11.18106
H -6.43287 -7.4207 12.68226
H -6.90366 -5.78808 12.05056
H -8.25316 -8.34883 11.79099
H -8.72924 -6.89392 10.79972
H -7.7404 -9.04663 9.51298
O -4.67745 -4.36882 5.00021
C -1.97864 -2.98828 0.95438
C -4.68341 -6.6238 2.13245
C -4.56529 -8.14373 2.03496
C -4.60186 -8.51941 3.49938
C -4.82368 -7.14164 4.13309
O -5.59865 -6.45468 3.18356
H -2.51963 -6.57176 2.19334
H -2.66526 -6.93861 4.54538
H -1.7309 -2.32456 1.81025
H -4.98748 -6.20294 1.1483
H -5.49507 -8.51842 1.5497
H -3.6822 -8.51282 1.47034
H -5.48961 -9.16817 3.66999
H -3.6862 -9.01649 3.88609
H -5.28 -7.24481 5.13582
H -2.85223 -2.57993 0.40255
H -1.1081 -3.02603 0.26791
H -3.68769 -8.95654 6.53708
H -5.26204 -9.71207 6.09605
H -4.40823 -10.22455 7.59606
H -1.95958 -5.50304 8.45479
H -2.22479 -3.83122 9.04815
H -4.01754 -3.59068 7.07987
H -2.27741 -3.41749 6.84821
$end

$opt
CONSTRAINT
tors           1           2           3           4     -43.184
tors           3           4           5           6    -130.164
tors           4           5           6           7    -174.992
tors           5           6           7           8    +148.235
tors           6           7           8           9    -102.476
tors           7           8           9          10     +58.164
tors           8           9          10          11    +179.054
tors           9          10          11          12    +170.429
tors          11          12          13          14    +178.796
ENDCONSTRAINT
$end

$rem
JOBTYPE                   OPT
METHOD                    B3LYP
DFT_D                     d3_op
BASIS                     STO-3G
GEOM_OPT_MAX_CYCLES       100
GEOM_OPT_TOL_GRADIENT     300
GEOM_OPT_TOL_DISPLACEMENT 1200
GEOM_OPT_TOL_ENERGY       100
SYMMETRY                  False
THRESH                    12
SCF_CONVERGENCE           8
MAX_SUB_FILE_NUM          128
MEM_STATIC                400
MEM_TOTAL                 4000
$end
