$molecule
0  1
O -3.94934 -3.66094 2.70899
C -3.26408 -4.56952 2.26188
C -3.36658 -6.02376 2.66595
C -4.71828 -6.50621 3.21732
C -5.8678 -5.52628 3.13726
O -6.05205 -4.92703 4.35067
C -7.23396 -4.12134 4.40716
C -8.22969 -4.71749 5.39673
O -8.66756 -6.00502 4.93477
C -9.40899 -6.7199 5.81703
C -9.85731 -8.05221 5.26513
C -10.65586 -8.92345 6.24572
C -11.18921 -8.21566 7.47506
O -12.36413 -8.16289 7.80872
O -2.20081 -4.24535 1.47878
O -10.26426 -7.99108 8.45171
O -9.67994 -6.24422 6.90762
C -10.5558 -7.51901 9.71548
C -10.84306 -7.94518 4.0884
C -10.76386 -9.21529 3.24477
C -11.39972 -10.21869 4.18614
C -11.84043 -9.28852 5.32438
O -12.11208 -8.06561 4.68212
H -8.93187 -8.57803 4.93609
H -10.09336 -9.81853 6.59235
H -10.68131 -7.04671 3.45376
H -11.44124 -9.06544 2.37343
H -9.75083 -9.4865 2.87697
H -12.27964 -10.66844 3.67485
H -10.72251 -11.01826 4.55722
H -12.68753 -9.74654 5.88073
O -6.35653 -5.14224 2.07959
C -1.90351 -2.96567 1.05882
C -3.26729 -6.96003 1.43256
C -2.81257 -8.35306 1.86891
C -4.06281 -8.85468 2.55863
C -5.01485 -7.68703 2.28266
O -4.59687 -7.19066 1.03684
H -2.49842 -6.24016 3.32778
H -4.61628 -6.83081 4.2783
H -1.71834 -2.30766 1.9346
H -2.58666 -6.58386 0.63828
H -2.65801 -8.95205 0.94263
H -1.88554 -8.38228 2.48088
H -4.41003 -9.77313 2.03509
H -3.958 -9.05393 3.64717
H -6.07422 -8.02161 2.34818
H -2.74109 -2.5585 0.45288
H -0.98875 -2.99194 0.43192
H -9.6144 -7.42575 10.29469
H -11.23124 -8.22581 10.24311
H -11.03561 -6.51925 9.64815
H -7.70378 -4.80776 6.37494
H -9.10412 -4.03839 5.50935
H -7.77568 -3.98568 3.44437
H -6.94075 -3.10722 4.7523
$end

$opt
CONSTRAINT
tors           1           2           3           4     +25.428
tors           3           4           5           6    -100.129
tors           4           5           6           7    -172.019
tors           5           6           7           8    +114.466
tors           6           7           8           9     -64.284
tors           7           8           9          10    +171.090
tors           8           9          10          11    +179.054
tors           9          10          11          12    +177.780
tors          11          12          13          14    +122.758
ENDCONSTRAINT
$end

$rem
JOBTYPE                   OPT
METHOD                    B3LYP
DFT_D                     d3_op
BASIS                     STO-3G
GEOM_OPT_MAX_CYCLES       100
GEOM_OPT_TOL_GRADIENT     300
GEOM_OPT_TOL_DISPLACEMENT 1200
GEOM_OPT_TOL_ENERGY       100
SYMMETRY                  False
THRESH                    12
SCF_CONVERGENCE           8
MAX_SUB_FILE_NUM          128
MEM_STATIC                400
MEM_TOTAL                 4000
$end
