$molecule
0  1
O -3.94934 -3.66094 2.70899
C -3.26408 -4.56952 2.26188
C -3.36658 -6.02376 2.66595
C -4.74512 -6.69269 2.53939
C -5.82642 -5.88515 1.85619
O -6.00627 -4.70119 2.51294
C -7.14258 -3.96571 2.04697
C -8.19348 -3.8687 3.14802
O -9.33053 -4.67937 2.81211
C -10.06748 -5.1147 3.86403
C -11.25976 -5.94151 3.4451
C -11.7434 -6.95646 4.49116
C -11.21635 -6.75739 5.89804
O -11.88303 -6.8234 6.92066
O -2.38467 -4.2692 1.26834
O -9.86449 -6.8533 6.03129
O -10.05015 -4.50975 4.93102
C -9.19126 -6.8335 7.23529
C -12.54614 -5.11014 3.25367
C -13.48131 -5.83845 2.29071
C -13.89942 -7.0192 3.1445
C -13.25011 -6.63439 4.48087
O -13.24205 -5.22762 4.47072
H -11.01005 -6.42606 2.47267
H -11.49627 -8.00026 4.19772
H -12.35313 -4.07451 2.89741
H -14.36358 -5.17445 2.14385
H -13.05535 -6.0996 1.29814
H -15.00958 -7.02312 3.2165
H -13.53309 -8.00966 2.79712
H -13.79604 -7.11365 5.32276
O -6.4093 -6.22803 0.83335
C -2.1923 -3.00533 0.75051
C -2.51675 -6.99164 1.81154
C -2.22903 -8.27218 2.59621
C -3.58732 -8.93766 2.56191
C -4.3683 -7.93464 1.70897
O -3.40465 -7.43395 0.81349
H -3.01203 -6.05338 3.72054
H -5.15768 -6.96961 3.53546
H -1.84523 -2.31385 1.5478
H -1.55619 -6.55751 1.46003
H -1.52156 -8.88612 1.99388
H -1.8035 -8.10929 3.60978
H -3.49207 -9.90262 2.01551
H -4.05861 -9.11027 3.55364
H -5.25104 -8.43469 1.25377
H -3.13804 -2.62523 0.30825
H -1.41964 -3.05166 -0.04402
H -8.1022 -6.92164 7.04379
H -9.51305 -7.68714 7.86927
H -9.38545 -5.87652 7.7651
H -7.7519 -4.05299 4.15492
H -8.5749 -2.8234 3.14523
H -7.59791 -4.25367 1.07253
H -6.74721 -2.94153 1.87233
$end

$opt
CONSTRAINT
tors           1           2           3           4     +55.243
tors           3           4           5           6     -57.677
tors           4           5           6           7    -171.449
tors           5           6           7           8    +114.466
tors           6           7           8           9    -109.673
tors           7           8           9          10    +154.713
tors           8           9          10          11    +179.054
tors           9          10          11          12    +153.503
tors          11          12          13          14    +135.660
ENDCONSTRAINT
$end

$rem
JOBTYPE                   OPT
METHOD                    B3LYP
DFT_D                     d3_op
BASIS                     STO-3G
GEOM_OPT_MAX_CYCLES       100
GEOM_OPT_TOL_GRADIENT     300
GEOM_OPT_TOL_DISPLACEMENT 1200
GEOM_OPT_TOL_ENERGY       100
SYMMETRY                  False
THRESH                    12
SCF_CONVERGENCE           8
MAX_SUB_FILE_NUM          128
MEM_STATIC                400
MEM_TOTAL                 4000
$end
