$molecule
0  1
O -3.94934 -3.66094 2.70899
C -3.26408 -4.56952 2.26188
C -3.36658 -6.02376 2.66595
C -4.71828 -6.50621 3.21732
C -5.8678 -5.52628 3.13726
O -5.72781 -4.56719 4.09954
C -6.81439 -3.63565 4.12843
C -8.07859 -4.31839 4.6401
O -8.93535 -4.65216 3.53672
C -10.07035 -5.31982 3.86097
C -10.93834 -5.62139 2.6625
C -12.07597 -6.61976 2.92196
C -12.40015 -6.88842 4.37779
O -13.38357 -7.48924 4.78578
O -2.19449 -4.24263 1.48826
O -12.20975 -5.81234 5.20691
O -9.96385 -6.10338 4.79928
C -12.61015 -5.69909 6.5274
C -11.72743 -4.39544 2.16732
C -12.1001 -4.58911 0.69865
C -13.14448 -5.68099 0.81563
C -13.2481 -5.79806 2.34135
O -12.97544 -4.49727 2.80326
H -10.26116 -5.97182 1.84998
H -11.95359 -7.5995 2.41101
H -11.183 -3.43577 2.30626
H -12.60105 -3.65176 0.36567
H -11.25387 -4.8137 0.01424
H -14.09646 -5.30245 0.38158
H -12.87142 -6.65321 0.35101
H -14.23924 -6.21436 2.62774
O -6.79933 -5.60641 2.34425
C -1.89212 -2.96126 1.07706
C -3.24568 -6.9485 1.42872
C -2.78766 -8.34103 1.8596
C -4.04197 -8.85143 2.53043
C -4.99295 -7.68197 2.25637
O -4.5688 -7.17531 1.01837
H -2.50446 -6.23316 3.33759
H -4.66577 -6.87427 4.2663
H -1.71229 -2.30817 1.95764
H -2.55792 -6.56432 0.64448
H -2.61747 -8.93385 0.93216
H -1.86866 -8.36615 2.4839
H -4.38267 -9.76343 1.99136
H -3.94794 -9.06511 3.61717
H -6.0468 -8.03573 2.30488
H -2.7246 -2.54953 0.46722
H -0.97276 -2.98576 0.45688
H -12.28234 -4.71559 6.92161
H -12.14229 -6.50259 7.1352
H -13.71641 -5.76006 6.60651
H -7.81218 -5.17349 5.30226
H -8.64157 -3.57476 5.24909
H -6.95664 -3.06202 3.18519
H -6.52005 -2.89876 4.90638
$end

$opt
CONSTRAINT
tors           1           2           3           4     +25.428
tors           3           4           5           6     -75.607
tors           4           5           6           7    -177.224
tors           5           6           7           8     +69.765
tors           6           7           8           9    -101.014
tors           7           8           9          10    +177.220
tors           8           9          10          11    +179.054
tors           9          10          11          12    +167.781
tors          11          12          13          14    +168.696
ENDCONSTRAINT
$end

$rem
JOBTYPE                   OPT
METHOD                    B3LYP
DFT_D                     d3_op
BASIS                     STO-3G
GEOM_OPT_MAX_CYCLES       100
GEOM_OPT_TOL_GRADIENT     300
GEOM_OPT_TOL_DISPLACEMENT 1200
GEOM_OPT_TOL_ENERGY       100
SYMMETRY                  False
THRESH                    12
SCF_CONVERGENCE           8
MAX_SUB_FILE_NUM          128
MEM_STATIC                400
MEM_TOTAL                 4000
$end
