$molecule
0  1
O -3.94934 -3.66094 2.70899
C -3.26408 -4.56952 2.26188
C -3.36658 -6.02376 2.66595
C -4.71828 -6.50621 3.21732
C -5.8678 -5.52628 3.13726
O -6.91011 -5.97041 3.9
C -8.15165 -6.01035 3.18851
C -8.6285 -7.45183 3.04396
O -7.58712 -8.25645 2.46865
C -7.81882 -9.59265 2.4623
C -7.11353 -10.30674 1.33389
C -7.12415 -11.83931 1.43079
C -8.11542 -12.43254 2.41169
O -8.99064 -13.23971 2.13415
O -2.19211 -4.24477 1.49102
O -7.84734 -12.20754 3.72763
O -8.8867 -10.01029 2.8982
C -8.57273 -12.73876 4.77378
C -7.79027 -10.10826 -0.03877
C -6.75724 -10.30489 -1.1464
C -6.51131 -11.79695 -1.03854
C -7.57924 -12.17686 -0.00319
O -8.60873 -11.23978 -0.20735
H -6.07633 -9.92164 1.26206
H -6.12424 -12.25324 1.68775
H -8.29058 -9.12101 -0.14681
H -7.28046 -10.09789 -2.10773
H -5.84743 -9.66949 -1.08444
H -6.72137 -12.25836 -2.02878
H -5.49727 -12.08649 -0.68675
H -7.86134 -13.24635 -0.11922
O -6.04425 -4.86426 2.11906
C -1.88765 -2.96423 1.07892
C -3.20465 -6.98536 1.45222
C -2.4803 -8.23142 1.92873
C -3.52272 -8.77497 2.87413
C -4.72429 -7.86366 2.51946
O -4.49443 -7.49142 1.19343
H -2.5135 -6.19372 3.36372
H -4.59208 -6.67291 4.3113
H -1.70976 -2.31002 1.95906
H -2.67813 -6.55277 0.57407
H -2.39704 -8.90189 1.04247
H -1.47277 -8.08826 2.3753
H -3.69403 -9.8446 2.6169
H -3.27662 -8.67776 3.95424
H -5.54173 -8.46915 2.80729
H -2.71809 -2.55278 0.46614
H -0.96658 -2.99029 0.46132
H -8.13814 -12.38825 5.73226
H -8.52942 -13.84851 4.74585
H -9.62981 -12.40187 4.7155
H -8.83926 -7.81108 4.07757
H -9.56224 -7.50157 2.44026
H -8.13382 -5.60687 2.15273
H -8.91039 -5.41583 3.74021
$end

$opt
CONSTRAINT
tors           1           2           3           4     +25.428
tors           3           4           5           6    -167.454
tors           4           5           6           7    -128.111
tors           5           6           7           8    +114.466
tors           6           7           8           9     -52.966
tors           7           8           9          10    +171.090
tors           8           9          10          11    +152.165
tors           9          10          11          12    +169.050
tors          11          12          13          14    +122.758
ENDCONSTRAINT
$end

$rem
JOBTYPE                   OPT
METHOD                    B3LYP
DFT_D                     d3_op
BASIS                     STO-3G
GEOM_OPT_MAX_CYCLES       100
GEOM_OPT_TOL_GRADIENT     300
GEOM_OPT_TOL_DISPLACEMENT 1200
GEOM_OPT_TOL_ENERGY       100
SYMMETRY                  False
THRESH                    12
SCF_CONVERGENCE           8
MAX_SUB_FILE_NUM          128
MEM_STATIC                400
MEM_TOTAL                 4000
$end
