$molecule
0  1
O -3.94934 -3.66094 2.70899
C -3.26408 -4.56952 2.26188
C -3.36658 -6.02376 2.66595
C -4.60954 -6.44446 3.46714
C -5.69628 -5.40372 3.62187
O -6.03805 -5.28196 4.93861
C -7.45316 -5.27257 5.15454
C -7.98499 -6.70068 5.21597
O -8.46227 -7.10127 3.9219
C -8.78656 -8.41244 3.8002
C -9.41601 -8.74161 2.4675
C -9.61739 -10.24019 2.19922
C -9.50224 -11.14893 3.40655
O -9.92059 -12.29572 3.47299
O -2.25465 -4.2606 1.40543
O -8.30377 -11.01403 4.05072
O -9.20638 -8.95228 4.81924
C -7.81733 -11.79681 5.08478
C -10.86291 -8.22883 2.33121
C -11.2104 -8.07185 0.8523
C -11.28596 -9.52395 0.42533
C -11.10023 -10.21866 1.78018
O -11.66319 -9.32178 2.70685
H -8.78334 -8.26391 1.6847
H -8.94172 -10.63934 1.41094
H -11.04645 -7.27673 2.87565
H -12.2335 -7.63401 0.80679
H -10.51602 -7.43873 0.25906
H -12.30224 -9.71557 0.01501
H -10.51122 -9.84648 -0.30372
H -11.55067 -11.23539 1.75426
O -6.33668 -4.9219 2.69396
C -1.98365 -2.98766 0.94911
C -3.53734 -6.93528 1.4283
C -3.09353 -8.35954 1.7625
C -4.23428 -8.80861 2.64972
C -5.1422 -7.57799 2.57408
O -4.92765 -7.07691 1.27896
H -2.41078 -6.28245 3.17429
H -4.32501 -6.82428 4.4756
H -1.74088 -2.31827 1.80194
H -2.98798 -6.57342 0.53186
H -3.1287 -8.94923 0.8184
H -2.07982 -8.44316 2.20999
H -4.73172 -9.68087 2.16974
H -3.95491 -9.05992 3.69577
H -6.18671 -7.85881 2.82044
H -2.85828 -2.58669 0.39348
H -1.11174 -3.02468 0.26438
H -7.60144 -11.14732 5.95799
H -6.87421 -12.28357 4.76146
H -8.53676 -12.57953 5.40717
H -7.21108 -7.38537 5.63342
H -8.86707 -6.70374 5.89619
H -8.03621 -4.57318 4.51426
H -7.55898 -4.88454 6.19052
$end

$opt
CONSTRAINT
tors           1           2           3           4     +13.703
tors           3           4           5           6    -128.914
tors           4           5           6           7    -133.618
tors           5           6           7           8     +83.817
tors           6           7           8           9     -94.766
tors           7           8           9          10    +171.090
tors           8           9          10          11    +173.958
tors           9          10          11          12    +171.642
tors          11          12          13          14    +162.159
ENDCONSTRAINT
$end

$rem
JOBTYPE                   OPT
METHOD                    B3LYP
DFT_D                     d3_op
BASIS                     STO-3G
GEOM_OPT_MAX_CYCLES       100
GEOM_OPT_TOL_GRADIENT     300
GEOM_OPT_TOL_DISPLACEMENT 1200
GEOM_OPT_TOL_ENERGY       100
SYMMETRY                  False
THRESH                    12
SCF_CONVERGENCE           8
MAX_SUB_FILE_NUM          128
MEM_STATIC                400
MEM_TOTAL                 4000
$end
