$molecule
0  1
O -3.94934 -3.66094 2.70899
C -3.26408 -4.56952 2.26188
C -3.36658 -6.02376 2.66595
C -4.71828 -6.50621 3.21732
C -5.8678 -5.52628 3.13726
O -6.31338 -5.23005 4.3939
C -7.66817 -4.76826 4.4167
C -8.4124 -5.38065 5.59875
O -8.15233 -6.79172 5.66292
C -8.73189 -7.44488 6.70053
C -8.43995 -8.92658 6.69989
C -9.03032 -9.70318 7.8859
C -10.09782 -8.98089 8.68306
O -11.23361 -9.38853 8.87896
O -2.20113 -4.24542 1.47828
O -9.62489 -8.04423 9.55415
O -9.42954 -6.82993 7.4905
C -10.39234 -7.3898 10.49633
C -9.052 -9.68604 5.5097
C -8.24953 -10.95982 5.25573
C -8.63223 -11.78041 6.47136
C -9.68679 -10.862 7.10375
O -10.2646 -10.19672 6.00588
H -7.33033 -9.0236 6.67882
H -8.25786 -10.05701 8.6041
H -9.11866 -9.07775 4.58136
H -8.68591 -11.43955 4.35021
H -7.15772 -10.81872 5.10333
H -9.09008 -12.73182 6.12048
H -7.804 -11.99313 7.18157
H -10.38171 -11.46061 7.73275
O -6.31703 -5.05483 2.0978
C -1.90391 -2.96579 1.05808
C -3.27092 -6.9582 1.43073
C -2.82052 -8.35384 1.86384
C -4.07305 -8.85423 2.55027
C -5.02055 -7.6819 2.27935
O -4.60166 -7.18289 1.03495
H -2.49739 -6.2417 3.32596
H -4.60713 -6.83885 4.27529
H -1.71831 -2.30773 1.93372
H -2.58922 -6.58262 0.63707
H -2.66587 -8.95119 0.93654
H -1.8946 -8.38628 2.47732
H -4.42412 -9.76819 2.02144
H -3.96982 -9.0606 3.63767
H -6.08105 -8.01305 2.34482
H -2.74171 -2.55862 0.45246
H -0.98941 -2.9922 0.4308
H -9.75096 -6.68058 11.0585
H -10.82868 -8.1201 11.21078
H -11.20506 -6.81979 9.99746
H -8.00682 -4.90816 6.52228
H -9.50032 -5.15727 5.51973
H -8.23582 -5.07555 3.50652
H -7.70105 -3.66031 4.4947
$end

$opt
CONSTRAINT
tors           1           2           3           4     +25.428
tors           3           4           5           6    -118.155
tors           4           5           6           7    -156.623
tors           5           6           7           8    +138.824
tors           6           7           8           9     -46.723
tors           7           8           9          10    +178.204
tors           8           9          10          11    +179.054
tors           9          10          11          12    +177.780
tors          11          12          13          14    +122.758
ENDCONSTRAINT
$end

$rem
JOBTYPE                   OPT
METHOD                    B3LYP
DFT_D                     d3_op
BASIS                     STO-3G
GEOM_OPT_MAX_CYCLES       100
GEOM_OPT_TOL_GRADIENT     300
GEOM_OPT_TOL_DISPLACEMENT 1200
GEOM_OPT_TOL_ENERGY       100
SYMMETRY                  False
THRESH                    12
SCF_CONVERGENCE           8
MAX_SUB_FILE_NUM          128
MEM_STATIC                400
MEM_TOTAL                 4000
$end
