$molecule
0  1
O -3.94934 -3.66094 2.70899
C -3.26408 -4.56952 2.26188
C -3.36658 -6.02376 2.66595
C -4.76521 -6.66191 2.64505
C -5.87875 -5.82684 2.05278
O -6.88157 -5.67482 2.96748
C -8.03348 -5.01215 2.4353
C -9.23634 -5.94958 2.45772
O -9.72818 -6.14665 1.12276
C -10.13182 -7.40787 0.83029
C -10.94336 -7.48602 -0.4409
C -11.41494 -8.8969 -0.82212
C -11.32412 -9.942 0.2716
O -12.23921 -10.66441 0.63943
O -2.4092 -4.27457 1.24537
O -10.0641 -10.4179 0.49063
O -9.87191 -8.32371 1.59051
C -9.7576 -11.49561 1.29709
C -12.28525 -6.73364 -0.37459
C -12.72468 -6.35658 -1.78739
C -13.07778 -7.72045 -2.3458
C -12.90328 -8.58569 -1.09058
O -13.22582 -7.72003 -0.02871
H -10.30709 -7.04852 -1.24375
H -10.89216 -9.30221 -1.71666
H -12.25842 -5.83254 0.27611
H -13.66018 -5.76088 -1.68442
H -11.98727 -5.77708 -2.38347
H -14.14105 -7.69956 -2.67284
H -12.42901 -8.07755 -3.17481
H -13.52324 -9.50497 -1.17627
O -5.8669 -5.3761 0.91247
C -2.22769 -3.01354 0.71674
C -2.60736 -6.99901 1.73979
C -2.32014 -8.31159 2.47302
C -3.6963 -8.94137 2.47721
C -4.4959 -7.87171 1.73188
O -3.57525 -7.3727 0.79013
H -2.94079 -6.06336 3.69336
H -5.071 -6.99779 3.66345
H -1.86063 -2.31869 1.50207
H -1.65526 -6.58851 1.34037
H -1.6521 -8.93241 1.83426
H -1.85523 -8.17554 3.47323
H -3.6627 -9.8646 1.85619
H -4.10928 -9.17986 3.48108
H -5.43153 -8.30975 1.31833
H -3.1831 -2.63421 0.29519
H -1.47434 -3.06495 -0.09582
H -8.65909 -11.64953 1.29573
H -10.24761 -12.41552 0.91274
H -10.09032 -11.29892 2.3387
H -9.07008 -6.83533 3.11029
H -10.0486 -5.38454 2.96584
H -7.93591 -4.51029 1.44599
H -8.23142 -4.17589 3.14123
$end

$opt
CONSTRAINT
tors           1           2           3           4     +50.554
tors           3           4           5           6    -123.215
tors           4           5           6           7    -173.926
tors           5           6           7           8    +116.488
tors           6           7           8           9    -119.915
tors           7           8           9          10    +140.681
tors           8           9          10          11    +165.768
tors           9          10          11          12    +179.522
tors          11          12          13          14    +127.392
ENDCONSTRAINT
$end

$rem
JOBTYPE                   OPT
METHOD                    B3LYP
DFT_D                     d3_op
BASIS                     STO-3G
GEOM_OPT_MAX_CYCLES       100
GEOM_OPT_TOL_GRADIENT     300
GEOM_OPT_TOL_DISPLACEMENT 1200
GEOM_OPT_TOL_ENERGY       100
SYMMETRY                  False
THRESH                    12
SCF_CONVERGENCE           8
MAX_SUB_FILE_NUM          128
MEM_STATIC                400
MEM_TOTAL                 4000
$end
