$molecule
0  1
O -3.94934 -3.66094 2.70899
C -3.26408 -4.56952 2.26188
C -3.36658 -6.02376 2.66595
C -4.75477 -6.54337 3.07434
C -5.91734 -5.59895 2.86316
O -6.55718 -5.37814 4.04945
C -7.94378 -5.05977 3.89065
C -8.80505 -6.07911 4.62909
O -8.71963 -7.35596 3.97698
C -8.04819 -8.3159 4.66023
C -8.24198 -9.69627 4.07911
C -7.45853 -10.81201 4.78593
C -6.89777 -10.46357 6.15005
O -7.05417 -11.12 7.16947
O -2.18817 -4.23913 1.49848
O -5.77456 -9.68961 6.10709
O -7.38971 -8.02021 5.64192
C -4.96618 -9.40788 7.18955
C -9.68226 -10.22679 4.1916
C -9.92171 -11.27481 3.10742
C -9.05512 -12.40931 3.61613
C -8.60567 -11.82996 4.96413
O -9.67842 -11.00911 5.36009
H -7.94871 -9.62618 3.00674
H -6.62077 -11.21004 4.17118
H -10.45497 -9.42919 4.13787
H -10.99005 -11.57991 3.18586
H -9.71118 -10.94809 2.06633
H -9.70038 -13.30411 3.76071
H -8.18291 -12.66538 2.97631
H -8.34013 -12.6555 5.66031
O -6.24472 -5.12827 1.77917
C -1.88666 -2.95737 1.08771
C -3.10684 -6.97281 1.46502
C -2.67554 -8.35154 1.96925
C -3.98723 -8.87887 2.50922
C -4.92289 -7.732 2.11918
O -4.37783 -7.23502 0.9239
H -2.56868 -6.20702 3.41966
H -4.75192 -6.87404 4.13901
H -1.71769 -2.30173 1.9685
H -2.34715 -6.59359 0.74807
H -2.39534 -8.95674 1.0772
H -1.8293 -8.34936 2.68939
H -4.25473 -9.80245 1.94909
H -4.00743 -9.07976 3.60255
H -5.97585 -8.08855 2.06837
H -2.71485 -2.55018 0.46901
H -0.96146 -2.97966 0.47618
H -4.13565 -8.75037 6.86001
H -4.53695 -10.34536 7.60301
H -5.55006 -8.88211 7.97486
H -8.5312 -6.06778 5.70761
H -9.86604 -5.75309 4.5886
H -8.30748 -5.01376 2.8386
H -8.11699 -4.05921 4.3409
$end

$opt
CONSTRAINT
tors           1           2           3           4     +31.807
tors           3           4           5           6    -122.117
tors           4           5           6           7    -152.237
tors           5           6           7           8    +120.764
tors           6           7           8           9     -68.575
tors           7           8           9          10    +110.044
tors           8           9          10          11    +167.611
tors           9          10          11          12    +177.780
tors          11          12          13          14    +128.440
ENDCONSTRAINT
$end

$rem
JOBTYPE                   OPT
METHOD                    B3LYP
DFT_D                     d3_op
BASIS                     STO-3G
GEOM_OPT_MAX_CYCLES       100
GEOM_OPT_TOL_GRADIENT     300
GEOM_OPT_TOL_DISPLACEMENT 1200
GEOM_OPT_TOL_ENERGY       100
SYMMETRY                  False
THRESH                    12
SCF_CONVERGENCE           8
MAX_SUB_FILE_NUM          128
MEM_STATIC                400
MEM_TOTAL                 4000
$end
