$molecule
0  1
O -3.94934 -3.66094 2.70899
C -3.26408 -4.56952 2.26188
C -3.36658 -6.02376 2.66595
C -4.7769 -6.59186 2.89421
C -5.93469 -5.69283 2.52087
O -6.60224 -5.30409 3.64722
C -7.88243 -4.72574 3.37173
C -8.86992 -5.08379 4.47752
O -9.33655 -6.43047 4.29977
C -9.32662 -7.20293 5.41438
C -10.24684 -8.39595 5.31165
C -10.22108 -9.33953 6.52295
C -9.57606 -8.78642 7.77783
O -10.16088 -8.52431 8.81891
O -2.43451 -4.28193 1.22285
O -8.21551 -8.85342 7.81446
O -8.60712 -6.91892 6.35802
C -7.44574 -8.51165 8.90737
C -11.73908 -8.02637 5.24678
C -12.51174 -9.15422 4.56673
C -12.4328 -10.23027 5.63058
C -11.74476 -9.45116 6.75925
O -12.18158 -8.12568 6.57684
H -9.95187 -8.93672 4.38353
H -9.76332 -10.33144 6.31299
H -11.93497 -7.05858 4.73565
H -13.56914 -8.81502 4.48087
H -12.14132 -9.45282 3.56246
H -13.46953 -10.51423 5.91793
H -11.85181 -11.13543 5.35004
H -11.98817 -9.91382 7.74117
O -6.15106 -5.27102 1.39014
C -2.2605 -3.02332 0.68587
C -2.8481 -7.0212 1.60465
C -2.48854 -8.35459 2.26417
C -3.86659 -8.91649 2.54111
C -4.74329 -7.80828 1.95509
O -3.99566 -7.34285 0.85626
H -2.7608 -6.10529 3.59592
H -4.90587 -6.90484 3.95675
H -1.87052 -2.32807 1.45975
H -1.9723 -6.6537 1.02865
H -1.99521 -8.99708 1.50011
H -1.8253 -8.25935 3.15075
H -3.99652 -9.84343 1.93875
H -4.0897 -9.12799 3.6092
H -5.76021 -8.19849 1.72804
H -3.22424 -2.64041 0.28724
H -1.52784 -3.08067 -0.14502
H -6.37486 -8.65738 8.65759
H -7.70214 -9.15732 9.77428
H -7.60973 -7.44498 9.17144
H -8.4514 -4.8198 5.47397
H -9.75638 -4.43034 4.3282
H -8.32117 -4.99971 2.38354
H -7.74979 -3.62216 3.39885
$end

$opt
CONSTRAINT
tors           1           2           3           4     +39.683
tors           3           4           5           6    -111.909
tors           4           5           6           7    -165.851
tors           5           6           7           8    +145.585
tors           6           7           8           9     -78.107
tors           7           8           9          10    +132.952
tors           8           9          10          11    +159.644
tors           9          10          11          12    +177.212
tors          11          12          13          14    +112.378
ENDCONSTRAINT
$end

$rem
JOBTYPE                   OPT
METHOD                    B3LYP
DFT_D                     d3_op
BASIS                     STO-3G
GEOM_OPT_MAX_CYCLES       100
GEOM_OPT_TOL_GRADIENT     300
GEOM_OPT_TOL_DISPLACEMENT 1200
GEOM_OPT_TOL_ENERGY       100
SYMMETRY                  False
THRESH                    12
SCF_CONVERGENCE           8
MAX_SUB_FILE_NUM          128
MEM_STATIC                400
MEM_TOTAL                 4000
$end
