$molecule
0  1
O -3.94934 -3.66094 2.70899
C -3.26408 -4.56952 2.26188
C -3.36658 -6.02376 2.66595
C -4.77383 -6.57968 2.93882
C -5.93494 -5.66934 2.60535
O -6.8192 -5.64499 3.64598
C -7.98676 -4.86242 3.37463
C -9.18804 -5.43474 4.11996
O -9.75637 -6.52083 3.37144
C -9.22529 -7.74308 3.62279
C -9.89172 -8.8471 2.83687
C -9.24053 -10.2301 2.98359
C -8.2715 -10.38504 4.13844
O -8.49101 -11.00368 5.16978
O -2.17837 -4.22292 1.5175
O -7.02538 -9.84763 4.01696
O -8.33908 -7.86647 4.45118
C -6.11991 -9.87378 5.06671
C -11.33803 -9.13735 3.26727
C -12.09254 -9.78487 2.10828
C -11.431 -11.14772 2.06791
C -10.51628 -11.04669 3.29542
O -11.21929 -10.20246 4.17619
H -9.86502 -8.52435 1.771
H -8.73358 -10.59813 2.06464
H -11.8804 -8.23787 3.63187
H -13.14861 -9.91119 2.43871
H -12.0736 -9.22051 1.15115
H -12.21543 -11.92151 2.22278
H -10.85229 -11.36919 1.14511
H -10.28244 -12.0645 3.67888
O -6.09489 -5.12278 1.51859
C -1.87716 -2.93569 1.12325
C -2.97441 -6.90577 1.44166
C -2.51946 -8.28278 1.90172
C -3.84403 -8.88514 2.279
C -4.80215 -7.74035 1.9186
O -4.19101 -7.17175 0.79161
H -2.63262 -6.20081 3.48285
H -4.87657 -6.96472 3.97813
H -1.72399 -2.28779 2.01262
H -2.17294 -6.48212 0.7997
H -2.11458 -8.83615 1.02397
H -1.75653 -8.2566 2.70972
H -4.04222 -9.74575 1.60108
H -3.87168 -9.23422 3.31864
H -5.83096 -8.13681 1.76424
H -2.69825 -2.52655 0.49649
H -0.943 -2.94781 0.52521
H -5.25486 -9.23776 4.85038
H -5.79107 -10.91544 5.26892
H -6.58143 -9.4442 5.98251
H -9.00127 -5.65573 5.19536
H -9.95971 -4.63538 4.10662
H -8.25389 -4.73679 2.30026
H -7.79179 -3.85421 3.80106
$end

$opt
CONSTRAINT
tors           1           2           3           4     +37.741
tors           3           4           5           6    -132.605
tors           4           5           6           7    -176.638
tors           5           6           7           8    +149.030
tors           6           7           8           9     -82.886
tors           7           8           9          10     +88.232
tors           8           9          10          11    +178.277
tors           9          10          11          12    +174.426
tors          11          12          13          14    +106.430
ENDCONSTRAINT
$end

$rem
JOBTYPE                   OPT
METHOD                    B3LYP
DFT_D                     d3_op
BASIS                     STO-3G
GEOM_OPT_MAX_CYCLES       100
GEOM_OPT_TOL_GRADIENT     300
GEOM_OPT_TOL_DISPLACEMENT 1200
GEOM_OPT_TOL_ENERGY       100
SYMMETRY                  False
THRESH                    12
SCF_CONVERGENCE           8
MAX_SUB_FILE_NUM          128
MEM_STATIC                400
MEM_TOTAL                 4000
$end
