$molecule
0  1
O -3.94934 -3.66094 2.70899
C -3.26408 -4.56952 2.26188
C -3.36658 -6.02376 2.66595
C -4.75477 -6.54337 3.07434
C -5.91734 -5.59895 2.86316
O -6.55718 -5.37814 4.04945
C -7.67566 -4.49275 3.92972
C -8.86432 -5.03841 4.71425
O -9.66481 -5.87889 3.86827
C -9.63224 -7.20237 4.16235
C -10.62869 -8.00748 3.36263
C -10.61094 -9.518 3.63881
C -9.88036 -9.95174 4.89373
O -10.40331 -10.43757 5.88624
O -2.18682 -4.23834 1.50061
O -8.52744 -10.06168 4.77198
O -8.82511 -7.64024 4.96631
C -7.69086 -10.55587 5.75138
C -12.09658 -7.66325 3.67525
C -12.97023 -8.03502 2.47941
C -12.91102 -9.54737 2.5478
C -12.12647 -9.73249 3.85335
O -12.4855 -8.61646 4.63154
H -10.41541 -7.79231 2.29075
H -10.22468 -10.12655 2.79149
H -12.25415 -6.5983 3.95311
H -14.00651 -7.70769 2.72352
H -12.66761 -7.59254 1.50599
H -13.94961 -9.93362 2.64839
H -12.39909 -10.04278 1.69452
H -12.35492 -10.72792 4.29428
O -6.21984 -5.1115 1.77887
C -1.88457 -2.9562 1.09154
C -3.10683 -6.96739 1.46075
C -2.6735 -8.34724 1.95813
C -3.98407 -8.87718 2.49694
C -4.92155 -7.72898 2.1136
O -4.37805 -7.22741 0.91967
H -2.56797 -6.20829 3.41858
H -4.75299 -6.87856 4.1373
H -1.71707 -2.3014 1.97323
H -2.34801 -6.5852 0.74444
H -2.39347 -8.9484 1.06326
H -1.82662 -8.3468 2.67753
H -4.25122 -9.79815 1.93229
H -4.00171 -9.08338 3.58911
H -5.97424 -8.08677 2.06178
H -2.7117 -2.5484 0.47182
H -0.95831 -2.97795 0.48159
H -6.64426 -10.52417 5.38476
H -7.95606 -11.60866 5.98685
H -7.76785 -9.93416 6.66887
H -8.54134 -5.46496 5.69086
H -9.52235 -4.18146 4.97407
H -7.98778 -4.17078 2.91091
H -7.36316 -3.56988 4.46484
$end

$opt
CONSTRAINT
tors           1           2           3           4     +31.807
tors           3           4           5           6    -122.117
tors           4           5           6           7    -179.862
tors           5           6           7           8    +135.775
tors           6           7           8           9     -90.348
tors           7           8           9          10    +110.371
tors           8           9          10          11    +172.353
tors           9          10          11          12    +178.804
tors          11          12          13          14    +112.378
ENDCONSTRAINT
$end

$rem
JOBTYPE                   OPT
METHOD                    B3LYP
DFT_D                     d3_op
BASIS                     STO-3G
GEOM_OPT_MAX_CYCLES       100
GEOM_OPT_TOL_GRADIENT     300
GEOM_OPT_TOL_DISPLACEMENT 1200
GEOM_OPT_TOL_ENERGY       100
SYMMETRY                  False
THRESH                    12
SCF_CONVERGENCE           8
MAX_SUB_FILE_NUM          128
MEM_STATIC                400
MEM_TOTAL                 4000
$end
