$molecule
0  1
O -3.94934 -3.66094 2.70899
C -3.26408 -4.56952 2.26188
C -3.36658 -6.02376 2.66595
C -4.75164 -6.53928 3.08985
C -5.91354 -5.59098 2.8928
O -6.45819 -5.26678 4.10263
C -7.62328 -4.44229 3.9929
C -8.57477 -4.71995 5.15208
O -9.13288 -6.03698 5.02243
C -8.69667 -6.94693 5.92844
C -9.34992 -8.29878 5.76592
C -8.87315 -9.37135 6.75616
C -8.10606 -8.86428 7.9608
O -8.49849 -8.90142 9.11803
O -2.18749 -4.23924 1.49938
O -6.78096 -8.62552 7.74998
O -7.82501 -6.66228 6.73343
C -5.88117 -8.28309 8.73828
C -10.86517 -8.29121 6.04076
C -11.51922 -9.45966 5.30694
C -10.99175 -10.62845 6.11377
C -10.25336 -9.8795 7.23097
O -10.9816 -8.68539 7.38438
H -9.16447 -8.61071 4.71279
H -8.27444 -10.18317 6.28714
H -11.36233 -7.33543 5.76609
H -12.61637 -9.37428 5.479
H -11.32432 -9.5119 4.21415
H -11.8602 -11.19392 6.51874
H -10.30905 -11.31461 5.56723
H -10.17917 -10.52457 8.13423
O -6.2484 -5.11938 1.81087
C -1.8851 -2.95736 1.08964
C -3.12682 -6.96806 1.45682
C -2.68631 -8.34753 1.94833
C -3.98733 -8.87468 2.51299
C -4.93222 -7.72916 2.13865
O -4.40639 -7.23016 0.93565
H -2.55843 -6.21291 3.40726
H -4.73442 -6.86232 4.15653
H -1.71646 -2.30238 1.97099
H -2.37955 -6.5862 0.72823
H -2.42513 -8.94937 1.04819
H -1.82533 -8.34948 2.6508
H -4.26215 -9.80078 1.96065
H -3.98624 -9.07115 3.60711
H -5.98547 -8.08675 2.10388
H -2.71267 -2.54938 0.47063
H -0.95945 -2.97968 0.47878
H -4.87866 -8.1436 8.2844
H -5.82046 -9.09107 9.49833
H -6.19009 -7.3326 9.22347
H -8.04656 -4.50517 6.10719
H -9.41685 -3.99702 5.1082
H -8.20227 -4.60762 3.05434
H -7.30665 -3.37768 4.03851
$end

$opt
CONSTRAINT
tors           1           2           3           4     +31.122
tors           3           4           5           6    -116.255
tors           4           5           6           7    -175.986
tors           5           6           7           8    +149.448
tors           6           7           8           9     -68.575
tors           7           8           9          10    +109.457
tors           8           9          10          11    +178.277
tors           9          10          11          12    +179.113
tors          11          12          13          14    +112.378
ENDCONSTRAINT
$end

$rem
JOBTYPE                   OPT
METHOD                    B3LYP
DFT_D                     d3_op
BASIS                     STO-3G
GEOM_OPT_MAX_CYCLES       100
GEOM_OPT_TOL_GRADIENT     300
GEOM_OPT_TOL_DISPLACEMENT 1200
GEOM_OPT_TOL_ENERGY       100
SYMMETRY                  False
THRESH                    12
SCF_CONVERGENCE           8
MAX_SUB_FILE_NUM          128
MEM_STATIC                400
MEM_TOTAL                 4000
$end
