$molecule
0  1
O -3.94934 -3.66094 2.70899
C -3.26408 -4.56952 2.26188
C -3.36658 -6.02376 2.66595
C -4.75477 -6.54337 3.07434
C -5.91734 -5.59895 2.86316
O -6.69465 -5.56164 3.98558
C -7.83094 -4.70076 3.85529
C -8.99107 -5.23151 4.69107
O -9.59854 -6.35217 4.02927
C -9.40108 -7.55617 4.62133
C -10.06806 -8.69173 3.88221
C -9.73332 -10.09383 4.41168
C -9.09184 -10.1463 5.7837
O -9.61597 -10.59106 6.79466
O -2.18507 -4.23713 1.50344
O -7.74893 -9.91613 5.80957
O -8.70848 -7.65628 5.62153
C -6.95755 -10.03108 6.93367
C -11.60187 -8.68287 3.97722
C -12.18851 -9.43578 2.78539
C -11.79621 -10.8583 3.13039
C -11.17462 -10.6445 4.51682
O -11.88655 -9.55077 5.04532
H -9.74943 -8.59736 2.81879
H -9.11087 -10.70366 3.72005
H -12.03514 -7.66113 4.04487
H -13.29613 -9.3441 2.85768
H -11.85674 -9.08216 1.78547
H -12.72375 -11.46868 3.20234
H -11.07676 -11.33683 2.43116
H -11.2254 -11.58838 5.1033
O -6.17775 -5.05499 1.79465
C -1.88236 -2.95459 1.09594
C -3.10034 -6.96038 1.45809
C -2.67817 -8.34597 1.9492
C -3.99759 -8.87517 2.46453
C -4.92216 -7.71369 2.09124
O -4.36849 -7.20447 0.90571
H -2.57065 -6.20671 3.42162
H -4.76667 -6.90915 4.12705
H -1.71724 -2.30029 1.97846
H -2.33316 -6.5776 0.75107
H -2.38557 -8.94288 1.05558
H -1.84293 -8.34971 2.68212
H -4.26774 -9.78121 1.87744
H -4.02752 -9.10547 3.55159
H -5.97635 -8.06549 2.0271
H -2.70816 -2.54674 0.4745
H -0.95462 -2.97556 0.48821
H -5.91001 -9.78142 6.66727
H -6.9902 -11.07193 7.32061
H -7.30501 -9.32659 7.71931
H -8.65034 -5.39444 5.73758
H -9.76999 -4.44185 4.7519
H -8.19975 -4.5476 2.81541
H -7.54282 -3.71182 4.27345
$end

$opt
CONSTRAINT
tors           1           2           3           4     +31.807
tors           3           4           5           6    -132.748
tors           4           5           6           7    -179.131
tors           5           6           7           8    +148.793
tors           6           7           8           9     -76.301
tors           7           8           9          10    +110.044
tors           8           9          10          11    +179.770
tors           9          10          11          12    +172.825
tors          11          12          13          14    +111.692
ENDCONSTRAINT
$end

$rem
JOBTYPE                   OPT
METHOD                    B3LYP
DFT_D                     d3_op
BASIS                     STO-3G
GEOM_OPT_MAX_CYCLES       100
GEOM_OPT_TOL_GRADIENT     300
GEOM_OPT_TOL_DISPLACEMENT 1200
GEOM_OPT_TOL_ENERGY       100
SYMMETRY                  False
THRESH                    12
SCF_CONVERGENCE           8
MAX_SUB_FILE_NUM          128
MEM_STATIC                400
MEM_TOTAL                 4000
$end
