$molecule
0  1
O -3.94934 -3.66094 2.70899
C -3.26408 -4.56952 2.26188
C -3.36658 -6.02376 2.66595
C -4.76948 -6.56829 2.98092
C -5.93244 -5.64732 2.68525
O -6.65638 -5.43391 3.82358
C -7.85194 -4.67973 3.59751
C -8.98748 -5.22425 4.45784
O -9.40372 -6.50715 3.96406
C -8.78808 -7.57638 4.52698
C -9.29754 -8.8953 3.99637
C -8.51455 -10.129 4.46881
C -7.59209 -9.91309 5.65166
O -7.6869 -10.47064 6.7355
O -2.20675 -4.23768 1.47319
O -6.40661 -9.30014 5.37044
O -7.94564 -7.41863 5.39628
C -5.3869 -9.12954 6.28638
C -10.72446 -9.24719 4.44535
C -11.34887 -10.2116 3.43968
C -10.54338 -11.46602 3.71413
C -9.70898 -11.0017 4.91527
O -10.54006 -10.07179 5.5694
H -9.25054 -8.81893 2.88578
H -7.91795 -10.61014 3.66233
H -11.37515 -8.35723 4.58933
H -12.39938 -10.38408 3.76703
H -11.34707 -9.86948 2.38238
H -11.2474 -12.2756 4.00898
H -9.89556 -11.80807 2.8781
H -9.39123 -11.88098 5.51772
O -6.16265 -5.15804 1.5841
C -1.91855 -2.95638 1.05146
C -2.99727 -6.97472 1.49559
C -2.585 -8.34363 2.03984
C -3.92868 -8.89561 2.45958
C -4.84713 -7.75738 2.01117
O -4.21975 -7.2534 0.85967
H -2.62904 -6.18065 3.48414
H -4.83673 -6.90355 4.0405
H -1.73159 -2.29743 1.92611
H -2.18791 -6.59096 0.83837
H -2.20929 -8.94915 1.18396
H -1.81074 -8.31397 2.83641
H -4.1391 -9.80756 1.85735
H -4.03073 -9.12811 3.53923
H -5.88791 -8.12984 1.87988
H -2.76182 -2.55364 0.45045
H -1.00747 -2.97799 0.41907
H -4.54536 -8.5902 5.8088
H -5.0213 -10.1166 6.6415
H -5.74588 -8.52906 7.14939
H -8.74192 -5.21232 5.54408
H -9.85081 -4.53536 4.33911
H -8.20457 -4.6475 2.54119
H -7.65971 -3.63697 3.93015
$end

$opt
CONSTRAINT
tors           1           2           3           4     +35.905
tors           3           4           5           6    -122.117
tors           4           5           6           7    -174.084
tors           5           6           7           8    +141.286
tors           6           7           8           9     -70.701
tors           7           8           9          10     +92.102
tors           8           9          10          11    +178.277
tors           9          10          11          12    +172.664
tors          11          12          13          14    +118.227
ENDCONSTRAINT
$end

$rem
JOBTYPE                   OPT
METHOD                    B3LYP
DFT_D                     d3_op
BASIS                     STO-3G
GEOM_OPT_MAX_CYCLES       100
GEOM_OPT_TOL_GRADIENT     300
GEOM_OPT_TOL_DISPLACEMENT 1200
GEOM_OPT_TOL_ENERGY       100
SYMMETRY                  False
THRESH                    12
SCF_CONVERGENCE           8
MAX_SUB_FILE_NUM          128
MEM_STATIC                400
MEM_TOTAL                 4000
$end
