$molecule
0  1
O -3.94934 -3.66094 2.70899
C -3.26408 -4.56952 2.26188
C -3.36658 -6.02376 2.66595
C -4.77651 -6.58985 2.90154
C -5.93493 -5.68896 2.53475
O -6.78774 -5.57461 3.59544
C -8.02018 -4.92823 3.25998
C -9.19375 -5.68082 3.87841
O -9.45085 -6.88256 3.13504
C -9.25918 -8.04061 3.81425
C -9.58513 -9.26529 2.99291
C -9.33002 -10.60494 3.69898
C -9.13782 -10.53438 5.20058
O -9.88201 -11.02974 6.03446
O -2.4336 -4.28081 1.22376
O -7.8883 -10.17393 5.60939
O -8.83425 -8.03203 4.95749
C -7.46339 -10.17517 6.92212
C -11.07565 -9.39515 2.63199
C -11.21972 -10.24782 1.37354
C -10.83802 -11.61154 1.9127
C -10.68596 -11.28489 3.40422
O -11.60412 -10.24079 3.62249
H -8.97874 -9.18524 2.06179
H -8.47599 -11.17763 3.27436
H -11.58718 -8.41709 2.49829
H -12.3027 -10.25793 1.11355
H -10.63587 -9.9067 0.49167
H -11.69025 -12.30606 1.7415
H -9.90243 -12.04333 1.49575
H -10.83998 -12.20461 4.0106
O -6.09251 -5.19037 1.42529
C -2.25968 -3.02186 0.68755
C -2.84981 -7.0149 1.59935
C -2.50265 -8.35745 2.24783
C -3.88588 -8.91627 2.50107
C -4.75002 -7.78859 1.93557
O -3.99723 -7.3151 0.84412
H -2.75926 -6.10491 3.59473
H -4.90903 -6.94042 3.95181
H -1.87084 -2.32676 1.46214
H -1.96864 -6.64792 1.03126
H -1.99999 -8.99685 1.48741
H -1.85304 -8.26787 3.14507
H -4.02015 -9.82349 1.87011
H -4.11668 -9.15957 3.56072
H -5.76939 -8.16842 1.69997
H -3.22322 -2.63927 0.28812
H -1.52616 -3.07844 -0.14263
H -6.40917 -9.83246 6.96298
H -7.52279 -11.20116 7.3439
H -8.08844 -9.48327 7.52623
H -9.0147 -5.79152 4.97051
H -10.10191 -5.04781 3.78484
H -8.22287 -4.77207 2.17634
H -7.99652 -3.92604 3.73982
$end

$opt
CONSTRAINT
tors           1           2           3           4     +39.364
tors           3           4           5           6    -127.226
tors           4           5           6           7    -169.951
tors           5           6           7           8    +135.775
tors           6           7           8           9     -75.576
tors           7           8           9          10    +115.781
tors           8           9          10          11    +178.277
tors           9          10          11          12    +177.638
tors          11          12          13          14    +115.284
ENDCONSTRAINT
$end

$rem
JOBTYPE                   OPT
METHOD                    B3LYP
DFT_D                     d3_op
BASIS                     STO-3G
GEOM_OPT_MAX_CYCLES       100
GEOM_OPT_TOL_GRADIENT     300
GEOM_OPT_TOL_DISPLACEMENT 1200
GEOM_OPT_TOL_ENERGY       100
SYMMETRY                  False
THRESH                    12
SCF_CONVERGENCE           8
MAX_SUB_FILE_NUM          128
MEM_STATIC                400
MEM_TOTAL                 4000
$end
