$molecule
0  1
O -3.94934 -3.66094 2.70899
C -3.26408 -4.56952 2.26188
C -3.36658 -6.02376 2.66595
C -4.75477 -6.54337 3.07434
C -5.91734 -5.59895 2.86316
O -6.55718 -5.37814 4.04945
C -7.79587 -4.6765 3.89909
C -8.87446 -5.32339 4.76182
O -9.2599 -6.5868 4.19782
C -8.9265 -7.67837 4.93026
C -9.3945 -8.9713 4.30579
C -9.01998 -10.23983 5.08608
C -8.56448 -10.02597 6.51558
O -9.09446 -10.50515 7.50758
O -2.18705 -4.23841 1.50026
O -7.26904 -9.62023 6.64762
O -8.29851 -7.56215 5.96846
C -6.59325 -9.52715 7.84725
C -10.92638 -9.11091 4.23263
C -11.29343 -10.07719 3.10883
C -10.81706 -11.38907 3.69908
C -10.40366 -10.92538 5.10222
O -11.26895 -9.85037 5.37824
H -8.96787 -8.99268 3.2769
H -8.24695 -10.85577 4.5754
H -11.45543 -8.1423 4.09845
H -12.40564 -10.09539 3.05162
H -10.88087 -9.83106 2.10677
H -11.68317 -12.08586 3.74671
H -9.96759 -11.86952 3.16688
H -10.44655 -11.78103 5.81146
O -6.22155 -5.11092 1.77951
C -1.8851 -2.95636 1.09069
C -3.10718 -6.96757 1.46078
C -2.6738 -8.34737 1.95826
C -3.98419 -8.87711 2.49772
C -4.92183 -7.72914 2.1141
O -4.37854 -7.22776 0.92
H -2.56789 -6.20841 3.41847
H -4.75315 -6.87833 4.13745
H -1.71752 -2.30122 1.97213
H -2.34852 -6.58549 0.74423
H -2.39425 -8.94864 1.06331
H -1.82658 -8.34702 2.67727
H -4.2514 -9.79845 1.93373
H -4.00147 -9.08252 3.59005
H -5.97461 -8.0869 2.0628
H -2.71244 -2.54892 0.47102
H -0.95899 -2.97816 0.48053
H -5.56226 -9.16521 7.6561
H -6.53737 -10.52382 8.33478
H -7.10689 -8.80734 8.51976
H -8.52396 -5.33558 5.81724
H -9.77486 -4.67288 4.75383
H -8.18463 -4.58632 2.85942
H -7.64177 -3.64765 4.28991
$end

$opt
CONSTRAINT
tors           1           2           3           4     +31.807
tors           3           4           5           6    -122.117
tors           4           5           6           7    -170.199
tors           5           6           7           8    +135.775
tors           6           7           8           9     -71.836
tors           7           8           9          10    +112.625
tors           8           9          10          11    +178.277
tors           9          10          11          12    +179.002
tors          11          12          13          14    +120.991
ENDCONSTRAINT
$end

$rem
JOBTYPE                   OPT
METHOD                    B3LYP
DFT_D                     d3_op
BASIS                     STO-3G
GEOM_OPT_MAX_CYCLES       100
GEOM_OPT_TOL_GRADIENT     300
GEOM_OPT_TOL_DISPLACEMENT 1200
GEOM_OPT_TOL_ENERGY       100
SYMMETRY                  False
THRESH                    12
SCF_CONVERGENCE           8
MAX_SUB_FILE_NUM          128
MEM_STATIC                400
MEM_TOTAL                 4000
$end
