$molecule
0  1
O -3.94934 -3.66094 2.70899
C -3.26408 -4.56952 2.26188
C -3.36658 -6.02376 2.66595
C -4.7785 -6.61395 2.81429
C -5.92685 -5.73529 2.37006
O -6.83738 -5.61538 3.38099
C -8.00026 -4.86954 3.00594
C -9.23777 -5.75883 3.06821
O -9.17888 -6.75261 2.03293
C -8.97462 -8.02459 2.45658
C -8.96393 -9.02651 1.32666
C -8.51693 -10.44185 1.72072
C -8.49425 -10.73787 3.20684
O -9.19913 -11.55797 3.77705
O -2.42126 -4.27679 1.23481
O -7.48478 -10.15383 3.91006
O -9.25262 -8.33575 3.6073
C -7.27275 -10.33109 5.26151
C -10.33633 -9.31203 0.69608
C -10.13354 -9.81641 -0.73434
C -9.55949 -11.19402 -0.46961
C -9.65783 -11.24461 1.05978
O -10.79292 -10.46587 1.35653
H -8.28675 -8.60053 0.55095
H -7.51744 -10.71538 1.31593
H -11.01652 -8.43279 0.70645
H -11.14214 -9.93296 -1.19071
H -9.51169 -9.16538 -1.3869
H -10.23352 -11.94904 -0.93167
H -8.51517 -11.35168 -0.81733
H -9.68855 -12.30202 1.40305
O -6.02604 -5.26121 1.24327
C -2.22769 -3.01289 0.71733
C -2.76847 -7.00953 1.63643
C -2.43461 -8.34357 2.3068
C -3.82004 -8.92444 2.49103
C -4.67086 -7.81933 1.86301
O -3.86303 -7.33667 0.81574
H -2.81938 -6.09267 3.63238
H -4.97037 -6.95684 3.85795
H -1.83963 -2.33282 1.50572
H -1.86274 -6.62777 1.11875
H -1.88623 -8.97306 1.56973
H -1.82954 -8.24617 3.23362
H -3.90179 -9.84528 1.87104
H -4.10655 -9.15243 3.54049
H -5.66695 -8.22112 1.57062
H -3.18215 -2.61388 0.31258
H -1.48476 -3.06646 -0.10465
H -6.3855 -9.74145 5.57072
H -7.08759 -11.40336 5.48554
H -8.1557 -9.97533 5.83453
H -9.31403 -6.14269 4.10903
H -10.14471 -5.14134 2.89585
H -7.97688 -4.38913 2.00271
H -8.11925 -4.04327 3.73876
$end

$opt
CONSTRAINT
tors           1           2           3           4     +43.158
tors           3           4           5           6    -126.306
tors           4           5           6           7    -176.059
tors           5           6           7           8    +116.447
tors           6           7           8           9     -68.575
tors           7           8           9          10    +110.044
tors           8           9          10          11    +178.277
tors           9          10          11          12    +170.715
tors          11          12          13          14    +115.644
ENDCONSTRAINT
$end

$rem
JOBTYPE                   OPT
METHOD                    B3LYP
DFT_D                     d3_op
BASIS                     STO-3G
GEOM_OPT_MAX_CYCLES       100
GEOM_OPT_TOL_GRADIENT     300
GEOM_OPT_TOL_DISPLACEMENT 1200
GEOM_OPT_TOL_ENERGY       100
SYMMETRY                  False
THRESH                    12
SCF_CONVERGENCE           8
MAX_SUB_FILE_NUM          128
MEM_STATIC                400
MEM_TOTAL                 4000
$end
