$molecule
0  1
O -3.94934 -3.66094 2.70899
C -3.26408 -4.56952 2.26188
C -3.36658 -6.02376 2.66595
C -4.7785 -6.61395 2.81429
C -5.92685 -5.73529 2.37006
O -6.82124 -5.58881 3.39184
C -8.00303 -4.87786 3.00819
C -9.23922 -5.73032 3.27513
O -9.49626 -6.58546 2.15017
C -9.24866 -7.90359 2.3511
C -9.57704 -8.75413 1.14719
C -9.21086 -10.23917 1.28447
C -8.91405 -10.71927 2.69093
O -9.54013 -11.57943 3.29318
O -2.43737 -4.28157 1.22048
O -7.6659 -10.41945 3.15105
O -8.7881 -8.29253 3.41157
C -7.13774 -10.87882 4.34008
C -11.08 -8.8412 0.83215
C -11.26929 -9.17241 -0.64633
C -10.78937 -10.60967 -0.67668
C -10.55058 -10.85239 0.81954
O -11.49918 -10.02947 1.45587
H -9.03486 -8.29685 0.28802
H -8.3597 -10.5463 0.63719
H -11.64325 -7.92077 1.09998
H -12.36571 -9.15876 -0.84179
H -10.76255 -8.48868 -1.36093
H -11.61869 -11.24696 -1.05623
H -9.86593 -10.79062 -1.26841
H -10.62027 -11.9399 1.04213
O -6.03259 -5.26429 1.24276
C -2.26696 -3.02343 0.68126
C -2.76299 -7.01451 1.64599
C -2.43488 -8.34462 2.32868
C -3.82156 -8.92624 2.49948
C -4.66814 -7.82143 1.86594
O -3.8537 -7.34382 0.821
H -2.82366 -6.08716 3.63521
H -4.96949 -6.95407 3.85903
H -1.87644 -2.3263 1.45317
H -1.85352 -6.6348 1.13338
H -1.87425 -8.98106 1.60733
H -1.84486 -8.23638 3.26421
H -3.8989 -9.84406 1.87441
H -4.11416 -9.15933 3.54565
H -5.66335 -8.22245 1.56932
H -3.23239 -2.64296 0.28436
H -1.53626 -3.08067 -0.15135
H -6.11308 -10.47331 4.46343
H -7.08487 -11.98837 4.33356
H -7.76264 -10.53661 5.19251
H -9.17862 -6.2128 4.27632
H -10.11545 -5.04976 3.3334
H -8.04889 -4.46186 1.97684
H -8.0558 -4.00438 3.69294
$end

$opt
CONSTRAINT
tors           1           2           3           4     +43.158
tors           3           4           5           6    -124.837
tors           4           5           6           7    -174.206
tors           5           6           7           8    +122.696
tors           6           7           8           9     -86.396
tors           7           8           9          10    +108.882
tors           8           9          10          11    +178.277
tors           9          10          11          12    +175.400
tors          11          12          13          14    +118.469
ENDCONSTRAINT
$end

$rem
JOBTYPE                   OPT
METHOD                    B3LYP
DFT_D                     d3_op
BASIS                     STO-3G
GEOM_OPT_MAX_CYCLES       100
GEOM_OPT_TOL_GRADIENT     300
GEOM_OPT_TOL_DISPLACEMENT 1200
GEOM_OPT_TOL_ENERGY       100
SYMMETRY                  False
THRESH                    12
SCF_CONVERGENCE           8
MAX_SUB_FILE_NUM          128
MEM_STATIC                400
MEM_TOTAL                 4000
$end
