$molecule
0  1
O -3.94934 -3.66094 2.70899
C -3.26408 -4.56952 2.26188
C -3.36658 -6.02376 2.66595
C -4.77824 -6.6181 2.79942
C -5.92434 -5.74324 2.34207
O -6.84615 -5.62533 3.34297
C -8.03005 -4.92927 2.93905
C -9.18328 -5.91176 2.76327
O -8.93728 -6.75722 1.62856
C -8.70261 -8.06214 1.91363
C -8.49258 -8.90562 0.67869
C -8.1794 -10.38427 0.9503
C -8.46961 -10.874 2.35481
O -9.1621 -11.84041 2.63956
O -2.4362 -4.28157 1.22143
O -7.53197 -10.51368 3.27848
O -8.68924 -8.44954 3.06857
C -7.47727 -10.98734 4.57353
C -9.73888 -9.02644 -0.21675
C -9.30604 -9.34158 -1.64668
C -8.81126 -10.76478 -1.48387
C -9.19476 -11.02416 -0.02083
O -10.34185 -10.23344 0.17941
H -7.6677 -8.4226 0.10702
H -7.12679 -10.65534 0.71225
H -10.38868 -8.1245 -0.19819
H -10.23133 -9.3549 -2.26656
H -8.57592 -8.63492 -2.09669
H -9.39264 -11.41774 -2.17201
H -7.72135 -10.9109 -1.64658
H -9.31871 -12.1161 0.14966
O -6.02034 -5.27901 1.2109
C -2.26547 -3.02346 0.68226
C -2.74587 -7.01479 1.65722
C -2.42546 -8.34326 2.34799
C -3.81319 -8.92932 2.49481
C -4.65172 -7.82489 1.85164
O -3.82412 -7.34659 0.81745
H -2.83632 -6.08255 3.64248
H -4.98021 -6.96105 3.84113
H -1.876 -2.32613 1.45451
H -1.82991 -6.63317 1.15773
H -1.84905 -8.9803 1.63979
H -1.85386 -8.22926 3.29421
H -3.87901 -9.84306 1.86227
H -4.12362 -9.17108 3.53431
H -5.63956 -8.22911 1.54185
H -3.23056 -2.64329 0.28422
H -1.53382 -3.08063 -0.14953
H -6.6187 -10.51721 5.09548
H -7.33636 -12.08921 4.57452
H -8.41202 -10.72654 5.11438
H -9.35281 -6.42339 3.73563
H -10.11424 -5.34117 2.56026
H -7.937 -4.32143 2.01117
H -8.28654 -4.20707 3.74288
$end

$opt
CONSTRAINT
tors           1           2           3           4     +43.805
tors           3           4           5           6    -126.306
tors           4           5           6           7    -173.720
tors           5           6           7           8    +105.779
tors           6           7           8           9     -68.575
tors           7           8           9          10    +112.021
tors           8           9          10          11    +178.277
tors           9          10          11          12    +178.176
tors          11          12          13          14    +126.295
ENDCONSTRAINT
$end

$rem
JOBTYPE                   OPT
METHOD                    B3LYP
DFT_D                     d3_op
BASIS                     STO-3G
GEOM_OPT_MAX_CYCLES       100
GEOM_OPT_TOL_GRADIENT     300
GEOM_OPT_TOL_DISPLACEMENT 1200
GEOM_OPT_TOL_ENERGY       100
SYMMETRY                  False
THRESH                    12
SCF_CONVERGENCE           8
MAX_SUB_FILE_NUM          128
MEM_STATIC                400
MEM_TOTAL                 4000
$end
