$molecule
0  1
O -3.94934 -3.66094 2.70899
C -3.26408 -4.56952 2.26188
C -3.36658 -6.02376 2.66595
C -4.77722 -6.59361 2.88782
C -5.93441 -5.69621 2.50879
O -6.83154 -5.63669 3.53692
C -8.00189 -4.87582 3.21972
C -9.25452 -5.70859 3.47176
O -9.36751 -6.7366 2.47511
C -9.52514 -7.99631 2.95201
C -9.67409 -9.02562 1.85702
C -9.73077 -10.48194 2.34094
C -9.98877 -10.67669 3.82155
O -10.97563 -11.21274 4.30458
O -2.43671 -4.28109 1.22113
O -8.90073 -10.51688 4.62711
O -9.55053 -8.21431 4.15206
C -8.88705 -10.77311 5.98285
C -10.98741 -8.91465 1.06561
C -10.80013 -9.53554 -0.31673
C -10.69792 -11.00364 0.04542
C -10.97988 -10.93655 1.55224
O -11.84702 -9.83579 1.68917
H -8.80409 -8.87921 1.17649
H -8.82971 -11.0771 2.07336
H -11.36458 -7.87251 0.97692
H -11.74935 -9.37178 -0.87586
H -9.95162 -9.13426 -0.9117
H -11.50752 -11.55163 -0.48587
H -9.71444 -11.47795 -0.16284
H -11.37316 -11.91459 1.9072
O -6.06961 -5.19182 1.39892
C -2.26518 -3.02254 0.6832
C -2.83287 -7.01296 1.60664
C -2.49278 -8.35562 2.25871
C -3.87853 -8.91805 2.48798
C -4.73615 -7.78876 1.9162
O -3.96963 -7.3122 0.83566
H -2.77139 -6.10066 3.60287
H -4.92196 -6.95248 3.93356
H -1.87465 -2.32641 1.45601
H -1.94428 -6.64372 1.05168
H -1.97504 -8.99382 1.5075
H -1.85949 -8.2633 3.16728
H -4.00253 -9.82049 1.84803
H -4.12374 -9.17038 3.54218
H -5.75171 -8.1695 1.66553
H -3.23012 -2.64104 0.2861
H -1.53399 -3.07944 -0.14902
H -7.8769 -10.552 6.38427
H -9.12191 -11.84198 6.17382
H -9.62753 -10.12693 6.50102
H -9.24866 -6.03332 4.53492
H -10.13138 -5.03692 3.35103
H -8.06271 -4.45587 2.19114
H -8.02889 -4.00976 3.91533
$end

$opt
CONSTRAINT
tors           1           2           3           4     +39.961
tors           3           4           5           6    -130.224
tors           4           5           6           7    -176.059
tors           5           6           7           8    +125.772
tors           6           7           8           9     -71.517
tors           7           8           9          10    +127.290
tors           8           9          10          11    +178.490
tors           9          10          11          12    +174.834
tors          11          12          13          14    +115.644
ENDCONSTRAINT
$end

$rem
JOBTYPE                   OPT
METHOD                    B3LYP
DFT_D                     d3_op
BASIS                     STO-3G
GEOM_OPT_MAX_CYCLES       100
GEOM_OPT_TOL_GRADIENT     300
GEOM_OPT_TOL_DISPLACEMENT 1200
GEOM_OPT_TOL_ENERGY       100
SYMMETRY                  False
THRESH                    12
SCF_CONVERGENCE           8
MAX_SUB_FILE_NUM          128
MEM_STATIC                400
MEM_TOTAL                 4000
$end
