$molecule
0  1
O -3.94934 -3.66094 2.70899
C -3.26408 -4.56952 2.26188
C -3.36658 -6.02376 2.66595
C -4.7781 -6.60022 2.8638
C -5.93282 -5.70893 2.46342
O -6.82578 -5.61596 3.49269
C -7.99536 -4.86181 3.15714
C -9.2428 -5.72243 3.32847
O -9.26403 -6.75721 2.33264
C -9.12115 -8.02141 2.80224
C -9.19317 -9.06523 1.71324
C -8.98295 -10.51072 2.18717
C -9.08965 -10.73823 3.68168
O -9.9515 -11.40359 4.23762
O -2.43854 -4.28187 1.21949
O -7.96924 -10.43533 4.39658
O -8.91606 -8.2307 3.98628
C -7.80848 -10.68657 5.74364
C -10.57312 -9.16783 1.03942
C -10.4105 -9.75346 -0.36133
C -10.04269 -11.18477 -0.02661
C -10.20446 -11.16058 1.49906
O -11.22018 -10.21224 1.72185
H -8.42689 -8.77864 0.95708
H -8.02491 -10.95942 1.84288
H -11.11838 -8.19996 0.99397
H -11.41955 -9.74589 -0.83282
H -9.69379 -9.22288 -1.02448
H -10.79388 -11.85768 -0.49657
H -9.01576 -11.49324 -0.3197
H -10.40568 -12.18809 1.87466
O -6.0592 -5.21912 1.34605
C -2.26768 -3.02363 0.68062
C -2.80964 -7.01515 1.62068
C -2.47506 -8.35347 2.28487
C -3.86215 -8.92173 2.4929
C -4.71499 -7.79994 1.9
O -3.93137 -7.32427 0.83113
H -2.78919 -6.09542 3.6144
H -4.93761 -6.95204 3.90988
H -1.87556 -2.32723 1.45239
H -1.91329 -6.6434 1.08002
H -1.94172 -8.99239 1.54529
H -1.85772 -8.25476 3.20369
H -3.97058 -9.82849 1.85627
H -4.12524 -9.16903 3.54405
H -5.72433 -8.18662 1.63373
H -3.23325 -2.64207 0.28511
H -1.53803 -3.08113 -0.15289
H -6.80637 -10.33301 6.06188
H -7.88312 -11.77699 5.94232
H -8.58193 -10.14381 6.32806
H -9.29052 -6.05761 4.38763
H -10.14188 -5.08873 3.17401
H -8.02458 -4.41931 2.13685
H -8.06076 -4.01028 3.86755
$end

$opt
CONSTRAINT
tors           1           2           3           4     +41.005
tors           3           4           5           6    -128.165
tors           4           5           6           7    -175.928
tors           5           6           7           8    +121.071
tors           6           7           8           9     -68.575
tors           7           8           9          10    +113.043
tors           8           9          10          11    +178.277
tors           9          10          11          12    +177.762
tors          11          12          13          14    +114.437
ENDCONSTRAINT
$end

$rem
JOBTYPE                   OPT
METHOD                    B3LYP
DFT_D                     d3_op
BASIS                     STO-3G
GEOM_OPT_MAX_CYCLES       100
GEOM_OPT_TOL_GRADIENT     300
GEOM_OPT_TOL_DISPLACEMENT 1200
GEOM_OPT_TOL_ENERGY       100
SYMMETRY                  False
THRESH                    12
SCF_CONVERGENCE           8
MAX_SUB_FILE_NUM          128
MEM_STATIC                400
MEM_TOTAL                 4000
$end
