$molecule
0  1
O -3.94934 -3.66094 2.70899
C -3.26408 -4.56952 2.26188
C -3.36658 -6.02376 2.66595
C -4.7785 -6.61395 2.81429
C -5.92685 -5.73529 2.37006
O -6.84189 -5.62291 3.37778
C -7.96669 -4.80905 3.02889
C -9.24005 -5.64844 3.01939
O -9.27127 -6.47706 1.84666
C -9.10791 -7.80524 2.06662
C -9.18973 -8.62561 0.80133
C -8.79187 -10.10042 0.9592
C -8.72124 -10.61709 2.38215
O -9.42301 -11.5017 2.85068
O -2.41933 -4.27614 1.23655
O -7.67405 -10.16333 3.12538
O -9.38708 -8.27308 3.16299
C -7.42269 -10.53968 4.42852
C -10.59639 -8.76215 0.19629
C -10.46887 -9.05426 -1.30109
C -9.94874 -10.47763 -1.26867
C -9.99082 -10.7523 0.23894
O -11.07816 -9.98396 0.69775
H -8.52728 -8.11286 0.06648
H -7.82018 -10.34371 0.47529
H -11.23616 -7.86903 0.3658
H -11.49698 -9.06124 -1.72753
H -9.84155 -8.33822 -1.87579
H -10.67399 -11.12828 -1.80585
H -8.92697 -10.6234 -1.68245
H -10.05498 -11.84717 0.42327
O -6.02752 -5.25914 1.24429
C -2.22412 -3.01199 0.72035
C -2.76967 -7.0075 1.63342
C -2.4334 -8.34236 2.30008
C -3.81808 -8.92356 2.48788
C -4.67104 -7.8186 1.86187
O -3.86531 -7.33411 0.81398
H -2.81809 -6.09413 3.63153
H -4.97044 -6.95776 3.85758
H -1.83769 -2.33253 1.51008
H -1.86511 -6.6248 1.11439
H -1.88784 -8.9697 1.55902
H -1.82452 -8.2473 3.22462
H -3.90061 -9.84517 1.86919
H -4.10146 -9.15044 3.53832
H -5.66739 -8.22083 1.57043
H -3.17743 -2.61247 0.31345
H -1.47911 -3.06537 -0.09978
H -6.51611 -10.01303 4.79076
H -7.25055 -11.63553 4.48738
H -8.28065 -10.25969 5.07686
H -9.31312 -6.17137 3.99834
H -10.11772 -4.97022 2.96135
H -7.90097 -4.24849 2.06962
H -8.06322 -4.03947 3.82411
$end

$opt
CONSTRAINT
tors           1           2           3           4     +43.158
tors           3           4           5           6    -126.722
tors           4           5           6           7    -179.665
tors           5           6           7           8    +115.673
tors           6           7           8           9     -74.937
tors           7           8           9          10    +110.044
tors           8           9          10          11    +178.357
tors           9          10          11          12    +170.715
tors          11          12          13          14    +116.993
ENDCONSTRAINT
$end

$rem
JOBTYPE                   OPT
METHOD                    B3LYP
DFT_D                     d3_op
BASIS                     STO-3G
GEOM_OPT_MAX_CYCLES       100
GEOM_OPT_TOL_GRADIENT     300
GEOM_OPT_TOL_DISPLACEMENT 1200
GEOM_OPT_TOL_ENERGY       100
SYMMETRY                  False
THRESH                    12
SCF_CONVERGENCE           8
MAX_SUB_FILE_NUM          128
MEM_STATIC                400
MEM_TOTAL                 4000
$end
