$molecule
0  1
O -3.94934 -3.66094 2.70899
C -3.26408 -4.56952 2.26188
C -3.36658 -6.02376 2.66595
C -4.76575 -6.56065 3.00936
C -5.92925 -5.63252 2.73931
O -6.69273 -5.50594 3.8647
C -7.82345 -4.64675 3.68439
C -9.11662 -5.44082 3.83699
O -9.33788 -6.24517 2.66782
C -9.17079 -7.58014 2.8383
C -9.53259 -8.38004 1.60951
C -9.16172 -9.86886 1.67393
C -8.82487 -10.40699 3.05003
O -9.41862 -11.30888 3.62328
O -2.19455 -4.23707 1.49016
O -7.64442 -9.97622 3.57513
O -9.29226 -8.05679 3.96008
C -7.11369 -10.41396 4.77017
C -11.05063 -8.47625 1.35627
C -11.30008 -8.73298 -0.12817
C -10.79351 -10.15583 -0.25639
C -10.50304 -10.4772 1.21587
O -11.43514 -9.70156 1.92959
H -9.05275 -7.87086 0.74232
H -8.31324 -10.12799 1.00306
H -11.6135 -7.57895 1.69457
H -12.40494 -8.73393 -0.26972
H -10.84436 -8.00309 -0.83134
H -11.6196 -10.78681 -0.65284
H -9.88155 -10.28114 -0.87959
H -10.55087 -11.57569 1.38339
O -6.17454 -5.14324 1.64136
C -1.89838 -2.95499 1.07641
C -3.02945 -6.97295 1.48469
C -2.61347 -8.34641 2.0146
C -3.94901 -8.88837 2.47338
C -4.87107 -7.74687 2.03874
O -4.2664 -7.2443 0.87492
H -2.60925 -6.18919 3.46415
H -4.81569 -6.90462 4.06837
H -1.72373 -2.29866 1.95558
H -2.23367 -6.59031 0.81026
H -2.27075 -8.95045 1.14388
H -1.81407 -8.33002 2.78626
H -4.17764 -9.80732 1.88877
H -4.02776 -9.10228 3.56112
H -5.91656 -8.11369 1.9291
H -2.732 -2.54949 0.46392
H -0.97789 -2.97605 0.45777
H -6.15159 -9.8928 4.95225
H -6.92626 -11.50809 4.72815
H -7.80951 -10.18264 5.60469
H -9.07578 -5.97805 4.80993
H -9.96867 -4.73205 3.90958
H -7.86756 -4.06981 2.73362
H -7.78221 -3.88988 4.49642
$end

$opt
CONSTRAINT
tors           1           2           3           4     +34.661
tors           3           4           5           6    -127.193
tors           4           5           6           7    -179.580
tors           5           6           7           8    +115.576
tors           6           7           8           9     -74.937
tors           7           8           9          10    +108.841
tors           8           9          10          11    +175.020
tors           9          10          11          12    +171.122
tors          11          12          13          14    +119.836
ENDCONSTRAINT
$end

$rem
JOBTYPE                   OPT
METHOD                    B3LYP
DFT_D                     d3_op
BASIS                     STO-3G
GEOM_OPT_MAX_CYCLES       100
GEOM_OPT_TOL_GRADIENT     300
GEOM_OPT_TOL_DISPLACEMENT 1200
GEOM_OPT_TOL_ENERGY       100
SYMMETRY                  False
THRESH                    12
SCF_CONVERGENCE           8
MAX_SUB_FILE_NUM          128
MEM_STATIC                400
MEM_TOTAL                 4000
$end
