$molecule
0  1
O -3.94934 -3.66094 2.70899
C -3.26408 -4.56952 2.26188
C -3.36658 -6.02376 2.66595
C -4.7785 -6.61395 2.81429
C -5.92685 -5.73529 2.37006
O -6.82418 -5.59361 3.38994
C -7.94991 -4.78118 3.04074
C -9.22812 -5.61263 3.07222
O -9.25527 -6.51104 1.95195
C -9.10691 -7.82471 2.25428
C -9.15612 -8.71772 1.03741
C -8.71747 -10.16904 1.28138
C -8.6424 -10.60171 2.73185
O -9.30513 -11.49426 3.24048
O -2.44025 -4.2827 1.21792
O -7.62949 -10.05225 3.45678
O -9.4828 -8.23203 3.34714
C -7.34294 -10.37148 4.76712
C -10.57934 -8.93896 0.48732
C -10.49842 -9.29781 -0.99472
C -9.89218 -10.68482 -0.9154
C -9.89559 -10.89909 0.60423
O -11.00065 -10.15427 1.05592
H -8.53743 -8.22603 0.25173
H -7.73466 -10.40445 0.81678
H -11.25251 -8.06708 0.63943
H -11.54749 -9.38761 -1.35824
H -9.95059 -8.578 -1.64018
H -10.57864 -11.39626 -1.42567
H -8.86478 -10.77868 -1.32942
H -9.91119 -11.98669 0.83653
O -6.03126 -5.26599 1.24178
C -2.27502 -3.026 0.67376
C -2.76231 -7.01636 1.64851
C -2.43923 -8.34709 2.3338
C -3.82755 -8.9281 2.49626
C -4.66952 -7.82 1.86372
O -3.8517 -7.34321 0.82091
H -2.82478 -6.08595 3.6359
H -4.96975 -6.95577 3.85846
H -1.88546 -2.3246 1.44223
H -1.85075 -6.63804 1.13857
H -1.87387 -8.98533 1.6178
H -1.85585 -8.23702 3.27327
H -3.90389 -9.84133 1.86428
H -4.12659 -9.16903 3.53928
H -5.66496 -8.2184 1.56398
H -3.24255 -2.65039 0.27726
H -1.54589 -3.08393 -0.16019
H -6.47236 -9.77199 5.10401
H -7.08973 -11.44978 4.85198
H -8.213 -10.1365 5.41667
H -9.29293 -6.08637 4.07683
H -10.10612 -4.93864 2.98046
H -7.8987 -4.25228 2.06297
H -8.0293 -3.98665 3.81295
$end

$opt
CONSTRAINT
tors           1           2           3           4     +43.158
tors           3           4           5           6    -125.102
tors           4           5           6           7    -179.489
tors           5           6           7           8    +115.673
tors           6           7           8           9     -72.370
tors           7           8           9          10    +110.300
tors           8           9          10          11    +179.501
tors           9          10          11          12    +168.334
tors          11          12          13          14    +118.373
ENDCONSTRAINT
$end

$rem
JOBTYPE                   OPT
METHOD                    B3LYP
DFT_D                     d3_op
BASIS                     STO-3G
GEOM_OPT_MAX_CYCLES       100
GEOM_OPT_TOL_GRADIENT     300
GEOM_OPT_TOL_DISPLACEMENT 1200
GEOM_OPT_TOL_ENERGY       100
SYMMETRY                  False
THRESH                    12
SCF_CONVERGENCE           8
MAX_SUB_FILE_NUM          128
MEM_STATIC                400
MEM_TOTAL                 4000
$end
