$molecule
0  1
O -3.94934 -3.66094 2.70899
C -3.26408 -4.56952 2.26188
C -3.36658 -6.02376 2.66595
C -2.1637 -6.92746 2.34928
C -0.92277 -6.23941 1.8251
O -1.01678 -6.08076 0.47181
C 0.24768 -5.84573 -0.15681
C 1.27898 -6.85122 0.34474
O 2.13997 -7.24857 -0.73401
C 1.51166 -7.58703 -1.88718
C 1.21084 -6.3955 -2.76493
C 2.35962 -5.96577 -3.689
C 3.47841 -6.97283 -3.8646
O 3.65365 -7.67272 -4.85152
O -2.44033 -4.21701 1.24364
O 4.31868 -7.11396 -2.80594
O 1.63197 -8.71089 -2.35081
C 5.38087 -7.99241 -2.76774
C 0.07754 -6.63076 -3.7833
C -0.54603 -5.29391 -4.17859
C 0.5808 -4.69261 -4.99653
C 1.56714 -5.86892 -5.01446
O 0.74104 -7.00583 -4.96373
H 1.11891 -5.40867 -2.27937
H 2.84966 -4.99384 -3.44114
H -0.70061 -7.33496 -3.41606
H -1.39812 -5.52287 -4.85815
H -0.90749 -4.6667 -3.3352
H 0.19571 -4.48088 -6.01865
H 1.04693 -3.77996 -4.56599
H 2.23628 -5.79338 -5.9
O -0.04662 -5.74944 2.53061
C -2.27859 -2.93792 0.74955
C -3.39657 -6.15273 4.2068
C -4.03489 -7.48189 4.60939
C -2.93487 -8.44599 4.22725
C -1.8571 -7.46079 3.76449
O -2.0546 -6.33212 4.57582
H -4.33612 -6.40051 2.27145
H -2.39896 -7.78008 1.67339
H -1.90087 -2.26476 1.54845
H -3.93011 -5.31725 4.71102
H -4.13381 -7.48099 5.71873
H -5.02728 -7.68537 4.15262
H -2.59954 -8.97856 5.1451
H -3.19859 -9.18136 3.43664
H -0.85336 -7.93741 3.82835
H -3.24397 -2.55355 0.35666
H -1.54002 -2.95965 -0.07797
H 5.8942 -7.89962 -1.78881
H 6.10471 -7.75287 -3.57586
H 5.01832 -9.0361 -2.88423
H 1.87009 -6.48668 1.20998
H 0.75576 -7.78715 0.64813
H 0.58668 -4.78814 -0.1037
H -0.25687 -6.06233 -1.08805
$end

$opt
CONSTRAINT
tors           1           2           3           4    -161.053
tors           3           4           5           6     -85.263
tors           4           5           6           7    -161.053
tors           5           6           7           8     +47.368
tors           6           7           8           9    +142.105
tors           7           8           9          10     -47.368
tors           8           9          10          11     +85.263
tors           9          10          11          12     +85.263
tors          11          12          13          14    +104.211
ENDCONSTRAINT
$end

$rem
JOBTYPE                   OPT
METHOD                    B3LYP
DFT_D                     d3_op
BASIS                     STO-3G
GEOM_OPT_MAX_CYCLES       100
GEOM_OPT_TOL_GRADIENT     300
GEOM_OPT_TOL_DISPLACEMENT 1200
GEOM_OPT_TOL_ENERGY       100
SYMMETRY                  False
THRESH                    12
SCF_CONVERGENCE           8
MAX_SUB_FILE_NUM          128
MEM_STATIC                400
MEM_TOTAL                 4000
$end
