$molecule
0  1
O -3.94934 -3.66094 2.70899
C -3.26408 -4.56952 2.26188
C -3.36658 -6.02376 2.66595
C -2.05424 -6.81773 2.77194
C -0.77335 -6.02476 2.63554
O -1.05672 -4.75164 2.23022
C -0.09916 -4.2296 1.30296
C -0.15991 -5.00603 -0.00837
O 0.95868 -5.9024 -0.09866
C 2.17427 -5.30964 -0.19924
C 3.31177 -6.23495 0.16209
C 2.95505 -7.33571 1.17171
C 1.47502 -7.57466 1.39332
O 0.57173 -6.86814 0.96967
O -2.98742 -4.43706 0.92682
O 1.21518 -8.77907 1.97613
O 2.34028 -4.10132 -0.31954
C 0.0119 -9.42728 2.0969
C 3.77047 -7.08347 -1.04106
C 5.21717 -7.52334 -0.82962
C 5.04338 -8.51243 0.3031
C 3.51191 -8.55373 0.39523
O 3.07601 -8.29685 -0.91563
H 4.17343 -5.60333 0.47807
H 3.43286 -7.20399 2.16674
H 3.6661 -6.55937 -2.01652
H 5.51779 -8.0795 -1.74676
H 5.95202 -6.71154 -0.64018
H 5.45812 -9.49221 -0.02239
H 5.4921 -8.20848 1.27371
H 3.19649 -9.53008 0.82201
O 0.17194 -6.20359 3.39647
C -3.22135 -3.30281 0.17121
C -3.90534 -6.18139 4.10506
C -4.5256 -7.56636 4.28338
C -3.2845 -8.42863 4.29786
C -2.19975 -7.35034 4.22051
O -2.7539 -6.25528 4.90364
H -4.10059 -6.49386 1.97223
H -2.02605 -7.60872 1.99626
H -2.66753 -2.43716 0.5916
H -4.64798 -5.40562 4.39253
H -4.98673 -7.594 5.29685
H -5.28971 -7.84411 3.52584
H -3.23629 -8.95688 5.27624
H -3.20175 -9.16073 3.46556
H -1.25563 -7.746 4.65175
H -4.30803 -3.07379 0.15132
H -2.87673 -3.48044 -0.86799
H 0.20644 -10.47533 2.4029
H -0.53052 -9.4367 1.12775
H -0.57421 -8.98464 2.90625
H -1.12608 -5.53221 -0.16114
H -0.08982 -4.29315 -0.86228
H 0.91189 -4.11662 1.75007
H -0.44688 -3.19897 1.08498
$end

$opt
CONSTRAINT
tors           1           2           3           4    -142.105
tors           3           4           5           6      -9.474
tors           4           5           6           7    -142.105
tors           5           6           7           8     +66.316
tors           6           7           8           9    -104.211
tors           7           8           9          10     -66.316
tors           8           9          10          11    +161.053
tors           9          10          11          12     -28.421
tors          11          12          13          14      -9.474
ENDCONSTRAINT
$end

$rem
JOBTYPE                   OPT
METHOD                    B3LYP
DFT_D                     d3_op
BASIS                     STO-3G
GEOM_OPT_MAX_CYCLES       100
GEOM_OPT_TOL_GRADIENT     300
GEOM_OPT_TOL_DISPLACEMENT 1200
GEOM_OPT_TOL_ENERGY       100
SYMMETRY                  False
THRESH                    12
SCF_CONVERGENCE           8
MAX_SUB_FILE_NUM          128
MEM_STATIC                400
MEM_TOTAL                 4000
$end
