$molecule
0  1
O -3.94934 -3.66094 2.70899
C -3.26408 -4.56952 2.26188
C -3.36658 -6.02376 2.66595
C -2.09215 -6.69516 3.20345
C -0.90361 -5.79095 3.44399
O -1.18083 -4.92041 4.45924
C -0.05651 -4.67024 5.30929
C -0.51056 -4.55329 6.7606
O -1.86231 -4.07072 6.81312
C -2.38116 -3.92404 8.05748
C -3.80272 -3.41445 8.0459
C -3.94226 -1.88716 7.96711
C -2.69505 -1.12994 7.55749
O -1.66531 -1.05341 8.21196
O -2.3779 -4.29245 1.2698
O -2.7198 -0.49195 6.35439
O -1.85865 -4.38637 9.06439
C -1.66068 0.20979 5.81745
C -4.70643 -3.85815 6.88795
C -6.17194 -3.79595 7.31496
C -6.38269 -2.29902 7.38396
C -5.02698 -1.80495 6.86616
O -4.62227 -2.80524 5.95983
H -4.25271 -3.77857 8.99844
H -4.28296 -1.43405 8.92409
H -4.47271 -4.8716 6.5306
H -6.77369 -4.20198 6.47003
H -6.42423 -4.35283 8.24296
H -7.19738 -2.0276 6.67624
H -6.60582 -1.89579 8.39544
H -5.14257 -0.78042 6.44999
O 0.19922 -5.95213 2.93659
C -2.15745 -3.03236 0.7549
C -4.32224 -6.29478 3.84598
C -4.81212 -7.74242 3.80193
C -3.55702 -8.48159 4.22379
C -2.62111 -7.30292 4.50987
O -3.48524 -6.30165 4.97699
H -3.74387 -6.55135 1.761
H -1.73732 -7.48514 2.50369
H -1.79577 -2.35087 1.55446
H -5.19018 -5.60094 3.88036
H -5.57482 -7.85809 4.60522
H -5.25034 -8.06183 2.83202
H -3.77423 -9.03433 5.16484
H -3.13646 -9.17627 3.46495
H -1.7996 -7.60546 5.19598
H -3.09396 -2.63006 0.31272
H -1.38518 -3.09392 -0.03897
H -1.96009 0.62207 4.83216
H -0.78994 -0.46525 5.67291
H -1.37895 1.05026 6.48708
H -0.51815 -5.58645 7.17525
H 0.20098 -3.93331 7.35109
H 0.287 -3.65073 5.02977
H 0.81918 -5.35214 5.20618
$end

$opt
CONSTRAINT
tors           1           2           3           4    -123.158
tors           3           4           5           6     +66.316
tors           4           5           6           7    +142.105
tors           5           6           7           8    -142.105
tors           6           7           8           9     -28.421
tors           7           8           9          10    -180.000
tors           8           9          10          11    -180.000
tors           9          10          11          12     -85.263
tors          11          12          13          14     -66.316
ENDCONSTRAINT
$end

$rem
JOBTYPE                   OPT
METHOD                    B3LYP
DFT_D                     d3_op
BASIS                     STO-3G
GEOM_OPT_MAX_CYCLES       100
GEOM_OPT_TOL_GRADIENT     300
GEOM_OPT_TOL_DISPLACEMENT 1200
GEOM_OPT_TOL_ENERGY       100
SYMMETRY                  False
THRESH                    12
SCF_CONVERGENCE           8
MAX_SUB_FILE_NUM          128
MEM_STATIC                400
MEM_TOTAL                 4000
$end
