$molecule
0  1
O -3.94934 -3.66094 2.70899
C -3.26408 -4.56952 2.26188
C -3.36658 -6.02376 2.66595
C -2.27333 -6.57303 3.59705
C -1.29943 -5.56331 4.16282
O -0.6758 -6.0847 5.26039
C -1.42233 -5.90843 6.46905
C -1.682 -7.25908 7.12819
O -2.76908 -7.14786 8.06027
C -3.60682 -8.21321 8.10887
C -2.94313 -9.45964 8.64421
C -3.3689 -10.76557 7.95751
C -4.09662 -10.61108 6.63719
O -4.78522 -9.65363 6.31518
O -2.2761 -4.2688 1.37687
O -4.24123 -11.78312 5.95712
O -4.80824 -8.03295 8.2475
C -4.97048 -11.9874 4.80562
C -1.42134 -9.69843 8.7665
C -1.11521 -10.78655 9.80966
C -1.48688 -12.03266 9.04426
C -1.97916 -11.41407 7.74154
O -1.1018 -10.32811 7.55342
H -3.31656 -9.4728 9.69336
H -4.01348 -11.41883 8.58777
H -0.84142 -8.81887 9.08949
H -0.01972 -10.81471 10.00793
H -1.65661 -10.64056 10.76925
H -0.55667 -12.60403 8.82413
H -2.22365 -12.69886 9.54269
H -1.96904 -12.18556 6.94126
O -1.21603 -4.37542 3.89523
C -2.01258 -2.9988 0.90787
C -4.68954 -6.32463 3.39141
C -5.14564 -7.70615 2.98202
C -3.99526 -8.5019 3.53158
C -3.29956 -7.42224 4.41569
O -4.3132 -6.51067 4.7218
H -3.38462 -6.55746 1.68569
H -1.61259 -7.28445 3.05458
H -1.74557 -2.32659 1.75119
H -5.50803 -5.5911 3.22206
H -6.07066 -7.91201 3.56952
H -5.35038 -7.87424 1.90259
H -4.4428 -9.34044 4.06676
H -3.28645 -8.89721 2.77137
H -2.96275 -8.00625 5.22106
H -2.89965 -2.59679 0.37329
H -1.15841 -3.04195 0.20151
H -4.97339 -13.07215 4.57443
H -4.49749 -11.4769 3.94667
H -6.02002 -11.65124 4.94416
H -1.61101 -8.18266 6.54362
H -0.73157 -7.35192 7.68143
H -2.41692 -5.44365 6.2643
H -0.90494 -5.21254 7.16641
$end

$opt
CONSTRAINT
tors           1           2           3           4    -104.211
tors           3           4           5           6    +161.053
tors           4           5           6           7     -85.263
tors           5           6           7           8    +123.158
tors           6           7           8           9    -161.053
tors           7           8           9          10    +142.105
tors           8           9          10          11     +66.316
tors           9          10          11          12    -142.105
tors          11          12          13          14     -28.421
ENDCONSTRAINT
$end

$rem
JOBTYPE                   OPT
METHOD                    B3LYP
DFT_D                     d3_op
BASIS                     STO-3G
GEOM_OPT_MAX_CYCLES       100
GEOM_OPT_TOL_GRADIENT     300
GEOM_OPT_TOL_DISPLACEMENT 1200
GEOM_OPT_TOL_ENERGY       100
SYMMETRY                  False
THRESH                    12
SCF_CONVERGENCE           8
MAX_SUB_FILE_NUM          128
MEM_STATIC                400
MEM_TOTAL                 4000
$end
