$molecule
0  1
O -3.94934 -3.66094 2.70899
C -3.26408 -4.56952 2.26188
C -3.36658 -6.02376 2.66595
C -2.57813 -6.46456 3.91009
C -1.91791 -5.36653 4.71416
O -0.57679 -5.60562 4.81237
C 0.22505 -4.52839 4.31648
C 1.70548 -4.86644 4.45859
O 1.96779 -5.37137 5.77734
C 3.12105 -6.07151 5.91495
C 4.19076 -5.64079 4.93982
C 4.72189 -4.21525 5.14962
C 4.38429 -3.57349 6.48037
O 4.09851 -2.39665 6.64753
O -2.24554 -4.26596 1.41601
O 4.56352 -4.33866 7.59287
O 3.28437 -6.88166 6.81443
C 4.35871 -3.90307 8.88526
C 5.51029 -6.44337 5.10578
C 6.32855 -6.38858 3.81388
C 6.76393 -4.93897 3.82085
C 6.23648 -4.50696 5.1943
O 6.30066 -5.67497 5.97322
H 3.89684 -5.85578 3.8926
H 4.48204 -3.49704 4.33592
H 5.35235 -7.5039 5.40052
H 7.22481 -7.02969 3.97767
H 5.81084 -6.72369 2.8895
H 7.87546 -4.90671 3.78546
H 6.33576 -4.30975 3.01064
H 6.81777 -3.63824 5.5771
O -2.46545 -4.35023 5.1206
C -1.95286 -2.99158 0.9781
C -4.79943 -6.37111 3.13052
C -5.04137 -7.87673 3.01863
C -4.20468 -8.38178 4.17398
C -3.71508 -7.05472 4.76144
O -4.77801 -6.16687 4.52113
H -3.14924 -6.63236 1.75932
H -1.81989 -7.24218 3.66023
H -1.70386 -2.33827 1.84159
H -5.58517 -5.82031 2.56757
H -6.11428 -8.06111 3.25329
H -4.80119 -8.3179 2.0274
H -4.87729 -8.89359 4.89797
H -3.36529 -9.05517 3.89579
H -3.42094 -7.18895 5.8263
H -2.8182 -2.56944 0.42359
H -1.07782 -3.033 0.29766
H 4.57696 -4.73374 9.58719
H 3.3014 -3.58942 9.01918
H 5.03614 -3.05307 9.11495
H 1.82186 -5.68531 3.71251
H 2.30188 -3.97291 4.19229
H 0.02906 -3.62026 4.93023
H -0.0103 -4.3015 3.25179
$end

$opt
CONSTRAINT
tors           1           2           3           4     -85.263
tors           3           4           5           6    -123.158
tors           4           5           6           7    +123.158
tors           5           6           7           8    -180.000
tors           6           7           8           9     -47.368
tors           7           8           9          10    +161.053
tors           8           9          10          11     +28.421
tors           9          10          11          12     +66.316
tors          11          12          13          14    -142.105
ENDCONSTRAINT
$end

$rem
JOBTYPE                   OPT
METHOD                    B3LYP
DFT_D                     d3_op
BASIS                     STO-3G
GEOM_OPT_MAX_CYCLES       100
GEOM_OPT_TOL_GRADIENT     300
GEOM_OPT_TOL_DISPLACEMENT 1200
GEOM_OPT_TOL_ENERGY       100
SYMMETRY                  False
THRESH                    12
SCF_CONVERGENCE           8
MAX_SUB_FILE_NUM          128
MEM_STATIC                400
MEM_TOTAL                 4000
$end
