$molecule
0  1
O -3.94934 -3.66094 2.70899
C -3.26408 -4.56952 2.26188
C -3.36658 -6.02376 2.66595
C -2.97353 -6.38153 4.10864
C -2.69204 -5.22192 5.03825
O -2.35789 -5.69066 6.27681
C -2.95032 -6.95861 6.57775
C -1.96786 -7.82593 7.35792
O -2.05519 -7.5247 8.75953
C -3.31163 -7.4699 9.26699
C -4.16466 -8.64577 8.85427
C -5.67817 -8.4301 8.9994
C -6.1263 -6.99421 9.1841
O -5.63475 -6.19329 9.96607
O -2.34854 -4.27754 1.29946
O -7.08402 -6.53721 8.33235
O -3.41189 -7.01433 10.39527
C -7.56464 -5.24457 8.31556
C -4.33256 -9.48936 7.49216
C -4.83658 -10.91509 7.79589
C -6.29147 -10.65949 8.06722
C -6.33797 -9.15619 7.83397
O -5.42502 -8.92911 6.81025
H -3.8079 -9.42183 9.56867
H -6.00397 -8.8756 9.9668
H -3.51055 -9.72909 6.82133
H -4.7801 -11.525 6.86305
H -4.28032 -11.44854 8.59632
H -6.90121 -11.17367 7.2902
H -6.64568 -10.95401 9.0789
H -7.38657 -8.84261 7.64247
O -2.41902 -4.07699 4.72138
C -2.12268 -3.01239 0.79896
C -4.75654 -6.52577 2.36097
C -4.77087 -8.05217 2.30728
C -4.65951 -8.35436 3.77307
C -4.50821 -6.93453 4.33093
O -5.38721 -6.18898 3.53369
H -2.65162 -6.54373 1.98611
H -2.15399 -7.14039 4.09864
H -1.79197 -2.33248 1.61307
H -5.18242 -6.09091 1.42895
H -5.7521 -8.42044 1.93252
H -3.9485 -8.45627 1.67775
H -5.64758 -8.74611 4.10841
H -3.86459 -9.07327 4.06427
H -4.94823 -6.95037 5.32968
H -3.04841 -2.61532 0.33018
H -1.3256 -3.0626 0.02915
H -8.33611 -5.154 7.52369
H -6.74033 -4.53317 8.09451
H -8.02536 -4.99482 9.29515
H -1.82634 -8.91232 7.26233
H -0.94891 -7.55286 7.00354
H -2.96408 -7.77343 5.8529
H -3.93036 -6.81138 7.06138
$end

$opt
CONSTRAINT
tors           1           2           3           4     -66.316
tors           3           4           5           6    -180.000
tors           4           5           6           7     -28.421
tors           5           6           7           8    +142.105
tors           6           7           8           9     +85.263
tors           7           8           9          10     +47.368
tors           8           9          10          11     +47.368
tors           9          10          11          12    -161.053
tors          11          12          13          14     -47.368
ENDCONSTRAINT
$end

$rem
JOBTYPE                   OPT
METHOD                    B3LYP
DFT_D                     d3_op
BASIS                     STO-3G
GEOM_OPT_MAX_CYCLES       100
GEOM_OPT_TOL_GRADIENT     300
GEOM_OPT_TOL_DISPLACEMENT 1200
GEOM_OPT_TOL_ENERGY       100
SYMMETRY                  False
THRESH                    12
SCF_CONVERGENCE           8
MAX_SUB_FILE_NUM          128
MEM_STATIC                400
MEM_TOTAL                 4000
$end
