$molecule
0  1
O -3.94934 -3.66094 2.70899
C -3.26408 -4.56952 2.26188
C -3.36658 -6.02376 2.66595
C -3.41669 -6.33291 4.1712
C -3.53792 -5.14515 5.09996
O -4.85154 -4.79909 5.24163
C -5.62675 -5.79551 5.91649
C -4.81038 -7.07298 6.08305
O -3.41168 -6.75428 6.15332
C -3.09117 -5.46899 5.86268
C -2.33832 -4.78369 6.97814
C -2.99001 -3.49615 7.50334
C -4.43607 -3.27784 7.10591
O -5.02439 -2.20651 7.13221
O -2.28007 -4.25532 1.37484
O -5.14205 -4.18659 7.83168
O -1.64153 -5.86904 5.12049
C -6.30703 -3.93575 8.55432
C -2.16278 -5.55214 8.32502
C -0.90971 -5.05332 9.04881
C -1.34751 -3.65421 9.44304
C -2.82302 -3.70335 9.02719
O -3.16906 -5.06082 9.17528
H -1.30157 -4.46562 6.68887
H -2.45128 -2.60156 7.11641
H -2.10893 -6.65644 8.21896
H -0.81416 -5.66889 9.97269
H 0.04443 -5.10934 8.48218
H -1.23588 -3.5499 10.54503
H -0.81856 -2.82652 8.92283
H -3.42738 -2.97495 9.61064
O -2.97076 -3.87018 4.58283
C -2.04586 -2.9854 0.88991
C -4.32658 -6.66388 1.71334
C -4.05253 -8.15583 1.59394
C -4.4938 -8.56671 2.95149
C -4.83344 -7.17043 3.54814
O -5.42802 -6.50379 2.47545
H -2.36155 -6.38308 2.33451
H -2.81701 -7.32489 4.24236
H -1.79722 -2.29574 1.72454
H -4.3585 -6.19088 0.70442
H -4.71185 -8.61368 0.82198
H -2.98581 -8.36642 1.36219
H -5.43333 -9.15594 2.80728
H -3.79068 -9.19782 3.5357
H -5.72219 -7.50516 4.08774
H -2.9421 -2.61308 0.34857
H -1.19103 -3.01754 0.18398
H -6.63995 -4.87178 9.04722
H -7.11385 -3.5784 7.8781
H -6.11337 -3.17428 9.33967
H -5.04953 -7.30076 7.14431
H -5.05999 -8.1321 5.84785
H -6.47359 -6.0094 5.23998
H -6.3254 -5.56644 6.72163
$end

$opt
CONSTRAINT
tors           1           2           3           4     -47.368
tors           3           4           5           6     +85.263
tors           4           5           6           7     +66.316
tors           5           6           7           8      -9.474
tors           6           7           8           9     +28.421
tors           7           8           9          10      -9.474
tors           8           9          10          11    +123.158
tors           9          10          11          12    -123.158
tors          11          12          13          14    -161.053
ENDCONSTRAINT
$end

$rem
JOBTYPE                   OPT
METHOD                    B3LYP
DFT_D                     d3_op
BASIS                     STO-3G
GEOM_OPT_MAX_CYCLES       100
GEOM_OPT_TOL_GRADIENT     300
GEOM_OPT_TOL_DISPLACEMENT 1200
GEOM_OPT_TOL_ENERGY       100
SYMMETRY                  False
THRESH                    12
SCF_CONVERGENCE           8
MAX_SUB_FILE_NUM          128
MEM_STATIC                400
MEM_TOTAL                 4000
$end
