$molecule
0  1
O -3.94934 -3.66094 2.70899
C -3.26408 -4.56952 2.26188
C -3.36658 -6.02376 2.66595
C -3.85957 -6.32399 4.09097
C -4.36389 -5.14454 4.89263
O -3.7372 -4.00252 4.48219
C -2.64744 -4.24873 3.58717
C -3.0536 -3.90588 2.15762
O -2.48222 -4.85656 1.24514
C -1.41518 -4.4142 0.5346
C -0.35566 -5.47323 0.34343
C -0.56563 -6.75443 1.16363
C -1.94672 -6.93845 1.7598
O -2.19088 -7.09636 2.94724
O -4.37265 -4.79212 0.74922
O -2.70175 -7.61653 0.8063
O -1.36941 -3.34816 -0.06786
C -3.05274 -7.339 -0.51374
C 0.07529 -6.02851 -1.02726
C 1.5538 -6.42516 -0.96421
C 1.48267 -7.64864 -0.05541
C -0.03936 -7.78107 0.12065
O -0.51649 -7.29524 -1.11123
H 0.53391 -4.93832 0.74931
H 0.10577 -6.76786 2.05202
H -0.12237 -5.32838 -1.86676
H 1.84506 -6.75826 -1.98633
H 2.25517 -5.62923 -0.63306
H 1.88958 -8.52016 -0.61461
H 2.00701 -7.54848 0.91931
H -0.32038 -8.82265 0.38721
O -5.00234 -5.19393 5.93378
C -5.08674 -3.80443 0.09134
C -4.69788 -7.10459 2.19647
C -4.45932 -8.65056 2.36316
C -4.47049 -8.77956 3.84802
C -4.99043 -7.39699 4.18228
O -5.79106 -7.03765 3.12223
H -4.37868 -5.70347 2.56115
H -3.0913 -6.67014 4.83626
H -4.91953 -2.80821 0.54893
H -5.09658 -6.97706 1.16223
H -5.39915 -9.11723 1.9796
H -3.6664 -9.27275 1.9044
H -5.16526 -9.60087 4.13293
H -3.47879 -8.93932 4.32392
H -5.499 -7.43531 5.17074
H -6.1679 -4.04685 0.12978
H -4.75901 -3.76741 -0.96781
H -2.68853 -8.152 -1.17405
H -2.71288 -6.34273 -0.84985
H -4.14725 -7.36244 -0.65047
H -2.39914 -2.72063 1.88017
H -2.39914 -2.72063 1.88017
H -1.75766 -4.86046 3.99835
H -1.94141 -3.40428 3.88998
$end

$opt
CONSTRAINT
tors           1           2           3           4     -28.421
tors           3           4           5           6     -28.421
tors           4           5           6           7      -9.474
tors           5           6           7           8    +104.211
tors           6           7           8           9    -142.105
tors           7           8           9          10    -104.211
tors           8           9          10          11    +142.105
tors           9          10          11          12      -9.474
tors          11          12          13          14    -123.158
ENDCONSTRAINT
$end

$rem
JOBTYPE                   OPT
METHOD                    B3LYP
DFT_D                     d3_op
BASIS                     STO-3G
GEOM_OPT_MAX_CYCLES       100
GEOM_OPT_TOL_GRADIENT     300
GEOM_OPT_TOL_DISPLACEMENT 1200
GEOM_OPT_TOL_ENERGY       100
SYMMETRY                  False
THRESH                    12
SCF_CONVERGENCE           8
MAX_SUB_FILE_NUM          128
MEM_STATIC                400
MEM_TOTAL                 4000
$end
