$molecule
0  1
O -3.94934 -3.66094 2.70899
C -3.26408 -4.56952 2.26188
C -3.36658 -6.02376 2.66595
C -4.25419 -6.35572 3.87665
C -5.08044 -5.22016 4.4387
O -4.51746 -4.76583 5.59718
C -3.49042 -3.7925 5.38026
C -2.30026 -4.43281 4.67339
O -1.42869 -5.04338 5.63798
C -0.51487 -4.21649 6.20394
C 0.74231 -4.07628 5.37903
C 1.09959 -2.63614 4.98325
C 0.37875 -1.54301 5.74624
O 0.91775 -0.64937 6.383
O -2.40548 -4.29863 1.24402
O -0.96758 -1.47836 5.57365
O -0.64915 -3.76984 7.33344
C -1.7833 -0.52276 6.14261
C 2.02848 -4.4968 6.11665
C 3.09066 -4.90292 5.0969
C 3.41452 -3.55792 4.47604
C 2.58926 -2.63158 5.37969
O 2.56122 -3.29564 6.6209
H 0.63459 -4.71619 4.47219
H 0.92102 -2.44406 3.9023
H 1.86656 -5.31156 6.85579
H 3.97451 -5.24837 5.68019
H 2.79795 -5.69773 4.37754
H 4.50526 -3.37259 4.59264
H 3.11709 -3.44267 3.4111
H 3.02629 -1.60898 5.38093
O -6.02787 -4.67183 3.89214
C -2.19042 -3.039 0.72599
C -4.10612 -6.83313 1.57461
C -3.74832 -8.3166 1.67616
C -4.48202 -8.69744 2.94456
C -5.20949 -7.38276 3.24757
O -5.45358 -6.8274 1.97861
H -2.35296 -6.48264 2.73243
H -3.65577 -6.80462 4.70286
H -1.79994 -2.36311 1.51699
H -3.90659 -6.46725 0.54318
H -4.23973 -8.82789 0.81726
H -2.6624 -8.55197 1.66532
H -5.21006 -9.50283 2.70089
H -3.83482 -9.01327 3.7913
H -6.10421 -7.56995 3.88201
H -3.13625 -2.62789 0.31285
H -1.44219 -3.10421 -0.09025
H -2.83201 -0.70814 5.83323
H -1.48405 0.49051 5.79937
H -1.72169 -0.57931 7.25038
H -1.78399 -4.89799 3.85908
H -1.83611 -3.46894 4.35843
H -3.16567 -3.39245 6.36409
H -3.92 -2.90983 4.85889
$end

$opt
CONSTRAINT
tors           1           2           3           4      -9.474
tors           3           4           5           6    -104.211
tors           4           5           6           7     +85.263
tors           5           6           7           8     -66.316
tors           6           7           8           9     -85.263
tors           7           8           9          10     -85.263
tors           8           9          10          11     -85.263
tors           9          10          11          12    +123.158
tors          11          12          13          14    +123.158
ENDCONSTRAINT
$end

$rem
JOBTYPE                   OPT
METHOD                    B3LYP
DFT_D                     d3_op
BASIS                     STO-3G
GEOM_OPT_MAX_CYCLES       100
GEOM_OPT_TOL_GRADIENT     300
GEOM_OPT_TOL_DISPLACEMENT 1200
GEOM_OPT_TOL_ENERGY       100
SYMMETRY                  False
THRESH                    12
SCF_CONVERGENCE           8
MAX_SUB_FILE_NUM          128
MEM_STATIC                400
MEM_TOTAL                 4000
$end
