$molecule
0  1
O -3.94934 -3.66094 2.70899
C -3.26408 -4.56952 2.26188
C -3.36658 -6.02376 2.66595
C -4.73745 -6.52338 3.15068
C -5.89497 -5.55994 3.00924
O -6.88685 -6.13239 2.265
C -6.50937 -6.35914 0.90289
C -5.77905 -7.69193 0.77474
O -6.65076 -8.67364 0.19229
C -6.41056 -8.96758 -1.10965
C -5.716 -10.29576 -1.2945
C -4.22034 -10.20293 -1.63018
C -3.57011 -8.85643 -1.38352
O -3.27113 -8.04479 -2.24747
O -2.33832 -4.28962 1.30907
O -2.70646 -8.88113 -0.33166
O -6.50726 -8.13512 -1.99948
C -1.38705 -8.47184 -0.44021
C -5.66582 -11.23321 -0.06052
C -5.56131 -12.68296 -0.52832
C -4.15593 -12.69547 -1.09067
C -3.68269 -11.29615 -0.67495
O -4.39609 -11.02408 0.50624
H -6.29746 -10.82112 -2.08564
H -4.02689 -10.45152 -2.69719
H -6.53416 -11.12659 0.62508
H -5.58347 -13.31412 0.38948
H -6.35312 -13.03141 -1.22573
H -3.57877 -13.4925 -0.5716
H -4.08635 -12.82717 -2.19223
H -2.57369 -11.28831 -0.59538
O -6.13921 -4.64178 3.78411
C -2.11135 -3.03122 0.79304
C -2.54681 -7.28936 2.43119
C -1.93321 -7.81134 3.73374
C -3.20141 -8.2299 4.47719
C -4.28495 -8.02575 3.37908
O -3.52417 -8.28178 2.21471
H -2.91371 -5.68431 3.62977
H -4.78074 -6.36194 4.25274
H -1.7937 -2.33753 1.6006
H -1.80202 -7.1183 1.64494
H -1.34561 -8.7201 3.47039
H -1.27649 -7.10392 4.28494
H -3.09995 -9.30687 4.73736
H -3.41802 -7.65327 5.40181
H -5.13451 -8.70767 3.60794
H -3.03299 -2.64556 0.30683
H -1.30485 -3.08967 0.03366
H -0.84395 -8.70664 0.49719
H -1.32866 -7.38397 -0.6601
H -0.88263 -9.03921 -1.25182
H -4.82399 -7.55103 0.24899
H -5.78156 -8.17092 1.71129
H -5.8794 -5.5241 0.51488
H -7.42218 -6.36267 0.26964
$end

$opt
CONSTRAINT
tors           1           2           3           4     +28.421
tors           3           4           5           6    +123.158
tors           4           5           6           7     -66.316
tors           5           6           7           8     +85.263
tors           6           7           8           9    +104.211
tors           7           8           9          10    +104.211
tors           8           9          10          11    +104.211
tors           9          10          11          12    -104.211
tors          11          12          13          14    -104.211
ENDCONSTRAINT
$end

$rem
JOBTYPE                   OPT
METHOD                    B3LYP
DFT_D                     d3_op
BASIS                     STO-3G
GEOM_OPT_MAX_CYCLES       100
GEOM_OPT_TOL_GRADIENT     300
GEOM_OPT_TOL_DISPLACEMENT 1200
GEOM_OPT_TOL_ENERGY       100
SYMMETRY                  False
THRESH                    12
SCF_CONVERGENCE           8
MAX_SUB_FILE_NUM          128
MEM_STATIC                400
MEM_TOTAL                 4000
$end
