$molecule
0  1
O -3.94934 -3.66094 2.70899
C -3.26408 -4.56952 2.26188
C -3.36658 -6.02376 2.66595
C -4.77372 -6.64113 2.71769
C -5.90468 -5.78727 2.1886
O -5.55781 -5.255 0.97956
C -4.63048 -6.06728 0.25188
C -3.20288 -5.75474 0.68826
O -2.32952 -6.83131 0.31261
C -1.28041 -6.4839 -0.4734
C -1.23985 -7.25115 -1.77353
C -2.60791 -7.71582 -2.29389
C -3.81543 -7.05869 -1.6561
O -4.84155 -6.74235 -2.24055
O -1.94064 -4.17086 2.08526
O -4.06243 -8.08087 -0.52783
O -0.33674 -5.83668 -0.04358
C -4.15268 -7.99445 1.03333
C -0.76762 -6.36914 -2.94919
C -0.19678 -7.255 -4.0537
C -1.46082 -7.91106 -4.56304
C -2.51022 -7.1585 -3.73424
O -1.94808 -5.88716 -3.53393
H -0.50408 -8.07536 -1.63905
H -2.73586 -8.82238 -2.33075
H -0.02022 -5.59932 -2.65709
H 0.1945 -6.57387 -4.84348
H 0.60893 -7.95455 -3.74331
H -1.56407 -7.6768 -5.64592
H -1.52653 -9.00877 -4.40126
H -3.48475 -7.17642 -4.27013
O -7.04536 -5.69493 2.63877
C -1.48524 -2.88004 1.88314
C -2.61357 -7.05585 3.65142
C -2.87998 -6.92116 5.19162
C -4.33537 -7.39022 5.26721
C -4.57521 -7.80908 3.78752
O -3.28491 -8.2778 3.47531
H -3.18904 -5.43331 3.57903
H -5.11625 -6.03213 3.5854
H -0.79727 -2.60261 2.70788
H -1.52398 -7.09405 3.43235
H -2.23864 -7.67414 5.70411
H -2.67866 -5.92623 5.64547
H -4.3735 -8.28604 5.92613
H -5.06356 -6.64047 5.64565
H -5.381 -8.56853 3.69856
H -2.31049 -2.13848 1.83436
H -0.92889 -2.84085 0.92415
H -4.41102 -5.37047 1.74004
H -3.3052 -8.63307 1.35257
H -5.07605 -8.574 1.28507
H -2.88434 -4.85451 0.03933
H -2.88434 -4.85451 0.03933
H -4.80772 -5.36032 -0.60255
H -4.80772 -5.36032 -0.60255
$end

$opt
CONSTRAINT
tors           1           2           3           4     +47.368
tors           3           4           5           6     +47.368
tors           4           5           6           7     +28.421
tors           5           6           7           8     -85.263
tors           6           7           8           9    +161.053
tors           7           8           9          10    +123.158
tors           8           9          10          11    -123.158
tors           9          10          11          12     +28.421
tors          11          12          13          14    +142.105
ENDCONSTRAINT
$end

$rem
JOBTYPE                   OPT
METHOD                    B3LYP
DFT_D                     d3_op
BASIS                     STO-3G
GEOM_OPT_MAX_CYCLES       100
GEOM_OPT_TOL_GRADIENT     300
GEOM_OPT_TOL_DISPLACEMENT 1200
GEOM_OPT_TOL_ENERGY       100
SYMMETRY                  False
THRESH                    12
SCF_CONVERGENCE           8
MAX_SUB_FILE_NUM          128
MEM_STATIC                400
MEM_TOTAL                 4000
$end
