$molecule
0  1
O -3.94934 -3.66094 2.70899
C -3.26408 -4.56952 2.26188
C -3.36658 -6.02376 2.66595
C -4.66266 -6.76517 2.29943
C -5.63801 -6.02118 1.41441
O -6.14185 -4.94237 2.08352
C -6.58113 -5.25682 3.40919
C -5.78059 -6.43065 3.96362
O -4.9815 -7.01348 2.92215
C -4.60379 -6.16568 1.93336
C -5.39362 -6.35717 0.6605
C -5.73191 -5.06219 -0.09241
C -4.94956 -3.83259 0.32318
O -5.0766 -2.71571 -0.15745
O -2.06419 -4.08526 1.79535
O -3.64631 -4.13172 -0.02539
O -2.94274 -6.48243 0.88307
C -2.76607 -3.47564 -0.90738
C -4.69956 -6.99843 -0.8227
C -5.68211 -7.5217 -1.94249
C -6.37217 -6.24525 -2.28706
C -5.41517 -5.27061 -1.6059
O -4.19095 -5.92901 -1.54477
H -5.78612 -7.61771 0.22406
H -6.83017 -4.75109 -0.10641
H -3.94364 -7.81891 -0.69789
H -5.03803 -7.83716 -2.79795
H -6.37088 -8.36546 -1.71618
H -6.39481 -6.15138 -3.39517
H -7.3951 -6.1325 -1.86745
H -5.41462 -4.31099 -2.17027
O -6.98425 -6.9595 1.71231
C -0.79853 -4.62922 1.69381
C -2.19614 -7.03324 3.21011
C -2.57302 -7.74756 4.51579
C -3.44963 -8.84807 3.97671
C -3.49008 -8.49664 2.46697
O -2.14657 -8.1071 2.30561
H -3.38892 -5.59996 3.74635
H -4.40107 -8.09176 1.46834
H -0.14998 -3.90163 1.16474
H -1.22735 -6.54173 3.37659
H -1.66357 -8.21945 4.95263
H -3.03196 -7.09931 5.29114
H -2.90301 -9.811 4.12977
H -4.44792 -8.94237 4.45423
H -3.66042 -9.61439 2.13897
H -0.78272 -5.5658 1.10543
H -0.3511 -4.75228 2.69814
H -1.93288 -3.00126 -0.35579
H -3.25064 -2.68959 -1.52341
H -2.33334 -4.21497 -1.61084
H -5.16478 -6.11606 4.83526
H -6.48103 -7.19247 4.37211
H -7.67603 -5.45659 3.41204
H -6.43671 -4.37206 4.06457
$end

$opt
CONSTRAINT
tors           1           2           3           4     +66.316
tors           3           4           5           6     -66.316
tors           4           5           6           7     -47.368
tors           5           6           7           8     +28.421
tors           6           7           8           9      -9.474
tors           7           8           9          10     +28.421
tors           8           9          10          11    -104.211
tors           9          10          11          12    +142.105
tors          11          12          13          14    -180.000
ENDCONSTRAINT
$end

$rem
JOBTYPE                   OPT
METHOD                    B3LYP
DFT_D                     d3_op
BASIS                     STO-3G
GEOM_OPT_MAX_CYCLES       100
GEOM_OPT_TOL_GRADIENT     300
GEOM_OPT_TOL_DISPLACEMENT 1200
GEOM_OPT_TOL_ENERGY       100
SYMMETRY                  False
THRESH                    12
SCF_CONVERGENCE           8
MAX_SUB_FILE_NUM          128
MEM_STATIC                400
MEM_TOTAL                 4000
$end
