$molecule
0  1
O -3.94934 -3.66094 2.70899
C -3.26408 -4.56952 2.26188
C -3.36658 -6.02376 2.66595
C -4.41631 -6.88207 1.94122
C -5.12384 -6.23632 0.77054
O -6.27965 -6.91085 0.49747
C -7.06673 -7.17455 1.66376
C -7.31972 -8.67245 1.7995
O -8.14868 -9.12867 0.71895
C -8.99598 -8.20378 0.2034
C -9.41033 -7.15863 1.21168
C -10.37102 -6.08712 0.67574
C -11.04657 -6.40538 -0.64299
O -11.8605 -7.29924 -0.82487
O -2.26778 -4.23585 1.39453
O -10.78249 -5.55076 -1.66696
O -9.34964 -8.29639 -0.96024
C -11.32945 -5.65609 -2.92862
C -10.37835 -7.8208 2.2697
C -10.36897 -7.04453 3.59372
C -11.05319 -5.75441 3.15054
C -11.50608 -6.15802 1.73499
O -11.68606 -7.54539 1.83114
H -9.03135 -6.34998 1.80349
H -9.91663 -5.0671 0.54018
H -10.18074 -8.89979 2.44957
H -11.0479 -7.59325 4.2859
H -9.37873 -6.9137 4.08084
H -11.91464 -5.56696 3.82846
H -10.39818 -4.85754 3.10164
H -12.4021 -5.57629 1.42291
O -4.55092 -5.59256 -0.09605
C -2.0197 -2.95713 0.94085
C -2.06557 -6.77887 2.30513
C -1.96956 -8.10096 3.07406
C -2.91677 -8.95086 2.2653
C -3.44392 -7.90913 1.27278
O -2.28827 -7.1683 0.97836
H -3.48021 -6.02427 3.77303
H -4.87555 -7.55566 2.67448
H -1.7772 -2.28807 1.79391
H -1.15074 -6.17529 2.49588
H -0.94756 -8.53282 2.98703
H -2.23764 -7.97883 4.14576
H -2.31797 -9.68457 1.67867
H -3.68668 -9.49974 2.84912
H -3.90091 -8.44487 0.40928
H -2.9058 -2.56678 0.39601
H -1.1547 -2.97917 0.24678
H -10.94203 -4.83272 -3.563
H -12.43621 -5.57554 -2.87431
H -11.04511 -6.62671 -3.38853
H -6.35937 -9.2304 1.789
H -7.82643 -8.9099 2.76109
H -7.21243 -6.18305 2.1646
H -6.68645 -7.01563 2.67995
$end

$opt
CONSTRAINT
tors           1           2           3           4     +85.263
tors           3           4           5           6    -161.053
tors           4           5           6           7     +47.368
tors           5           6           7           8    -123.158
tors           6           7           8           9     -66.316
tors           7           8           9          10     -28.421
tors           8           9          10          11     -28.421
tors           9          10          11          12    -180.000
tors          11          12          13          14     +66.316
ENDCONSTRAINT
$end

$rem
JOBTYPE                   OPT
METHOD                    B3LYP
DFT_D                     d3_op
BASIS                     STO-3G
GEOM_OPT_MAX_CYCLES       100
GEOM_OPT_TOL_GRADIENT     300
GEOM_OPT_TOL_DISPLACEMENT 1200
GEOM_OPT_TOL_ENERGY       100
SYMMETRY                  False
THRESH                    12
SCF_CONVERGENCE           8
MAX_SUB_FILE_NUM          128
MEM_STATIC                400
MEM_TOTAL                 4000
$end
