$molecule
0  1
O -3.94934 -3.66094 2.70899
C -3.26408 -4.56952 2.26188
C -3.36658 -6.02376 2.66595
C -4.06137 -6.97914 1.68189
C -4.41791 -6.40938 0.32677
O -4.21685 -7.35239 -0.64056
C -3.03115 -7.12587 -1.41002
C -3.10319 -7.89472 -2.72524
O -4.151 -7.35893 -3.5486
C -4.85794 -8.27169 -4.2601
C -4.24924 -9.65301 -4.2143
C -2.73712 -9.7031 -4.4775
C -2.00714 -8.37781 -4.3913
O -0.80159 -8.24107 -4.24126
O -2.42923 -4.30267 1.22221
O -2.50894 -7.4655 -5.29352
O -5.75574 -7.94166 -5.01981
C -1.98547 -6.21825 -5.59076
C -4.37162 -10.75297 -3.10254
C -4.34141 -12.13993 -3.75796
C -2.87636 -12.21744 -4.18794
C -2.3321 -10.91014 -3.58371
O -3.12461 -10.79656 -2.43419
H -4.77677 -10.12021 -5.07799
H -2.53658 -9.99359 -5.5343
H -5.2734 -10.62709 -2.46629
H -4.51127 -12.88559 -2.94807
H -5.08473 -12.31728 -4.56468
H -2.41474 -13.09954 -3.69111
H -2.70655 -12.27782 -5.28454
H -1.23362 -10.96328 -3.42784
O -5.19261 -5.4782 0.17058
C -2.25144 -3.05374 0.66596
C -2.01229 -6.71488 2.88043
C -2.17446 -7.87208 3.86174
C -2.95581 -8.85167 3.01163
C -2.98777 -8.10201 1.67189
O -1.77693 -7.3823 1.66655
H -3.93332 -6.01007 3.62541
H -5.02129 -7.35905 2.09768
H -1.86315 -2.34666 1.42985
H -1.21498 -6.02001 3.22395
H -1.15869 -8.29037 4.04503
H -2.64333 -7.60865 4.83422
H -2.35889 -9.78673 2.92215
H -3.97812 -9.08965 3.37708
H -3.12615 -8.84844 0.86153
H -3.21331 -2.67652 0.2576
H -1.51634 -3.12621 -0.16159
H -2.75923 -5.44746 -5.39512
H -1.70928 -6.18349 -6.66442
H -1.09254 -5.97171 -4.97754
H -2.16758 -7.21319 -2.70273
H -3.33857 -8.7512 -2.13703
H -2.15956 -7.42616 -0.75522
H -2.97848 -5.97991 -1.53189
$end

$opt
CONSTRAINT
tors           1           2           3           4    +104.211
tors           3           4           5           6    +142.105
tors           4           5           6           7    -104.211
tors           5           6           7           8    -161.053
tors           6           7           8           9     +66.316
tors           7           8           9          10    -142.105
tors           8           9          10          11      -9.474
tors           9          10          11          12     -47.368
tors          11          12          13          14    +161.053
ENDCONSTRAINT
$end

$rem
JOBTYPE                   OPT
METHOD                    B3LYP
DFT_D                     d3_op
BASIS                     STO-3G
GEOM_OPT_MAX_CYCLES       100
GEOM_OPT_TOL_GRADIENT     300
GEOM_OPT_TOL_DISPLACEMENT 1200
GEOM_OPT_TOL_ENERGY       100
SYMMETRY                  False
THRESH                    12
SCF_CONVERGENCE           8
MAX_SUB_FILE_NUM          128
MEM_STATIC                400
MEM_TOTAL                 4000
$end
