$molecule
0  1
O -3.94934 -3.66094 2.70899
C -3.26408 -4.56952 2.26188
C -3.36658 -6.02376 2.66595
C -3.63629 -7.04588 1.54953
C -3.59671 -6.52161 0.1312
O -4.56774 -7.12694 -0.61451
C -5.69657 -6.28205 -0.86182
C -6.86632 -6.69454 0.02569
O -7.99575 -5.84386 -0.2265
C -8.48574 -5.18918 0.85538
C -8.67155 -6.08948 2.05355
C -8.77783 -5.36029 3.40086
C -9.04047 -3.86959 3.32651
O -9.8898 -3.3334 2.62958
O -2.24861 -4.23625 1.42198
O -8.21008 -3.08505 4.06241
O -8.45637 -3.97305 0.8178
C -8.26897 -1.70764 4.0956
C -10.04381 -6.80589 2.01934
C -9.99843 -8.07778 2.86822
C -9.89198 -7.48178 4.25833
C -10.07899 -5.99391 3.93109
O -10.89593 -5.99242 2.78542
H -7.93834 -6.89646 2.20506
H -7.90523 -5.53532 4.07015
H -10.3924 -7.04423 0.99041
H -10.99576 -8.56282 2.76285
H -9.20956 -8.81595 2.60786
H -10.73191 -7.87513 4.87255
H -8.92329 -7.65375 4.77595
H -10.47952 -5.44666 4.81362
O -2.63711 -5.97682 -0.39224
C -1.97775 -2.95438 0.99037
C -2.03316 -6.54767 3.22576
C -2.27501 -7.78662 4.0885
C -2.57916 -8.81607 3.02094
C -2.41455 -7.96613 1.75753
O -1.38161 -7.0725 2.09645
H -4.1559 -6.07442 3.4499
H -4.56758 -7.62996 1.71809
H -1.74578 -2.29932 1.85719
H -1.47482 -5.77765 3.80255
H -1.31351 -8.05958 4.57903
H -3.06228 -7.65591 4.86195
H -1.78268 -9.59319 3.04636
H -3.57751 -9.29895 3.09362
H -2.22329 -8.62177 0.8789
H -2.84801 -2.54731 0.43248
H -1.0986 -2.97696 0.31438
H -7.47888 -1.32601 4.77428
H -9.25882 -1.37585 4.47565
H -8.09812 -1.29302 3.07902
H -7.13838 -7.75465 -0.1643
H -6.40686 -6.5629 1.02165
H -5.97799 -6.36385 -1.93283
H -5.47302 -5.2052 -0.66212
$end

$opt
CONSTRAINT
tors           1           2           3           4    +123.158
tors           3           4           5           6    -142.105
tors           4           5           6           7    +104.211
tors           5           6           7           8    -104.211
tors           6           7           8           9    -180.000
tors           7           8           9          10    -123.158
tors           8           9          10          11     -47.368
tors           9          10          11          12    +161.053
tors          11          12          13          14     +47.368
ENDCONSTRAINT
$end

$rem
JOBTYPE                   OPT
METHOD                    B3LYP
DFT_D                     d3_op
BASIS                     STO-3G
GEOM_OPT_MAX_CYCLES       100
GEOM_OPT_TOL_GRADIENT     300
GEOM_OPT_TOL_DISPLACEMENT 1200
GEOM_OPT_TOL_ENERGY       100
SYMMETRY                  False
THRESH                    12
SCF_CONVERGENCE           8
MAX_SUB_FILE_NUM          128
MEM_STATIC                400
MEM_TOTAL                 4000
$end
