$molecule
0  1
O -3.94934 -3.66094 2.70899
C -3.26408 -4.56952 2.26188
C -3.36658 -6.02376 2.66595
C -3.18715 -7.07505 1.5585
C -2.74922 -6.56083 0.20502
O -3.50739 -5.48125 -0.1487
C -4.17947 -5.65118 -1.40117
C -5.33707 -4.66466 -1.51461
O -4.89772 -3.34945 -1.14034
C -5.88273 -2.47711 -0.81182
C -5.43644 -1.03565 -0.87248
C -5.93428 -0.25489 -2.09757
C -7.06683 -0.89593 -2.87417
O -8.25627 -0.78471 -2.61454
O -2.13205 -4.21494 1.59028
O -6.68822 -1.77052 -3.84237
O -7.05954 -2.79646 -0.68654
C -7.56446 -2.51362 -4.60479
C -5.96153 -0.17459 0.28607
C -5.04988 1.03584 0.47971
C -5.38284 1.83999 -0.76107
C -6.50373 0.97795 -1.35575
O -7.12962 0.41154 -0.22825
H -4.32181 -1.03514 -0.85229
H -5.14175 0.04642 -2.81784
H -6.07002 -0.73964 1.23771
H -5.42375 1.58682 1.37241
H -3.97219 0.80237 0.6184
H -5.77823 2.82939 -0.44035
H -4.54538 1.97784 -1.47875
H -7.15495 1.59647 -2.01274
O -1.7948 -6.95773 -0.44923
C -1.80762 -2.92328 1.22964
C -2.20231 -6.4324 3.59613
C -2.60874 -7.64075 4.43773
C -2.61212 -8.7289 3.38458
C -2.0824 -7.94695 2.17695
O -1.22921 -6.98177 2.73986
H -4.32 -6.14093 3.22936
H -4.13897 -7.62277 1.38132
H -1.70951 -2.28526 2.13373
H -1.86 -5.60543 4.2568
H -1.77184 -7.83687 5.14607
H -3.55386 -7.53129 5.01177
H -1.89098 -9.51819 3.69288
H -3.60512 -9.18131 3.17242
H -1.62205 -8.64294 1.44201
H -2.58907 -2.50698 0.55864
H -0.8388 -2.92935 0.68971
H -6.98708 -3.13947 -5.31569
H -8.23495 -1.84126 -5.18162
H -8.169 -3.17937 -3.95228
H -5.79888 -4.6709 -2.526
H -6.08472 -5.02827 -0.77212
H -4.58938 -6.68115 -1.52215
H -3.45102 -5.45596 -2.21821
$end

$opt
CONSTRAINT
tors           1           2           3           4    +142.105
tors           3           4           5           6     -47.368
tors           4           5           6           7    -123.158
tors           5           6           7           8    +161.053
tors           6           7           8           9     +47.368
tors           7           8           9          10    -161.053
tors           8           9          10          11    -161.053
tors           9          10          11          12    +104.211
tors          11          12          13          14     +85.263
ENDCONSTRAINT
$end

$rem
JOBTYPE                   OPT
METHOD                    B3LYP
DFT_D                     d3_op
BASIS                     STO-3G
GEOM_OPT_MAX_CYCLES       100
GEOM_OPT_TOL_GRADIENT     300
GEOM_OPT_TOL_DISPLACEMENT 1200
GEOM_OPT_TOL_ENERGY       100
SYMMETRY                  False
THRESH                    12
SCF_CONVERGENCE           8
MAX_SUB_FILE_NUM          128
MEM_STATIC                400
MEM_TOTAL                 4000
$end
