$molecule
0  1
O -3.94934 -3.66094 2.70899
C -3.26408 -4.56952 2.26188
C -3.36658 -6.02376 2.66595
C -2.76261 -7.06348 1.7078
C -1.9673 -6.5228 0.54022
O -1.4146 -5.31898 0.87303
C -0.32411 -4.94601 0.02392
C 0.63727 -6.11827 -0.14248
O 0.79094 -6.43121 -1.5358
C 1.72634 -5.70509 -2.1968
C 1.30972 -5.35103 -3.60454
C -0.11338 -4.78921 -3.73651
C -0.76638 -4.33418 -2.44684
O -0.17499 -3.9151 -1.46236
O -3.16196 -4.12297 0.97492
O -2.07579 -4.11282 -2.75381
O 2.68735 -5.18236 -1.6453
C -3.15281 -3.556 -2.14327
C 2.13027 -4.2242 -4.26296
C 2.02804 -4.33436 -5.78373
C 0.59293 -3.90199 -6.00357
C 0.19444 -3.52987 -4.57172
O 1.39052 -3.05874 -3.99703
H 1.42487 -6.28701 -4.19622
H -0.79631 -5.50687 -4.24682
H 3.19808 -4.2118 -3.9544
H 2.70146 -3.55903 -6.21483
H 2.2948 -5.32687 -6.20638
H 0.59484 -2.99891 -6.65377
H -0.0791 -4.67791 -6.42997
H -0.65396 -2.81018 -4.58373
O -2.25183 -6.9437 -0.58581
C -2.79582 -2.79063 0.68946
C -2.51727 -6.28374 3.92501
C -3.00713 -7.54464 4.63693
C -2.50405 -8.6134 3.69061
C -1.76727 -7.74866 2.66332
O -1.26526 -6.6784 3.42423
H -4.43632 -6.22195 2.90106
H -3.51033 -7.79503 1.32572
H -2.50896 -2.2114 1.59667
H -2.51183 -5.42439 4.63165
H -2.44663 -7.6294 5.59546
H -4.09862 -7.56749 4.84465
H -1.77588 -9.25273 4.23804
H -3.28985 -9.2473 3.2258
H -1.0106 -8.35872 2.12151
H -3.64927 -2.2617 0.21621
H -1.8969 -2.76299 0.05104
H -3.99542 -3.56312 -2.8646
H -2.94375 -2.49433 -1.91134
H -3.47438 -4.20654 -1.31834
H 1.60902 -5.89191 0.35338
H 0.37018 -7.05852 0.38975
H 0.23608 -4.16727 0.62942
H -0.7803 -5.53274 -0.73597
$end

$opt
CONSTRAINT
tors           1           2           3           4    +161.053
tors           3           4           5           6     +28.421
tors           4           5           6           7    +161.053
tors           5           6           7           8     -47.368
tors           6           7           8           9    +123.158
tors           7           8           9          10     +85.263
tors           8           9          10          11    -142.105
tors           9          10          11          12     +47.368
tors          11          12          13          14     +28.421
ENDCONSTRAINT
$end

$rem
JOBTYPE                   OPT
METHOD                    B3LYP
DFT_D                     d3_op
BASIS                     STO-3G
GEOM_OPT_MAX_CYCLES       100
GEOM_OPT_TOL_GRADIENT     300
GEOM_OPT_TOL_DISPLACEMENT 1200
GEOM_OPT_TOL_ENERGY       100
SYMMETRY                  False
THRESH                    12
SCF_CONVERGENCE           8
MAX_SUB_FILE_NUM          128
MEM_STATIC                400
MEM_TOTAL                 4000
$end
