$molecule
0  1
O -3.94934 -3.66094 2.70899
C -3.26408 -4.56952 2.26188
C -3.36658 -6.02376 2.66595
C -2.40867 -7.01244 1.98128
C -1.33566 -6.41165 1.10049
O -0.13147 -6.45106 1.74374
C 0.93852 -5.8978 0.97025
C 0.64991 -6.06093 -0.51845
O 1.72054 -6.7819 -1.1484
C 1.85866 -8.07487 -0.76333
C 2.27543 -8.21725 0.68121
C 3.68324 -7.69511 1.00324
C 4.31395 -6.80397 -0.04785
O 4.93787 -7.19243 -1.02478
O -2.13426 -4.0866 1.6835
O 4.15701 -5.46814 0.13776
O 2.0028 -8.95385 -1.60563
C 4.63911 -4.50112 -0.71852
C 1.76233 -8.41346 2.13736
C 2.50395 -9.52813 2.92032
C 3.82226 -8.82947 3.24834
C 3.61361 -7.48575 2.54053
O 2.24666 -7.28024 2.82553
H 2.42074 -9.31041 0.53576
H 4.39001 -8.55053 0.87426
H 0.69578 -8.63434 2.1245
H 1.96831 -9.72121 3.87682
H 2.60146 -10.48796 2.36887
H 3.85811 -8.636 4.34434
H 4.73983 -9.38141 2.95091
H 4.32203 -6.71216 2.90534
O -1.70883 -5.76236 0.12328
C -1.88091 -2.76812 1.35109
C -3.05394 -6.24302 4.15431
C -3.78571 -7.48504 4.64881
C -3.0117 -8.56318 3.92625
C -1.90566 -7.72138 3.26964
O -1.71217 -6.65582 4.16495
H -4.42505 -6.30029 2.45763
H -2.94694 -7.74546 1.34024
H -1.88795 -2.13146 2.26109
H -3.30219 -5.36886 4.79548
H -3.58259 -7.56768 5.74085
H -4.88376 -7.49485 4.47788
H -2.58752 -9.25432 4.6887
H -3.58878 -9.13993 3.17143
H -1.05182 -8.38283 3.11204
H -2.64383 -2.40496 0.62948
H -0.88117 -2.69946 0.87555
H 4.36777 -3.50002 -0.32538
H 4.18749 -4.62404 -1.72616
H 5.7456 -4.57023 -0.79044
H -0.16959 -6.67955 -0.93528
H 0.6251 -5.06193 -1.01084
H 1.96241 -5.74228 1.31846
H 0.73582 -4.80997 1.10214
$end

$opt
CONSTRAINT
tors           1           2           3           4    -180.000
tors           3           4           5           6    +104.211
tors           4           5           6           7    -180.000
tors           5           6           7           8     -28.421
tors           6           7           8           9    -123.158
tors           7           8           9          10     +66.316
tors           8           9          10          11     -66.316
tors           9          10          11          12     -66.316
tors          11          12          13          14     -85.263
ENDCONSTRAINT
$end

$rem
JOBTYPE                   OPT
METHOD                    B3LYP
DFT_D                     d3_op
BASIS                     STO-3G
GEOM_OPT_MAX_CYCLES       100
GEOM_OPT_TOL_GRADIENT     300
GEOM_OPT_TOL_DISPLACEMENT 1200
GEOM_OPT_TOL_ENERGY       100
SYMMETRY                  False
THRESH                    12
SCF_CONVERGENCE           8
MAX_SUB_FILE_NUM          128
MEM_STATIC                400
MEM_TOTAL                 4000
$end
