$molecule
0  1
O -3.94934 -3.66094 2.70899
C -3.26408 -4.56952 2.26188
C -3.36658 -6.02376 2.66595
C -2.26786 -6.57564 3.58903
C -1.288 -5.56813 4.1484
O -1.79612 -4.30675 4.02128
C -1.05219 -3.32396 4.74926
C -1.91361 -2.09006 4.99738
O -3.30032 -2.46172 5.03963
C -4.0095 -1.95117 6.07672
C -4.06716 -0.44215 6.06379
C -4.97557 0.18013 7.13423
C -5.39825 -0.74243 8.2598
O -6.18426 -0.45818 9.15196
O -2.29792 -4.27657 1.35043
O -4.47564 -1.6797 8.62834
O -5.00438 -2.59475 6.37952
C -4.55491 -2.48778 9.74537
C -2.83572 0.5125 6.26479
C -3.14045 1.90631 5.68637
C -4.05123 2.47187 6.74388
C -4.09579 1.29647 7.70918
O -2.80206 0.75228 7.64724
H -4.48592 -0.20907 5.05817
H -5.92583 0.57146 6.70626
H -1.87347 0.27692 5.79619
H -2.20614 2.51421 5.68503
H -3.55723 1.88561 4.65629
H -3.53604 3.3237 7.24266
H -5.05402 2.79389 6.38865
H -4.43207 1.6404 8.7126
O -0.31392 -5.87449 4.82642
C -2.03849 -3.00851 0.87432
C -4.59638 -6.28347 3.57168
C -4.99416 -7.75836 3.5096
C -3.86938 -8.38789 4.30288
C -3.10882 -7.13442 4.74439
O -4.10989 -6.15787 4.88578
H -3.50379 -6.61141 1.73068
H -1.6584 -7.34379 3.06391
H -1.74317 -2.33867 1.70951
H -5.47461 -5.65166 3.31384
H -5.93835 -7.8684 4.08995
H -5.1438 -8.16749 2.48733
H -4.3074 -8.90716 5.18417
H -3.21906 -9.08685 3.73338
H -2.5003 -7.34704 5.65112
H -2.93705 -2.59973 0.36476
H -1.2044 -3.05757 0.14483
H -3.6687 -3.15424 9.77426
H -5.47225 -3.11253 9.69913
H -4.56518 -1.86926 10.66814
H -1.51233 -1.6738 5.94215
H -1.78721 -1.41557 4.12381
H -0.05656 -3.09603 4.30957
H -0.88835 -3.73139 5.77708
$end

$opt
CONSTRAINT
tors           1           2           3           4    -104.632
tors           3           4           5           6     +17.085
tors           4           5           6           7    +168.832
tors           5           6           7           8    -159.159
tors           6           7           8           9     +27.635
tors           7           8           9          10    +132.902
tors           8           9          10          11     +62.070
tors           9          10          11          12    +174.085
tors          11          12          13          14    -174.984
ENDCONSTRAINT
$end

$rem
JOBTYPE                   OPT
METHOD                    B3LYP
DFT_D                     d3_op
BASIS                     STO-3G
GEOM_OPT_MAX_CYCLES       100
GEOM_OPT_TOL_GRADIENT     300
GEOM_OPT_TOL_DISPLACEMENT 1200
GEOM_OPT_TOL_ENERGY       100
SYMMETRY                  False
THRESH                    12
SCF_CONVERGENCE           8
MAX_SUB_FILE_NUM          128
MEM_STATIC                400
MEM_TOTAL                 4000
$end
