$molecule
0  1
O -3.94934 -3.66094 2.70899
C -3.26408 -4.56952 2.26188
C -3.36658 -6.02376 2.66595
C -2.05108 -6.80428 2.82115
C -0.77405 -5.99883 2.72868
O 0.29219 -6.83665 2.56557
C 0.47373 -7.25973 1.2101
C 0.76812 -8.75541 1.16125
O 0.95455 -9.26125 2.49251
C 0.24549 -8.62981 3.46084
C -0.9825 -7.92979 2.92917
C -0.73737 -6.51305 2.38969
C 0.70992 -6.14602 2.1302
O 1.22365 -5.06599 2.38353
O -2.45963 -4.28646 1.20327
O 2.24333 -7.04367 2.40274
O 0.46376 -8.89117 4.643
C 3.50597 -6.56977 2.09923
C -1.76906 -8.90783 1.51449
C -3.27457 -8.87453 1.06942
C -3.27134 -7.51545 0.27692
C -1.80397 -7.00785 0.52706
O -1.39933 -8.32353 0.27029
H -1.52508 -8.69511 3.65845
H -0.35881 -6.81914 4.34719
H -1.51887 -9.98619 1.62953
H -3.49662 -9.68451 0.33661
H -4.0038 -9.01188 1.89566
H -3.29502 -7.78953 -0.81113
H -4.18875 -6.90838 0.20795
H -1.59604 -6.27657 -0.28807
O -0.80319 -4.76398 3.5438
C -2.26431 -3.02518 0.68175
C -4.22652 -5.94618 3.98335
C -4.8542 -7.28418 4.35267
C -3.63865 -7.94979 4.88626
C -2.57466 -6.85784 4.56336
O -3.24856 -5.69533 4.89987
H -4.26438 -6.22178 2.01397
H -2.99185 -7.4228 2.67805
H -1.83331 -2.35564 1.4567
H -5.05811 -5.20522 3.97772
H -5.60262 -7.17514 5.17017
H -5.32235 -7.76364 3.4668
H -3.7561 -8.00052 5.99582
H -3.47531 -8.9857 4.52358
H -1.88098 -7.09502 5.39763
H -3.22623 -2.60777 0.3154
H -1.55434 -3.09028 -0.16795
H 4.00147 -7.28799 1.41348
H 4.10444 -6.47988 3.02745
H 3.4558 -5.58702 1.5874
H 0.38107 -9.51792 0.44908
H 1.8037 -8.90796 0.75964
H 1.36125 -7.05188 0.37139
H 0.37125 -6.78084 0.11105
$end

$opt
CONSTRAINT
tors           1           2           3           4    -139.964
tors           3           4           5           6    -165.718
tors           4           5           6           7     +81.617
tors           5           6           7           8    -135.970
tors           6           7           8           9      -7.734
tors           7           8           9          10     +31.087
tors           8           9          10          11     +23.484
tors           9          10          11          12     -85.263
tors          11          12          13          14    -139.374
ENDCONSTRAINT
$end

$rem
JOBTYPE                   OPT
METHOD                    B3LYP
DFT_D                     d3_op
BASIS                     STO-3G
GEOM_OPT_MAX_CYCLES       100
GEOM_OPT_TOL_GRADIENT     300
GEOM_OPT_TOL_DISPLACEMENT 1200
GEOM_OPT_TOL_ENERGY       100
SYMMETRY                  False
THRESH                    12
SCF_CONVERGENCE           8
MAX_SUB_FILE_NUM          128
MEM_STATIC                400
MEM_TOTAL                 4000
$end
