$molecule
0  1
O -3.94934 -3.66094 2.70899
C -3.26408 -4.56952 2.26188
C -3.36658 -6.02376 2.66595
C -2.18089 -6.93647 2.31248
C -0.95023 -6.25736 1.75356
O 0.17379 -6.82864 2.27857
C 0.7004 -6.10943 3.39868
C 2.13307 -5.6701 3.11478
O 2.13996 -4.64094 2.11295
C 1.50537 -3.49173 2.45317
C 1.65589 -2.40657 1.41373
C 2.47141 -1.18623 1.86536
C 3.30026 -1.37304 3.12028
O 3.656 -2.44798 3.58128
O -2.47214 -4.20667 1.22502
O 3.79295 -0.23342 3.6728
O 0.97539 -3.26712 3.53436
C 4.61265 -0.19843 4.78136
C 2.43393 -2.7844 0.12903
C 2.03201 -1.85029 -1.01283
C 2.69235 -0.56061 -0.5719
C 3.43458 -1.04495 0.67729
O 3.75747 -2.38418 0.38733
H 0.62069 -2.12617 1.11857
H 1.8169 -0.3031 2.03811
H 2.2899 -3.83827 -0.19323
H 2.54808 -2.21522 -1.92994
H 0.94072 -1.78202 -1.21167
H 3.4134 -0.24782 -1.35953
H 1.9967 0.2742 -0.33756
H 4.29241 -0.37441 0.90618
O -0.91534 -5.90595 0.58364
C -2.32432 -2.92326 0.73542
C -3.40924 -6.1967 4.20224
C -4.15415 -7.48154 4.54895
C -3.15783 -8.51277 4.07072
C -1.97615 -7.60366 3.69896
O -2.09304 -6.51292 4.57421
H -4.34004 -6.38059 2.26053
H -2.46885 -7.70576 1.56161
H -1.92892 -2.25491 1.52987
H -3.87127 -5.33883 4.73806
H -4.20982 -7.52702 5.6607
H -5.17841 -7.58138 4.12971
H -2.9065 -9.17716 4.9273
H -3.48504 -9.12143 3.20009
H -1.0482 -8.20704 3.77307
H -3.29932 -2.53743 0.36867
H -1.60561 -2.93746 -0.10961
H 4.86146 0.85664 5.0167
H 5.55464 -0.75163 4.57902
H 4.09327 -0.64729 5.65501
H 2.60628 -5.28625 4.04651
H 2.72818 -6.53888 2.76171
H 0.76093 -6.82472 4.24559
H 0.02938 -5.30496 3.75832
$end

$opt
CONSTRAINT
tors           1           2           3           4    -162.796
tors           3           4           5           6    +139.813
tors           4           5           6           7     -96.781
tors           5           6           7           8    -121.073
tors           6           7           8           9     +70.028
tors           7           8           9          10     +62.749
tors           8           9          10          11    +174.692
tors           9          10          11          12    -113.608
tors          11          12          13          14     +20.658
ENDCONSTRAINT
$end

$rem
JOBTYPE                   OPT
METHOD                    B3LYP
DFT_D                     d3_op
BASIS                     STO-3G
GEOM_OPT_MAX_CYCLES       100
GEOM_OPT_TOL_GRADIENT     300
GEOM_OPT_TOL_DISPLACEMENT 1200
GEOM_OPT_TOL_ENERGY       100
SYMMETRY                  False
THRESH                    12
SCF_CONVERGENCE           8
MAX_SUB_FILE_NUM          128
MEM_STATIC                400
MEM_TOTAL                 4000
$end
