$molecule
0  1
O -3.94934 -3.66094 2.70899
C -3.26408 -4.56952 2.26188
C -3.36658 -6.02376 2.66595
C -2.13517 -6.6554 3.33566
C -1.00285 -5.71624 3.68769
O -0.29445 -6.2182 4.74203
C 1.11512 -5.99458 4.63089
C 1.64674 -6.61974 3.34532
O 2.99393 -6.18156 3.10872
C 3.84519 -7.13367 2.65268
C 3.36866 -7.78681 1.37715
C 3.34088 -9.32193 1.40718
C 3.44123 -9.95792 2.7791
O 4.12509 -10.93134 3.0608
O -2.4152 -4.29872 1.23386
O 2.57614 -9.54114 3.73276
O 4.97923 -7.25599 3.08869
C 2.49693 -10.05076 5.01264
C 2.04597 -7.51261 0.62005
C 2.16039 -7.91854 -0.85924
C 2.06515 -9.4241 -0.75429
C 1.96478 -9.58705 0.75867
O 1.17198 -8.48561 1.13613
H 4.16158 -7.45664 0.66878
H 4.14858 -9.78759 0.79789
H 1.73881 -6.44897 0.6243
H 1.26704 -7.55154 -1.4134
H 3.07963 -7.53492 -1.35209
H 1.09864 -9.75042 -1.20072
H 2.89998 -9.9893 -1.22192
H 1.55854 -10.59129 1.01088
O -0.77726 -4.61356 3.20936
C -2.2271 -3.04564 0.689
C -4.4484 -6.24659 3.74109
C -4.92125 -7.69812 3.71621
C -3.72057 -8.38883 4.31597
C -2.8314 -7.17982 4.62673
O -3.74384 -6.16264 4.95012
H -3.65988 -6.57138 1.74232
H -1.69183 -7.50923 2.77724
H -1.84695 -2.34517 1.46307
H -5.32522 -5.57062 3.63688
H -5.77396 -7.78759 4.427
H -5.23384 -8.0686 2.71618
H -4.03848 -8.87994 5.26309
H -3.21608 -9.12927 3.65827
H -2.13332 -7.47035 5.43982
H -3.18253 -2.66215 0.27148
H -1.48097 -3.1133 -0.12903
H 1.70158 -9.51251 5.56806
H 3.46307 -9.90559 5.54147
H 2.24236 -11.1316 4.98052
H 1.45724 -7.68982 3.36229
H 1.05068 -6.17372 2.54255
H 1.63322 -6.4416 5.50528
H 1.32265 -4.90038 4.6352
$end

$opt
CONSTRAINT
tors           1           2           3           4    -117.097
tors           3           4           5           6    +153.162
tors           4           5           6           7    +142.105
tors           5           6           7           8     -58.198
tors           6           7           8           9    +169.088
tors           7           8           9          10    +139.299
tors           8           9          10          11     +56.718
tors           9          10          11          12    -128.479
tors          11          12          13          14    -137.148
ENDCONSTRAINT
$end

$rem
JOBTYPE                   OPT
METHOD                    B3LYP
DFT_D                     d3_op
BASIS                     STO-3G
GEOM_OPT_MAX_CYCLES       100
GEOM_OPT_TOL_GRADIENT     300
GEOM_OPT_TOL_DISPLACEMENT 1200
GEOM_OPT_TOL_ENERGY       100
SYMMETRY                  False
THRESH                    12
SCF_CONVERGENCE           8
MAX_SUB_FILE_NUM          128
MEM_STATIC                400
MEM_TOTAL                 4000
$end
