$molecule
0  1
O -3.94934 -3.66094 2.70899
C -3.26408 -4.56952 2.26188
C -3.36658 -6.02376 2.66595
C -2.23283 -6.95965 2.21587
C -1.03527 -6.30378 1.5649
O -0.63505 -7.03694 0.48428
C -0.16289 -6.23021 -0.59992
C -0.53899 -4.76996 -0.37118
O -0.2579 -4.00149 -1.55157
C -1.3427 -3.50287 -2.19479
C -1.54591 -2.02685 -1.94835
C -2.85647 -1.66412 -1.23481
C -3.58418 -2.81262 -0.56541
O -3.29207 -3.99496 -0.67175
O -2.04989 -4.0751 1.93699
O -4.75745 -2.47941 0.03523
O -2.02617 -4.17482 -2.95425
C -5.80865 -3.35366 0.23244
C -0.52783 -1.29799 -1.04384
C -0.51871 0.19579 -1.37353
C -1.86196 0.61995 -0.81319
C -2.31988 -0.69445 -0.17178
O -1.11973 -1.30845 0.22579
H -1.48358 -1.55924 -2.95687
H -3.58965 -1.18993 -1.92434
H 0.50597 -1.69961 -1.11067
H 0.2837 0.66081 -0.75671
H -0.34821 0.44964 -2.44191
H -1.68807 1.39663 -0.0357
H -2.59526 0.98896 -1.5628
H -3.06065 -0.49737 0.63373
O -0.2064 -5.70063 2.24204
C -1.46893 -2.96583 2.53965
C -3.26639 -6.18868 4.19682
C -3.90962 -7.50807 4.62259
C -2.87789 -8.49702 4.12422
C -1.81343 -7.5372 3.58335
O -1.90145 -6.42224 4.43561
H -4.36823 -6.36914 2.32592
H -2.6099 -7.76819 1.54802
H -1.35433 -3.152 3.6288
H -3.72261 -5.34563 4.76066
H -3.91439 -7.53383 5.73591
H -4.9431 -7.66753 4.24653
H -2.47682 -9.05674 4.99849
H -3.23563 -9.20967 3.34998
H -0.8239 -8.04422 3.54097
H -2.09292 -2.05965 2.39713
H -0.45787 -2.79477 2.12202
H -6.62403 -2.827 0.7691
H -5.50167 -4.23803 0.82229
H -6.19554 -3.7003 -0.7493
H -1.54 -4.83043 -0.14553
H 0.04852 -4.29795 0.43727
H -0.68721 -6.5755 -1.51729
H 0.92994 -6.36046 -0.7476
$end

$opt
CONSTRAINT
tors           1           2           3           4    -167.494
tors           3           4           5           6    -137.731
tors           4           5           6           7    +143.801
tors           5           6           7           8     -13.144
tors           6           7           8           9    -170.752
tors           7           8           9          10    +112.999
tors           8           9          10          11    +103.561
tors           9          10          11          12    -117.443
tors          11          12          13          14      -8.300
ENDCONSTRAINT
$end

$rem
JOBTYPE                   OPT
METHOD                    B3LYP
DFT_D                     d3_op
BASIS                     STO-3G
GEOM_OPT_MAX_CYCLES       100
GEOM_OPT_TOL_GRADIENT     300
GEOM_OPT_TOL_DISPLACEMENT 1200
GEOM_OPT_TOL_ENERGY       100
SYMMETRY                  False
THRESH                    12
SCF_CONVERGENCE           8
MAX_SUB_FILE_NUM          128
MEM_STATIC                400
MEM_TOTAL                 4000
$end
