$molecule
0  1
O -3.94934 -3.66094 2.70899
C -3.26408 -4.56952 2.26188
C -3.36658 -6.02376 2.66595
C -2.14702 -6.91783 2.38816
C -0.89652 -6.22032 1.9005
O -0.27618 -5.59599 2.94492
C 0.94388 -4.94816 2.56941
C 1.96338 -5.97994 2.09803
O 1.42201 -7.30277 2.23913
C 2.19544 -8.30441 1.75163
C 1.74544 -9.67134 2.20953
C 2.81814 -10.76717 2.12732
C 4.24377 -10.28438 1.95063
O 5.18553 -10.97363 1.5865
O -2.45324 -4.25834 1.21546
O 4.57467 -9.13528 2.60708
O 2.92201 -8.14062 0.77805
C 5.84776 -8.6104 2.6939
C 1.44594 -9.74057 3.73424
C 0.47515 -10.88694 4.00718
C 1.37442 -12.07901 3.74648
C 2.71685 -11.36511 3.53813
O 2.62498 -10.21402 4.33336
H 0.80944 -9.91339 1.65752
H 2.61491 -11.5084 1.32366
H 1.05982 -8.79882 4.16868
H 0.23989 -10.85121 5.09546
H -0.47504 -10.86994 3.43104
H 1.38934 -12.71375 4.65996
H 1.10629 -12.69056 2.85768
H 3.56689 -12.04595 3.76624
O -0.48559 -6.2857 0.74626
C -2.27807 -2.99023 0.70095
C -3.46918 -6.21105 4.20049
C -4.16758 -7.53499 4.51221
C -3.09435 -8.52337 4.10374
C -1.94978 -7.5604 3.77027
O -2.15679 -6.47011 4.63332
H -4.31603 -6.40073 2.22386
H -2.40243 -7.6641 1.60299
H -1.86874 -2.31489 1.48233
H -3.99514 -5.37761 4.7152
H -4.28837 -7.58207 5.61854
H -5.15877 -7.68451 4.03272
H -2.84054 -9.15283 4.98545
H -3.34729 -9.16837 3.23449
H -0.97584 -8.07237 3.84967
H -3.24463 -2.59138 0.32568
H -1.55891 -3.03721 -0.1423
H 5.81259 -7.66912 3.27974
H 6.23758 -8.38603 1.67817
H 6.52399 -9.32616 3.20821
H 2.1472 -5.78057 1.01785
H 2.93032 -5.86958 2.63814
H 1.34147 -4.46866 3.48893
H 0.78149 -4.13891 1.82174
$end

$opt
CONSTRAINT
tors           1           2           3           4    -159.235
tors           3           4           5           6     +76.595
tors           4           5           6           7    +178.039
tors           5           6           7           8     -64.059
tors           6           7           8           9      -3.109
tors           7           8           9          10    +174.918
tors           8           9          10          11    +166.414
tors           9          10          11          12    -159.144
tors          11          12          13          14    -163.642
ENDCONSTRAINT
$end

$rem
JOBTYPE                   OPT
METHOD                    B3LYP
DFT_D                     d3_op
BASIS                     STO-3G
GEOM_OPT_MAX_CYCLES       100
GEOM_OPT_TOL_GRADIENT     300
GEOM_OPT_TOL_DISPLACEMENT 1200
GEOM_OPT_TOL_ENERGY       100
SYMMETRY                  False
THRESH                    12
SCF_CONVERGENCE           8
MAX_SUB_FILE_NUM          128
MEM_STATIC                400
MEM_TOTAL                 4000
$end
