$molecule
0  1
O -3.94934 -3.66094 2.70899
C -3.26408 -4.56952 2.26188
C -3.36658 -6.02376 2.66595
C -3.1297 -6.35973 4.14746
C -2.99241 -5.18592 5.0916
O -3.85789 -5.3288 6.13848
C -3.58497 -4.43282 7.22106
C -4.06766 -5.03529 8.53642
O -5.50342 -5.06057 8.56543
C -6.05379 -5.7465 9.59778
C -6.61604 -4.84428 10.67041
C -6.78731 -5.50371 12.04667
C -6.05885 -6.81775 12.24502
O -6.31875 -7.64993 13.10205
O -2.33907 -4.27941 1.30916
O -4.83454 -6.92213 11.65511
O -6.56683 -6.83357 9.37758
C -3.96983 -7.98528 11.81232
C -5.76856 -3.61164 11.05909
C -6.6585 -2.54988 11.7102
C -6.93281 -3.19025 13.05227
C -6.08198 -4.45528 12.92844
O -4.98751 -4.05453 12.13847
H -7.58839 -4.47826 10.27003
H -7.84804 -5.65887 12.34381
H -5.23485 -3.13596 10.21331
H -6.03303 -1.64304 11.87492
H -7.55997 -2.26958 11.12388
H -6.52107 -2.53024 13.84817
H -7.99985 -3.41982 13.26256
H -5.83273 -4.85101 13.93835
O -2.10817 -4.34112 5.00835
C -2.10598 -3.0144 0.81163
C -4.78429 -6.59235 2.46148
C -4.70663 -8.10047 2.24525
C -4.31156 -8.56036 3.63179
C -4.38793 -7.23254 4.39946
O -5.38877 -6.50662 3.7298
H -2.6561 -6.58627 2.01671
H -2.19281 -6.9463 4.27347
H -1.7817 -2.33554 1.62921
H -5.33504 -6.11178 1.6231
H -5.74441 -8.44746 2.03694
H -4.03795 -8.43873 1.42471
H -5.08088 -9.27868 3.99293
H -3.29999 -9.01416 3.71142
H -4.57244 -7.45595 5.47222
H -3.0264 -2.61519 0.33427
H -1.30166 -3.06568 0.04944
H -3.05618 -7.80128 11.21073
H -4.44961 -8.9223 11.45746
H -3.68031 -8.09029 12.87964
H -3.65194 -6.0651 8.62373
H -3.67738 -4.4376 9.38524
H -4.03056 -3.43088 7.03846
H -2.48499 -4.31921 7.369
$end

$opt
CONSTRAINT
tors           1           2           3           4     -59.508
tors           3           4           5           6    +127.487
tors           4           5           6           7    +166.665
tors           5           6           7           8    -152.762
tors           6           7           8           9     -69.868
tors           7           8           9          10    +170.948
tors           8           9          10          11    +104.521
tors           9          10          11          12    -159.144
tors          11          12          13          14    -160.569
ENDCONSTRAINT
$end

$rem
JOBTYPE                   OPT
METHOD                    B3LYP
DFT_D                     d3_op
BASIS                     STO-3G
GEOM_OPT_MAX_CYCLES       100
GEOM_OPT_TOL_GRADIENT     300
GEOM_OPT_TOL_DISPLACEMENT 1200
GEOM_OPT_TOL_ENERGY       100
SYMMETRY                  False
THRESH                    12
SCF_CONVERGENCE           8
MAX_SUB_FILE_NUM          128
MEM_STATIC                400
MEM_TOTAL                 4000
$end
