$molecule
0  1
O -3.94934 -3.66094 2.70899
C -3.26408 -4.56952 2.26188
C -3.36658 -6.02376 2.66595
C -2.13792 -6.65325 3.3427
C -1.00901 -5.71221 3.70062
O -0.17223 -6.31164 4.59835
C 0.94997 -5.49678 4.95317
C 2.17817 -6.36888 5.19214
O 2.51551 -6.36714 6.58824
C 1.85398 -7.27412 7.3491
C 2.31458 -7.28331 8.7873
C 3.48211 -8.23479 9.08702
C 4.23811 -8.7537 7.88041
O 4.0225 -8.43785 6.71924
O -2.40382 -4.29709 1.24366
O 5.26513 -9.60394 8.14477
O 1.12969 -8.14921 6.8902
C 6.08126 -10.15978 7.18202
C 2.93973 -5.95248 9.27874
C 2.82947 -5.86175 10.80042
C 3.83226 -6.91706 11.2197
C 4.42082 -7.29218 9.85487
O 4.32604 -6.11003 9.09875
H 1.41031 -7.46365 9.41137
H 3.14346 -9.12468 9.66157
H 2.48315 -5.05139 8.81365
H 3.22567 -4.86167 11.08977
H 1.80879 -5.98285 11.22262
H 4.59675 -6.43636 11.86953
H 3.4011 -7.80668 11.72821
H 5.44354 -7.71307 9.97399
O -0.92206 -4.53278 3.38317
C -2.20972 -3.04265 0.70399
C -4.44159 -6.2481 3.74938
C -4.90658 -7.7033 3.73569
C -3.70118 -8.38584 4.33897
C -2.81582 -7.17224 4.63774
O -3.73194 -6.15578 4.95652
H -3.66276 -6.57538 1.74565
H -1.69364 -7.49108 2.76113
H -1.8376 -2.34413 1.48371
H -5.32226 -5.57708 3.64589
H -5.75734 -7.79269 4.44877
H -5.21958 -8.08193 2.73888
H -4.01377 -8.86986 5.29138
H -3.19577 -9.12936 3.68547
H -2.1004 -7.44178 5.44394
H -3.16069 -2.65786 0.27754
H -1.45519 -3.10825 -0.10644
H 6.83169 -10.81215 7.6737
H 6.61337 -9.36026 6.62342
H 5.47949 -10.77354 6.47806
H 2.16358 -7.36751 4.70046
H 3.03685 -5.8385 4.72324
H 0.73069 -4.7997 5.79132
H 1.2508 -4.86643 4.08124
$end

$opt
CONSTRAINT
tors           1           2           3           4    -116.767
tors           3           4           5           6    +163.485
tors           4           5           6           7    +178.039
tors           5           6           7           8    -145.556
tors           6           7           8           9    -110.446
tors           7           8           9          10     +85.337
tors           8           9          10          11    +176.336
tors           9          10          11          12     -89.231
tors          11          12          13          14      +2.849
ENDCONSTRAINT
$end

$rem
JOBTYPE                   OPT
METHOD                    B3LYP
DFT_D                     d3_op
BASIS                     STO-3G
GEOM_OPT_MAX_CYCLES       100
GEOM_OPT_TOL_GRADIENT     300
GEOM_OPT_TOL_DISPLACEMENT 1200
GEOM_OPT_TOL_ENERGY       100
SYMMETRY                  False
THRESH                    12
SCF_CONVERGENCE           8
MAX_SUB_FILE_NUM          128
MEM_STATIC                400
MEM_TOTAL                 4000
$end
