$molecule
0  1
O -3.94934 -3.66094 2.70899
C -3.26408 -4.56952 2.26188
C -3.36658 -6.02376 2.66595
C -2.30308 -6.98436 2.10912
C -1.1535 -6.35382 1.35481
O -0.0272 -7.11109 1.50782
C 1.08766 -6.62055 0.75568
C 1.93985 -7.78407 0.25958
O 3.1809 -7.8244 0.98142
C 3.66227 -6.62125 1.38124
C 4.68767 -6.73483 2.48412
C 4.41814 -7.84864 3.5064
C 3.39722 -8.89032 3.0949
O 3.12626 -9.20134 1.94407
O -2.30857 -4.09964 1.4271
O 2.64816 -9.41213 4.1015
O 3.708 -5.6656 0.61439
C 1.6513 -10.34816 3.92045
C 6.07724 -7.14254 1.96082
C 7.14799 -6.71805 2.96445
C 6.88528 -7.70064 4.08686
C 5.78667 -8.55843 3.44822
O 6.0956 -8.5416 2.07583
H 4.75515 -5.73372 2.96708
H 4.1908 -7.4938 4.53623
H 6.30521 -6.73044 0.95339
H 8.13637 -6.95468 2.50897
H 7.12639 -5.64625 3.25716
H 7.80692 -8.30308 4.24762
H 6.5512 -7.25027 5.04658
H 5.75846 -9.56402 3.92488
O -1.39724 -5.86829 0.25349
C -2.1319 -2.78604 1.03094
C -3.16797 -6.18814 4.18294
C -3.83068 -7.47862 4.65562
C -2.88561 -8.50287 4.07273
C -1.82013 -7.58313 3.46343
O -1.80066 -6.47071 4.32036
H -4.39541 -6.34251 2.3857
H -2.72359 -7.78787 1.4639
H -1.92895 -2.14222 1.91338
H -3.54975 -5.32768 4.77548
H -3.74586 -7.50755 5.76568
H -4.89689 -7.59457 4.3644
H -2.4529 -9.09397 4.91081
H -3.32876 -9.18665 3.31679
H -0.87163 -8.15539 3.40141
H -3.03642 -2.42261 0.49758
H -1.26491 -2.72873 0.34148
H 1.2023 -10.59682 4.90362
H 2.07405 -11.27427 3.47509
H 0.85919 -9.94234 3.25594
H 1.40268 -8.75675 0.21732
H 2.24663 -7.57523 -0.7926
H 1.47129 -5.68167 1.20128
H 0.73226 -6.23506 -0.226
$end

$opt
CONSTRAINT
tors           1           2           3           4    -172.950
tors           3           4           5           6    +149.421
tors           4           5           6           7    +176.489
tors           5           6           7           8    -145.556
tors           6           7           8           9    -108.622
tors           7           8           9          10     -31.865
tors           8           9          10          11    +161.453
tors           9          10          11          12     -36.226
tors          11          12          13          14     +26.531
ENDCONSTRAINT
$end

$rem
JOBTYPE                   OPT
METHOD                    B3LYP
DFT_D                     d3_op
BASIS                     STO-3G
GEOM_OPT_MAX_CYCLES       100
GEOM_OPT_TOL_GRADIENT     300
GEOM_OPT_TOL_DISPLACEMENT 1200
GEOM_OPT_TOL_ENERGY       100
SYMMETRY                  False
THRESH                    12
SCF_CONVERGENCE           8
MAX_SUB_FILE_NUM          128
MEM_STATIC                400
MEM_TOTAL                 4000
$end
