$molecule
0  1
O -3.94934 -3.66094 2.70899
C -3.26408 -4.56952 2.26188
C -3.36658 -6.02376 2.66595
C -2.23368 -6.95999 2.21443
C -1.03668 -6.30446 1.56209
O 0.03222 -7.1541 1.59373
C 1.19542 -6.61982 0.95282
C 1.90568 -7.71088 0.15831
O 3.27455 -7.81187 0.58123
C 3.46539 -8.32852 1.8205
C 4.92179 -8.56779 2.14034
C 5.45392 -9.95122 1.73878
C 4.58595 -10.73998 0.779
O 3.95041 -10.26856 -0.15289
O -3.06959 -4.43622 0.91524
O 4.42691 -12.05687 1.07372
O 2.57085 -8.82605 2.494
C 3.64236 -12.92677 0.34576
C 5.90024 -7.65708 1.36128
C 7.23187 -7.56668 2.10614
C 7.78231 -8.95593 1.86536
C 6.69998 -9.52154 0.93967
O 6.24414 -8.40175 0.22195
H 5.04934 -8.33955 3.22235
H 5.72889 -10.60221 2.5984
H 5.49912 -6.63589 1.17909
H 7.8656 -6.83405 1.55649
H 7.16168 -7.2616 3.17236
H 8.74922 -8.86093 1.32287
H 7.91507 -9.58047 2.77522
H 7.11357 -10.35395 0.32723
O -0.87079 -5.10921 1.36988
C -3.09478 -3.26066 0.18248
C -3.28682 -6.1832 4.19572
C -3.94182 -7.4965 4.61714
C -2.91515 -8.4904 4.12322
C -1.83591 -7.53728 3.59764
O -1.92583 -6.42104 4.44653
H -4.36072 -6.37486 2.30771
H -2.58279 -7.75766 1.52224
H -3.25589 -2.36255 0.81623
H -3.74473 -5.33688 4.75337
H -3.95123 -7.52056 5.73055
H -4.97474 -7.65011 4.23712
H -2.53214 -9.06097 4.99876
H -3.26991 -9.19326 3.33864
H -0.85891 -8.06589 3.6021
H -3.90364 -3.31908 -0.57436
H -2.12433 -3.14096 -0.34188
H 3.69505 -13.93527 0.80469
H 4.01135 -12.98992 -0.70036
H 2.58503 -12.58551 0.35147
H 1.39947 -8.69861 0.25597
H 1.8735 -7.45011 -0.92113
H 1.85994 -6.2546 1.76528
H 1.04248 -5.74066 0.28469
$end

$opt
CONSTRAINT
tors           1           2           3           4    -167.566
tors           3           4           5           6    +161.253
tors           4           5           6           7    +178.039
tors           5           6           7           8    -140.072
tors           6           7           8           9    -124.425
tors           7           8           9          10     +70.418
tors           8           9          10          11    +172.895
tors           9          10          11          12     -89.231
tors          11          12          13          14     +37.592
ENDCONSTRAINT
$end

$rem
JOBTYPE                   OPT
METHOD                    B3LYP
DFT_D                     d3_op
BASIS                     STO-3G
GEOM_OPT_MAX_CYCLES       100
GEOM_OPT_TOL_GRADIENT     300
GEOM_OPT_TOL_DISPLACEMENT 1200
GEOM_OPT_TOL_ENERGY       100
SYMMETRY                  False
THRESH                    12
SCF_CONVERGENCE           8
MAX_SUB_FILE_NUM          128
MEM_STATIC                400
MEM_TOTAL                 4000
$end
