$molecule
0  1
O -3.94934 -3.66094 2.70899
C -3.26408 -4.56952 2.26188
C -3.36658 -6.02376 2.66595
C -2.15507 -6.64055 3.38405
C -1.04704 -5.68848 3.77637
O -0.09858 -6.35334 4.50013
C 1.00899 -5.52591 4.87148
C 2.09275 -6.36657 5.53848
O 2.17281 -6.04282 6.9355
C 1.86245 -7.05197 7.78664
C 2.62863 -6.98224 9.08616
C 4.15429 -6.8953 8.93424
C 4.66125 -6.53499 7.55226
O 3.95981 -6.26645 6.58768
O -2.37569 -4.2919 1.27013
O 6.01152 -6.46349 7.41556
O 1.10686 -7.97471 7.50968
C 6.656 -6.12656 6.24377
C 2.3598 -5.69709 9.89529
C 2.66881 -5.9489 11.37018
C 4.1807 -6.06078 11.32766
C 4.44198 -5.70163 9.85956
O 3.3966 -4.81809 9.53002
H 2.31888 -7.8589 9.70018
H 4.65139 -7.84601 9.22737
H 1.32376 -5.31151 9.77486
H 2.39674 -5.01721 11.91661
H 2.14301 -6.80982 11.83616
H 4.60805 -5.2943 12.01147
H 4.58988 -7.06489 11.573
H 5.47307 -5.30411 9.7327
O -0.99478 -4.48764 3.54095
C -2.16467 -3.03408 0.74508
C -4.45943 -6.25691 3.73249
C -4.91126 -7.71699 3.71324
C -3.71039 -8.39092 4.33874
C -2.84333 -7.17031 4.65919
O -3.7755 -6.16089 4.95637
H -3.64206 -6.58346 1.74408
H -1.68546 -7.4532 2.78603
H -1.81258 -2.3419 1.53961
H -5.34369 -5.59353 3.6119
H -5.77226 -7.81038 4.41342
H -5.20697 -8.10175 2.71354
H -4.03635 -8.88445 5.28156
H -3.18293 -9.12356 3.69029
H -2.12777 -7.42242 5.472
H -3.10304 -2.64436 0.29578
H -1.38853 -3.09538 -0.04502
H 7.75213 -6.14586 6.41279
H 6.36075 -5.10392 5.92521
H 6.40358 -6.85628 5.44487
H 1.9263 -7.44817 5.32089
H 2.93742 -6.1212 4.83102
H 0.69885 -4.67976 5.52624
H 1.41902 -5.07621 3.93132
$end

$opt
CONSTRAINT
tors           1           2           3           4    -114.818
tors           3           4           5           6    +174.883
tors           4           5           6           7    +178.039
tors           5           6           7           8    -173.759
tors           6           7           8           9    -110.446
tors           7           8           9          10    +116.256
tors           8           9          10          11    +148.393
tors           9          10          11          12     -53.582
tors          11          12          13          14      +2.849
ENDCONSTRAINT
$end

$rem
JOBTYPE                   OPT
METHOD                    B3LYP
DFT_D                     d3_op
BASIS                     STO-3G
GEOM_OPT_MAX_CYCLES       100
GEOM_OPT_TOL_GRADIENT     300
GEOM_OPT_TOL_DISPLACEMENT 1200
GEOM_OPT_TOL_ENERGY       100
SYMMETRY                  False
THRESH                    12
SCF_CONVERGENCE           8
MAX_SUB_FILE_NUM          128
MEM_STATIC                400
MEM_TOTAL                 4000
$end
