$molecule
0  1
O -3.94934 -3.66094 2.70899
C -3.26408 -4.56952 2.26188
C -3.36658 -6.02376 2.66595
C -2.0524 -6.76565 2.95986
C -0.7954 -5.92473 2.98994
O 0.04396 -6.37969 3.96662
C 1.28422 -5.66685 4.02028
C 2.32331 -6.47701 4.78843
O 2.60925 -5.84106 6.04409
C 1.52556 -5.48735 6.7787
C 1.50474 -6.13163 8.14439
C 0.33572 -7.09753 8.3867
C -0.41631 -7.54804 7.1505
O -0.5513 -6.89516 6.12576
O -2.57449 -4.32395 1.11645
O -1.17772 -8.64458 7.43717
O 0.72647 -4.61698 6.46182
C -2.12577 -9.32507 6.72579
C 2.71085 -7.04704 8.47156
C 2.88131 -7.1601 9.98543
C 1.68535 -8.01263 10.3379
C 1.13765 -8.30607 8.93724
O 2.27824 -8.33282 8.1173
H 1.51664 -5.29114 8.87439
H -0.41362 -6.73411 9.12399
H 3.67282 -6.71168 8.02754
H 3.806 -7.75394 10.16755
H 2.95433 -6.19471 10.53094
H 2.05183 -8.94642 10.81993
H 0.924 -7.52388 10.98366
H 0.55357 -9.25059 8.97195
O -0.42992 -5.2052 2.06939
C -2.46327 -3.08518 0.51901
C -4.12686 -6.31051 3.9796
C -4.81199 -7.66636 3.86468
C -3.6041 -8.57694 3.78928
C -2.47969 -7.57328 4.15524
O -3.1183 -6.58788 4.92857
H -3.90961 -6.50572 1.81945
H -1.8439 -7.44976 2.10608
H -1.9744 -2.36917 1.21377
H -4.86292 -5.52911 4.26692
H -5.33032 -7.82979 4.83739
H -5.5442 -7.79291 3.03847
H -3.75291 -9.405 4.51162
H -3.41736 -9.01427 2.78413
H -1.60317 -8.10946 4.52778
H -3.46716 -2.70566 0.23192
H -1.84167 -3.17714 -0.39509
H -2.50684 -10.15341 7.35705
H -1.67593 -9.79438 5.82862
H -2.98193 -8.65655 6.52073
H 2.00948 -7.5366 4.91548
H 3.29026 -6.4839 4.2381
H 1.22427 -4.57279 4.20162
H 1.70288 -5.71709 2.98691
$end

$opt
CONSTRAINT
tors           1           2           3           4    -133.928
tors           3           4           5           6    +142.878
tors           4           5           6           7    +177.537
tors           5           6           7           8    -161.874
tors           6           7           8           9    -110.446
tors           7           8           9          10     +49.018
tors           8           9          10          11    +121.257
tors           9          10          11          12    -115.953
tors          11          12          13          14     -29.703
ENDCONSTRAINT
$end

$rem
JOBTYPE                   OPT
METHOD                    B3LYP
DFT_D                     d3_op
BASIS                     STO-3G
GEOM_OPT_MAX_CYCLES       100
GEOM_OPT_TOL_GRADIENT     300
GEOM_OPT_TOL_DISPLACEMENT 1200
GEOM_OPT_TOL_ENERGY       100
SYMMETRY                  False
THRESH                    12
SCF_CONVERGENCE           8
MAX_SUB_FILE_NUM          128
MEM_STATIC                400
MEM_TOTAL                 4000
$end
