$molecule
0  1
O -3.94934 -3.66094 2.70899
C -3.26408 -4.56952 2.26188
C -3.36658 -6.02376 2.66595
C -2.05169 -6.76899 2.94801
C -0.79246 -5.93112 2.96769
O 0.0902 -6.44133 3.87656
C 1.32919 -5.72568 3.92128
C 2.40896 -6.58429 4.57168
O 2.7567 -6.04346 5.85599
C 2.04682 -6.52875 6.90466
C 2.48483 -5.95097 8.22941
C 3.60738 -6.72634 8.93436
C 4.35947 -7.725 8.07777
O 4.49712 -7.65666 6.86494
O -2.5871 -4.32679 1.10836
O 4.7966 -8.8399 8.71987
O 1.02033 -7.18558 6.78228
C 5.45838 -9.88191 8.10469
C 3.10532 -4.54197 8.1412
C 3.01201 -3.84556 9.49852
C 4.04359 -4.62554 10.28583
C 4.57938 -5.5556 9.19232
O 4.48259 -4.78623 8.0178
H 1.57269 -5.89773 8.86638
H 3.30961 -7.21553 9.88865
H 2.64277 -3.90842 7.35285
H 3.38153 -2.80365 9.36423
H 1.9942 -3.82002 9.94385
H 4.84025 -3.92088 10.61332
H 3.65128 -5.18864 11.16013
H 5.60145 -5.90821 9.45703
O -0.44399 -5.22389 2.03169
C -2.48537 -3.09042 0.5042
C -4.11888 -6.23004 3.9952
C -4.70943 -7.6366 4.04458
C -3.45497 -8.45926 4.22944
C -2.40518 -7.3475 4.34622
O -3.09874 -6.28971 4.96002
H -3.928 -6.51594 1.83976
H -1.86898 -7.57738 2.20561
H -1.99171 -2.36977 1.1907
H -4.92129 -5.48238 4.17648
H -5.31936 -7.70649 4.97388
H -5.33745 -7.91588 3.17135
H -3.5408 -9.01399 5.19061
H -3.22236 -9.16653 3.40418
H -1.53744 -7.74947 4.91039
H -3.49319 -2.71516 0.22535
H -1.8728 -3.18486 -0.41573
H 5.7004 -10.65636 8.86109
H 6.40441 -9.51816 7.6495
H 4.8144 -10.33563 7.32123
H 2.22882 -7.68293 4.54535
H 3.33688 -6.43904 3.97475
H 1.24231 -4.69939 4.34209
H 1.69666 -5.61989 2.8727
$end

$opt
CONSTRAINT
tors           1           2           3           4    -134.445
tors           3           4           5           6    +146.790
tors           4           5           6           7    +178.039
tors           5           6           7           8    -160.999
tors           6           7           8           9    -110.446
tors           7           8           9          10     +90.952
tors           8           9          10          11    +178.384
tors           9          10          11          12     -89.231
tors          11          12          13          14     +26.863
ENDCONSTRAINT
$end

$rem
JOBTYPE                   OPT
METHOD                    B3LYP
DFT_D                     d3_op
BASIS                     STO-3G
GEOM_OPT_MAX_CYCLES       100
GEOM_OPT_TOL_GRADIENT     300
GEOM_OPT_TOL_DISPLACEMENT 1200
GEOM_OPT_TOL_ENERGY       100
SYMMETRY                  False
THRESH                    12
SCF_CONVERGENCE           8
MAX_SUB_FILE_NUM          128
MEM_STATIC                400
MEM_TOTAL                 4000
$end
