$molecule
0  1
O -3.94934 -3.66094 2.70899
C -3.26408 -4.56952 2.26188
C -3.36658 -6.02376 2.66595
C -2.28161 -6.56914 3.60896
C -1.31671 -5.55615 4.18421
O -0.84674 -5.99518 5.38912
C 0.08064 -5.08906 5.99588
C 1.14764 -5.86387 6.76225
O 0.70122 -6.11474 8.10413
C -0.06745 -7.22025 8.26585
C -0.37689 -7.51496 9.71431
C 0.73747 -8.24429 10.47889
C 2.09921 -8.25217 9.81383
O 2.33918 -7.84819 8.68521
O -2.30486 -4.27625 1.34369
O 3.11278 -8.79314 10.54042
O -0.5863 -7.83739 7.34521
C 4.41587 -8.89574 10.10061
C -0.58422 -6.27429 10.60243
C -1.42033 -6.6491 11.82491
C -0.42589 -7.48912 12.60138
C 0.81849 -7.33202 11.71958
O 0.68276 -6.04306 11.16789
H -1.30717 -8.12828 9.71735
H 0.48183 -9.29913 10.72218
H -1.04757 -5.42061 10.06106
H -1.60964 -5.70899 12.39119
H -2.39006 -7.14499 11.6045
H -0.26521 -7.01237 13.59387
H -0.70404 -8.55741 12.73172
H 1.73775 -7.50776 12.32038
O -1.11378 -4.43091 3.74531
C -2.05786 -3.01026 0.85519
C -4.64026 -6.28087 3.50062
C -5.03888 -7.75148 3.4101
C -3.95442 -8.38114 4.24936
C -3.21217 -7.12729 4.72619
O -4.2158 -6.1526 4.8301
H -3.45975 -6.60403 1.72063
H -1.67294 -7.39268 3.1757
H -1.76605 -2.33006 1.68377
H -5.50297 -5.64614 3.20016
H -6.01079 -7.86462 3.94228
H -5.13615 -8.15249 2.37829
H -4.43564 -8.89787 5.10991
H -3.28252 -9.08527 3.71263
H -2.69437 -7.3794 5.67432
H -2.96157 -2.61422 0.34453
H -1.22585 -3.05884 0.12319
H 5.03006 -9.37354 10.89114
H 4.82822 -7.88616 9.88814
H 4.46251 -9.52147 9.18375
H 1.54312 -6.75814 6.22967
H 2.00574 -5.1671 6.88323
H -0.42424 -4.32294 6.62363
H 0.67529 -4.56199 5.21175
$end

$opt
CONSTRAINT
tors           1           2           3           4    -103.581
tors           3           4           5           6    +152.459
tors           4           5           6           7    +179.737
tors           5           6           7           8    -145.556
tors           6           7           8           9     -87.834
tors           7           8           9          10     +85.337
tors           8           9          10          11    +173.621
tors           9          10          11          12     -81.114
tors          11          12          13          14      -7.523
ENDCONSTRAINT
$end

$rem
JOBTYPE                   OPT
METHOD                    B3LYP
DFT_D                     d3_op
BASIS                     STO-3G
GEOM_OPT_MAX_CYCLES       100
GEOM_OPT_TOL_GRADIENT     300
GEOM_OPT_TOL_DISPLACEMENT 1200
GEOM_OPT_TOL_ENERGY       100
SYMMETRY                  False
THRESH                    12
SCF_CONVERGENCE           8
MAX_SUB_FILE_NUM          128
MEM_STATIC                400
MEM_TOTAL                 4000
$end
