$molecule
0  1
O -3.94934 -3.66094 2.70899
C -3.26408 -4.56952 2.26188
C -3.36658 -6.02376 2.66595
C -2.28161 -6.56914 3.60896
C -1.31671 -5.55615 4.18421
O -0.9755 -5.91167 5.45803
C -0.0584 -4.99917 6.07083
C 0.89732 -5.75251 6.99018
O 0.43134 -5.67896 8.34677
C -0.23331 -6.77274 8.79513
C 0.09013 -7.11011 10.23118
C 1.0977 -8.25416 10.41621
C 1.88935 -8.64322 9.18389
O 1.69732 -8.21699 8.05428
O -2.29464 -4.27274 1.35689
O 2.85798 -9.57904 9.36898
O -0.87474 -7.52141 8.06769
C 3.67161 -10.06429 8.36671
C 0.81313 -5.99265 11.02639
C 0.58053 -6.18861 12.52424
C 1.42756 -7.41577 12.78286
C 2.07537 -7.59502 11.40592
O 2.18106 -6.28778 10.89908
H -0.88507 -7.29171 10.73616
H 0.62679 -9.1818 10.80902
H 0.50205 -4.96535 10.73642
H 1.04941 -5.31985 13.0402
H -0.48159 -6.26923 12.84075
H 2.19096 -7.15977 13.55083
H 0.86669 -8.32537 13.08913
H 3.03112 -8.15546 11.50317
O -0.6731 -4.78471 3.48307
C -2.03747 -3.00399 0.88123
C -4.63018 -6.30341 3.51514
C -5.03572 -7.76769 3.37402
C -3.92423 -8.438 4.14713
C -3.18731 -7.2084 4.69419
O -4.19278 -6.24121 4.84919
H -3.46566 -6.60336 1.72037
H -1.65014 -7.32412 3.09081
H -1.7512 -2.33217 1.71855
H -5.49492 -5.65421 3.2548
H -5.98739 -7.89295 3.93941
H -5.17942 -8.13316 2.33451
H -4.38068 -9.03207 4.97008
H -3.2461 -9.08055 3.54471
H -2.65366 -7.50825 5.62048
H -2.9342 -2.6 0.36448
H -1.19815 -3.05019 0.15745
H 4.3691 -10.81307 8.79485
H 4.26415 -9.23673 7.92118
H 3.05924 -10.55416 7.57969
H 1.07804 -6.74211 6.53613
H 1.87419 -5.2209 7.00356
H -0.5642 -4.14387 6.56894
H 0.63567 -4.56946 5.31283
$end

$opt
CONSTRAINT
tors           1           2           3           4    -103.581
tors           3           4           5           6    +144.950
tors           4           5           6           7    +179.855
tors           5           6           7           8    -145.556
tors           6           7           8           9     -97.271
tors           7           8           9          10     +99.771
tors           8           9          10          11    +141.386
tors           9          10          11          12    -100.689
tors          11          12          13          14      -7.523
ENDCONSTRAINT
$end

$rem
JOBTYPE                   OPT
METHOD                    B3LYP
DFT_D                     d3_op
BASIS                     STO-3G
GEOM_OPT_MAX_CYCLES       100
GEOM_OPT_TOL_GRADIENT     300
GEOM_OPT_TOL_DISPLACEMENT 1200
GEOM_OPT_TOL_ENERGY       100
SYMMETRY                  False
THRESH                    12
SCF_CONVERGENCE           8
MAX_SUB_FILE_NUM          128
MEM_STATIC                400
MEM_TOTAL                 4000
$end
