$molecule
0  1
O -3.94934 -3.66094 2.70899
C -3.26408 -4.56952 2.26188
C -3.36658 -6.02376 2.66595
C -2.19999 -6.61164 3.47671
C -1.14451 -5.63467 3.94531
O -0.57743 -6.08446 5.10355
C 0.43958 -5.21255 5.60825
C 1.12163 -5.84481 6.81705
O 0.56603 -5.30901 8.02829
C -0.1992 -6.16661 8.74808
C -0.53993 -5.63997 10.12184
C 0.60711 -5.70042 11.14111
C 1.99027 -5.93133 10.56643
O 2.23015 -6.36556 9.44908
O -2.36034 -4.28586 1.2869
O 3.0321 -5.72175 11.41465
O -0.7155 -7.17432 8.28103
C 4.35926 -5.85402 11.06343
C -0.91999 -4.1516 10.16307
C -1.76406 -3.87122 11.40538
C -0.71799 -4.0075 12.49277
C 0.53747 -4.23892 11.64281
O 0.2899 -3.50502 10.46669
H -1.39723 -6.25208 10.48501
H 0.45452 -6.4321 11.96469
H -1.44758 -3.80955 9.2459
H -2.08599 -2.80657 11.35256
H -2.65886 -4.51953 11.52504
H -0.64824 -3.03754 13.0336
H -0.88664 -4.83489 13.21582
H 1.43994 -3.93733 12.21802
O -0.62311 -4.79271 3.2248
C -2.15429 -3.02823 0.75943
C -4.54568 -6.2684 3.63209
C -4.98453 -7.7291 3.56063
C -3.83371 -8.39776 4.27357
C -3.00965 -7.17293 4.68154
O -3.97273 -6.17648 4.90956
H -3.56517 -6.58902 1.72767
H -1.66707 -7.42062 2.93026
H -1.8223 -2.3287 1.55594
H -5.42142 -5.61055 3.43835
H -5.89972 -7.83403 4.1867
H -5.19424 -8.10756 2.53706
H -4.23453 -8.90641 5.17926
H -3.24355 -9.11563 3.66461
H -2.39495 -7.45285 5.56275
H -3.08976 -2.65101 0.29326
H -1.36598 -3.08507 -0.01889
H 4.99349 -5.61941 11.94271
H 4.60833 -5.14442 10.24514
H 4.56924 -6.89424 10.73549
H 1.16365 -6.95574 6.74104
H 2.18018 -5.5053 6.82464
H 0.08303 -4.17878 5.8179
H 1.2304 -5.15665 4.8239
$end

$opt
CONSTRAINT
tors           1           2           3           4    -110.336
tors           3           4           5           6    +151.051
tors           4           5           6           7    +179.737
tors           5           6           7           8    -174.273
tors           6           7           8           9     -98.621
tors           7           8           9          10    +109.545
tors           8           9          10          11    +169.280
tors           9          10          11          12     -75.542
tors          11          12          13          14     -17.609
ENDCONSTRAINT
$end

$rem
JOBTYPE                   OPT
METHOD                    B3LYP
DFT_D                     d3_op
BASIS                     STO-3G
GEOM_OPT_MAX_CYCLES       100
GEOM_OPT_TOL_GRADIENT     300
GEOM_OPT_TOL_DISPLACEMENT 1200
GEOM_OPT_TOL_ENERGY       100
SYMMETRY                  False
THRESH                    12
SCF_CONVERGENCE           8
MAX_SUB_FILE_NUM          128
MEM_STATIC                400
MEM_TOTAL                 4000
$end
