$molecule
0  1
O -3.94934 -3.66094 2.70899
C -3.26408 -4.56952 2.26188
C -3.36658 -6.02376 2.66595
C -2.21739 -6.60169 3.5081
C -1.18165 -5.61623 4.00227
O -0.47423 -6.16478 5.03381
C 0.54665 -5.29833 5.54007
C 1.53461 -6.09057 6.39002
O 1.56765 -5.56005 7.72431
C 0.61975 -6.04083 8.56661
C 0.75708 -5.50758 9.97283
C 2.13886 -5.71249 10.61077
C 3.25841 -6.08093 9.65811
O 3.2082 -5.99794 8.43944
O -2.33631 -4.28304 1.30966
O 4.44351 -6.40339 10.23981
O -0.24619 -6.84413 8.24255
C 5.59171 -6.71515 9.54236
C 0.64033 -3.972 10.06742
C 0.20893 -3.57957 11.47965
C 1.46433 -3.91384 12.26268
C 2.41206 -4.28782 11.11624
O 1.96805 -3.50541 10.03322
H -0.05901 -5.96125 10.58089
H 2.10459 -6.50077 11.39479
H -0.05233 -3.53759 9.31364
H 0.07628 -2.47364 11.47635
H -0.72309 -4.05569 11.85304
H 1.80726 -2.99329 12.78484
H 1.36348 -4.75119 12.98694
H 3.47249 -4.14313 11.4198
O -1.05169 -4.45284 3.64267
C -2.10638 -3.02079 0.80345
C -4.56399 -6.26388 3.61093
C -4.98793 -7.73042 3.5614
C -3.84858 -8.37303 4.31601
C -3.04372 -7.13081 4.7111
O -4.0188 -6.13794 4.89703
H -3.54488 -6.59564 1.72787
H -1.67094 -7.43227 3.00939
H -1.78783 -2.33418 1.61675
H -5.44144 -5.61836 3.38628
H -5.91621 -7.83146 4.16843
H -5.16997 -8.13106 2.54097
H -4.26406 -8.86406 5.22448
H -3.24179 -9.10164 3.73613
H -2.43386 -7.37465 5.6071
H -3.02663 -2.629 0.31978
H -1.29894 -3.07477 0.0448
H 6.4053 -6.93903 10.26236
H 5.90047 -5.85595 8.90927
H 5.42106 -7.60925 8.90522
H 1.40029 -7.19545 6.34595
H 2.54656 -5.91011 5.96388
H 0.11755 -4.42389 6.07931
H 1.14055 -4.90267 4.68088
$end

$opt
CONSTRAINT
tors           1           2           3           4    -108.775
tors           3           4           5           6    +161.928
tors           4           5           6           7    +178.855
tors           5           6           7           8    -163.963
tors           6           7           8           9    -120.738
tors           7           8           9          10     +85.337
tors           8           9          10          11    +176.601
tors           9          10          11          12     -54.260
tors          11          12          13          14     +13.521
ENDCONSTRAINT
$end

$rem
JOBTYPE                   OPT
METHOD                    B3LYP
DFT_D                     d3_op
BASIS                     STO-3G
GEOM_OPT_MAX_CYCLES       100
GEOM_OPT_TOL_GRADIENT     300
GEOM_OPT_TOL_DISPLACEMENT 1200
GEOM_OPT_TOL_ENERGY       100
SYMMETRY                  False
THRESH                    12
SCF_CONVERGENCE           8
MAX_SUB_FILE_NUM          128
MEM_STATIC                400
MEM_TOTAL                 4000
$end
