$molecule
0  1
O -3.94934 -3.66094 2.70899
C -3.26408 -4.56952 2.26188
C -3.36658 -6.02376 2.66595
C -2.12236 -6.6659 3.30111
C -0.97396 -5.73591 3.62421
O -0.12007 -6.34062 4.50205
C 1.02365 -5.53958 4.81749
C 2.10243 -6.39758 5.47032
O 2.07149 -6.22207 6.89549
C 1.24099 -7.05708 7.56794
C 1.7846 -7.46801 8.91563
C 2.99076 -8.41717 8.86507
C 3.68784 -8.52899 7.52407
O 3.27345 -8.07022 6.46938
O -2.42413 -4.30118 1.22566
O 4.83903 -9.25176 7.50986
O 0.14684 -7.40776 7.1488
C 5.60191 -9.47543 6.38291
C 2.34343 -6.31053 9.7596
C 2.32597 -6.69673 11.23745
C 3.42694 -7.73825 11.27067
C 3.93027 -7.6566 9.82447
O 3.71925 -6.31019 9.46794
H 0.94197 -7.95387 9.45904
H 2.75678 -9.44907 9.20791
H 1.80389 -5.35169 9.59855
H 2.66341 -5.80432 11.81191
H 1.34232 -7.03401 11.62933
H 4.21295 -7.39327 11.97872
H 3.10111 -8.76779 11.53419
H 4.98193 -8.01357 9.76612
O -0.85796 -4.56695 3.27942
C -2.24199 -3.04934 0.67577
C -4.41187 -6.2428 3.77813
C -4.88649 -7.69493 3.77534
C -3.66981 -8.38559 4.34539
C -2.76694 -7.17852 4.61652
O -3.66611 -6.15609 4.96338
H -3.68997 -6.56961 1.7514
H -1.70516 -7.51123 2.71041
H -1.85596 -2.34632 1.44461
H -5.29057 -5.56575 3.70086
H -5.71897 -7.78117 4.51001
H -5.22702 -8.06896 2.78583
H -3.95859 -8.86375 5.30827
H -3.19007 -9.13588 3.68041
H -2.03156 -7.45455 5.40118
H -3.20139 -2.66791 0.26549
H -1.50301 -3.11834 -0.14858
H 6.48281 -10.09165 6.65627
H 5.95661 -8.50956 5.96368
H 5.0066 -10.0204 5.61937
H 1.90914 -7.40079 5.00939
H 3.08562 -5.98923 5.14129
H 0.78784 -4.61173 5.38495
H 1.47714 -5.23472 3.84305
$end

$opt
CONSTRAINT
tors           1           2           3           4    -118.702
tors           3           4           5           6    +162.961
tors           4           5           6           7    +177.735
tors           5           6           7           8    -164.295
tors           6           7           8           9     -99.942
tors           7           8           9          10     +88.579
tors           8           9          10          11    +144.505
tors           9          10          11          12     -70.340
tors          11          12          13          14      -9.792
ENDCONSTRAINT
$end

$rem
JOBTYPE                   OPT
METHOD                    B3LYP
DFT_D                     d3_op
BASIS                     STO-3G
GEOM_OPT_MAX_CYCLES       100
GEOM_OPT_TOL_GRADIENT     300
GEOM_OPT_TOL_DISPLACEMENT 1200
GEOM_OPT_TOL_ENERGY       100
SYMMETRY                  False
THRESH                    12
SCF_CONVERGENCE           8
MAX_SUB_FILE_NUM          128
MEM_STATIC                400
MEM_TOTAL                 4000
$end
