$molecule
0  1
O -3.94934 -3.66094 2.70899
C -3.26408 -4.56952 2.26188
C -3.36658 -6.02376 2.66595
C -2.24599 -6.58647 3.55561
C -1.24215 -5.58809 4.08818
O -0.37337 -6.21177 4.93769
C 0.61474 -5.32946 5.4803
C 1.67111 -6.12619 6.23887
O 1.3567 -6.14573 7.64017
C 0.49505 -7.11732 8.03095
C 0.35372 -7.20962 9.53168
C 1.58647 -7.75746 10.26548
C 2.87175 -7.79211 9.46326
O 2.99688 -7.41139 8.30829
O -2.30752 -4.27804 1.34071
O 3.9677 -8.25692 10.11905
O -0.17831 -7.7888 7.25999
C 5.22677 -8.34404 9.56311
C 0.16478 -5.86002 10.24766
C -0.52468 -6.08479 11.59237
C 0.58533 -6.76486 12.37092
C 1.73046 -6.67918 11.35453
O 1.46499 -5.49232 10.64285
H -0.53059 -7.85872 9.72796
H 1.41836 -8.7855 10.65575
H -0.3954 -5.11662 9.63939
H -0.70442 -5.07896 12.03552
H -1.48507 -6.64229 11.55122
H 0.80881 -6.15008 13.27094
H 0.38289 -7.81698 12.66718
H 2.7135 -6.72646 11.87265
O -1.2015 -4.38872 3.84251
C -2.05797 -3.01209 0.85363
C -4.58301 -6.27638 3.58728
C -4.98978 -7.7486 3.53143
C -3.85953 -8.38132 4.31165
C -3.08124 -7.13134 4.73188
O -4.07237 -6.14827 4.88991
H -3.51963 -6.60467 1.72891
H -1.666 -7.38272 3.03801
H -1.7605 -2.33462 1.68243
H -5.46173 -5.64025 3.34193
H -5.9285 -7.85579 4.12115
H -5.15019 -8.1553 2.50982
H -4.28923 -8.886 5.20567
H -3.22653 -9.09451 3.74052
H -2.47405 -7.35449 5.63561
H -2.96219 -2.61184 0.34719
H -1.22892 -3.06223 0.11838
H 5.92933 -8.75586 10.31629
H 5.58043 -7.33619 9.25718
H 5.20997 -9.02008 8.68159
H 1.92724 -7.11496 5.79568
H 2.59844 -5.51532 6.18306
H 0.1896 -4.50084 6.09064
H 1.15541 -4.8835 4.61179
$end

$opt
CONSTRAINT
tors           1           2           3           4    -106.366
tors           3           4           5           6    +175.422
tors           4           5           6           7    +179.737
tors           5           6           7           8    -171.205
tors           6           7           8           9     -96.042
tors           7           8           9          10     +85.337
tors           8           9          10          11    +171.964
tors           9          10          11          12     -70.340
tors          11          12          13          14      +0.819
ENDCONSTRAINT
$end

$rem
JOBTYPE                   OPT
METHOD                    B3LYP
DFT_D                     d3_op
BASIS                     STO-3G
GEOM_OPT_MAX_CYCLES       100
GEOM_OPT_TOL_GRADIENT     300
GEOM_OPT_TOL_DISPLACEMENT 1200
GEOM_OPT_TOL_ENERGY       100
SYMMETRY                  False
THRESH                    12
SCF_CONVERGENCE           8
MAX_SUB_FILE_NUM          128
MEM_STATIC                400
MEM_TOTAL                 4000
$end
