$molecule
0  1
O -3.94934 -3.66094 2.70899
C -3.26408 -4.56952 2.26188
C -3.36658 -6.02376 2.66595
C -2.14342 -6.64905 3.35641
C -1.02126 -5.70436 3.72576
O -0.34934 -6.18481 4.81348
C 0.73565 -5.34477 5.22138
C 1.52254 -6.01109 6.34519
O 1.132 -5.45693 7.6114
C 0.04006 -6.02223 8.18344
C -0.25693 -5.46986 9.55725
C 0.74604 -5.87338 10.6479
C 2.05861 -6.45083 10.1576
O 2.30512 -6.77107 9.0038
O -2.41247 -4.29726 1.23648
O 3.00329 -6.67338 11.10951
O -0.70026 -6.8137 7.6143
C 4.25001 -7.20663 10.85783
C -0.20539 -3.93548 9.65113
C -1.04214 -3.46483 10.83924
C -0.17996 -3.93242 11.99506
C 1.03522 -4.47503 11.23308
O 1.10483 -3.66364 10.08378
H -1.27852 -5.82382 9.82677
H 0.32599 -6.58276 11.3945
H -0.53205 -3.429 8.71656
H -1.03761 -2.35132 10.82
H -2.09285 -3.8263 10.85497
H 0.10246 -3.04369 12.60213
H -0.63603 -4.70988 12.64556
H 1.93319 -4.46292 11.88908
O -0.79045 -4.61404 3.21979
C -2.22515 -3.04351 0.69261
C -4.46393 -6.24731 3.72615
C -4.9372 -7.69812 3.69232
C -3.74345 -8.39045 4.30312
C -2.86038 -7.18162 4.63293
O -3.77783 -6.16619 4.94605
H -3.64724 -6.57413 1.74
H -1.68753 -7.49956 2.80367
H -1.84857 -2.34256 1.46801
H -5.33937 -5.57131 3.61078
H -5.7972 -7.78738 4.39436
H -5.24031 -8.06739 2.68894
H -4.07336 -8.88989 5.24176
H -3.22811 -9.12422 3.64643
H -2.17624 -7.47781 5.45418
H -3.18014 -2.66165 0.27256
H -1.4767 -3.1093 -0.12343
H 4.81449 -7.27717 11.81012
H 4.81108 -6.5524 10.15667
H 4.15077 -8.22469 10.42418
H 1.5713 -7.12245 6.30329
H 2.56958 -5.6591 6.21938
H 0.42871 -4.3076 5.48731
H 1.43309 -5.29004 4.3521
$end

$opt
CONSTRAINT
tors           1           2           3           4    -116.124
tors           3           4           5           6    +151.610
tors           4           5           6           7    +179.737
tors           5           6           7           8    -174.273
tors           6           7           8           9    -100.055
tors           7           8           9          10     +85.337
tors           8           9          10          11    +175.602
tors           9          10          11          12     -70.340
tors          11          12          13          14      -9.792
ENDCONSTRAINT
$end

$rem
JOBTYPE                   OPT
METHOD                    B3LYP
DFT_D                     d3_op
BASIS                     STO-3G
GEOM_OPT_MAX_CYCLES       100
GEOM_OPT_TOL_GRADIENT     300
GEOM_OPT_TOL_DISPLACEMENT 1200
GEOM_OPT_TOL_ENERGY       100
SYMMETRY                  False
THRESH                    12
SCF_CONVERGENCE           8
MAX_SUB_FILE_NUM          128
MEM_STATIC                400
MEM_TOTAL                 4000
$end
