$molecule
0  1
O -3.94934 -3.66094 2.70899
C -3.26408 -4.56952 2.26188
C -3.36658 -6.02376 2.66595
C -2.28161 -6.56914 3.60896
C -1.31671 -5.55615 4.18421
O -0.78233 -6.03277 5.34727
C 0.14912 -5.12882 5.95102
C 0.80721 -5.78299 7.16144
O 0.17989 -5.32188 8.36839
C -0.92175 -6.01263 8.7536
C -1.34634 -5.70126 10.16903
C -0.32537 -6.08448 11.25025
C 1.0778 -6.37913 10.75935
O 1.46444 -6.26126 9.60558
O -2.30229 -4.27588 1.34665
O 1.97532 -6.73993 11.71397
O -1.52728 -6.79704 8.03545
C 3.30359 -7.0162 11.46634
C -1.52412 -4.20026 10.46552
C -2.47154 -4.02169 11.65073
C -1.60359 -4.52784 12.78727
C -0.28418 -4.76712 12.04292
O -0.29128 -3.8019 11.01673
H -2.31637 -6.22345 10.3368
H -0.65833 -6.97114 11.8336
H -1.88196 -3.61975 9.58722
H -2.62169 -2.92564 11.77958
H -3.46209 -4.51605 11.55458
H -1.49626 -3.71188 13.53595
H -1.96208 -5.45666 13.28181
H 0.57504 -4.72241 12.74785
O -1.11162 -4.42538 3.76111
C -2.05384 -3.00965 0.85951
C -4.63827 -6.27806 3.50488
C -5.03657 -7.74944 3.42238
C -3.952 -8.37451 4.26518
C -3.20738 -7.11848 4.73165
O -4.21044 -6.14279 4.83283
H -3.46211 -6.60518 1.72162
H -1.67505 -7.39528 3.1774
H -1.76434 -2.32988 1.68924
H -5.50192 -5.64514 3.20325
H -6.00854 -7.86092 3.95475
H -5.13295 -8.15504 2.39228
H -4.43258 -8.88274 5.13112
H -3.28271 -9.08472 3.73321
H -2.68222 -7.36289 5.67751
H -2.9561 -2.61333 0.3465
H -1.2198 -3.0579 0.1298
H 3.80351 -7.28347 12.41981
H 3.80642 -6.12352 11.03655
H 3.39176 -7.87205 10.76338
H 0.95498 -6.88424 7.08507
H 1.82702 -5.3408 7.20642
H -0.2843 -4.13369 6.2009
H 0.96468 -4.97613 5.20479
$end

$opt
CONSTRAINT
tors           1           2           3           4    -103.581
tors           3           4           5           6    +156.274
tors           4           5           6           7    +179.737
tors           5           6           7           8    -174.273
tors           6           7           8           9    -100.149
tors           7           8           9          10     +86.412
tors           8           9          10          11    +166.664
tors           9          10          11          12     -63.151
tors          11          12          13          14      +4.412
ENDCONSTRAINT
$end

$rem
JOBTYPE                   OPT
METHOD                    B3LYP
DFT_D                     d3_op
BASIS                     STO-3G
GEOM_OPT_MAX_CYCLES       100
GEOM_OPT_TOL_GRADIENT     300
GEOM_OPT_TOL_DISPLACEMENT 1200
GEOM_OPT_TOL_ENERGY       100
SYMMETRY                  False
THRESH                    12
SCF_CONVERGENCE           8
MAX_SUB_FILE_NUM          128
MEM_STATIC                400
MEM_TOTAL                 4000
$end
