$molecule
0  1
O -3.94934 -3.66094 2.70899
C -3.26408 -4.56952 2.26188
C -3.36658 -6.02376 2.66595
C -2.47629 -6.49466 3.82763
C -1.71428 -5.42048 4.57165
O -1.2479 -5.91768 5.75517
C -0.50394 -4.95901 6.5146
C 0.09554 -5.6194 7.75179
O -0.71181 -5.32608 8.90289
C -1.80698 -6.10992 9.06207
C -2.56744 -5.80762 10.33131
C -1.98382 -6.44193 11.60226
C -0.56772 -6.9693 11.48719
O 0.09038 -7.01445 10.4579
O -2.24043 -4.26444 1.42155
O -0.01545 -7.44479 12.63464
O -2.24561 -6.85512 8.19633
C 1.25795 -7.96631 12.7264
C -2.60414 -4.32139 10.73289
C -3.81062 -4.06035 11.63311
C -3.37702 -4.76932 12.90097
C -1.9574 -5.19581 12.50907
O -1.52913 -4.18197 11.6297
H -3.60858 -6.16934 10.16729
H -2.61198 -7.26939 11.99979
H -2.61302 -3.63204 9.86039
H -3.83831 -2.96468 11.83074
H -4.79118 -4.38247 11.22126
H -3.34877 -4.02368 13.7264
H -3.99994 -5.64155 13.19561
H -1.33571 -5.34308 13.41942
O -1.56826 -4.2554 4.22252
C -1.95378 -2.99096 0.97636
C -4.76675 -6.33278 3.24106
C -5.06758 -7.82534 3.12212
C -4.14365 -8.37798 4.18143
C -3.57339 -7.0764 4.75517
O -4.62367 -6.15461 4.62504
H -3.25193 -6.62597 1.73673
H -1.74307 -7.27817 3.53498
H -1.71786 -2.32834 1.83636
H -5.58001 -5.74894 2.7556
H -6.11957 -7.97802 3.45457
H -4.93799 -8.25501 2.10554
H -4.76116 -8.90068 4.94584
H -3.34406 -9.05564 3.81148
H -3.22914 -7.26564 5.7923
H -2.81757 -2.5801 0.41115
H -1.0726 -3.03052 0.30377
H 1.44934 -8.27663 13.77404
H 2.00734 -7.19846 12.43791
H 1.35647 -8.85447 12.06621
H 0.37862 -6.68904 7.6313
H 1.04262 -5.0722 7.95027
H -1.07977 -4.04069 6.77113
H 0.3629 -4.66057 5.87864
$end

$opt
CONSTRAINT
tors           1           2           3           4     -90.898
tors           3           4           5           6    +164.817
tors           4           5           6           7    +179.532
tors           5           6           7           8    -174.575
tors           6           7           8           9     -99.942
tors           7           8           9          10     +81.978
tors           8           9          10          11    +176.553
tors           9          10          11          12     -80.680
tors          11          12          13          14      -5.581
ENDCONSTRAINT
$end

$rem
JOBTYPE                   OPT
METHOD                    B3LYP
DFT_D                     d3_op
BASIS                     STO-3G
GEOM_OPT_MAX_CYCLES       100
GEOM_OPT_TOL_GRADIENT     300
GEOM_OPT_TOL_DISPLACEMENT 1200
GEOM_OPT_TOL_ENERGY       100
SYMMETRY                  False
THRESH                    12
SCF_CONVERGENCE           8
MAX_SUB_FILE_NUM          128
MEM_STATIC                400
MEM_TOTAL                 4000
$end
