$molecule
0  1
O -3.94934 -3.66094 2.70899
C -3.26408 -4.56952 2.26188
C -3.36658 -6.02376 2.66595
C -2.47629 -6.49466 3.82763
C -1.71428 -5.42048 4.57165
O -1.25231 -5.91618 5.75752
C -0.50863 -4.95744 6.51714
C 0.02399 -5.59798 7.7947
O -0.87058 -5.33042 8.88605
C -2.06793 -5.96449 8.82744
C -2.9279 -5.71128 10.04276
C -2.59959 -6.58578 11.26166
C -1.26858 -7.30905 11.21673
O -0.4534 -7.23767 10.30847
O -2.2407 -4.26445 1.42119
O -0.96963 -8.06993 12.30266
O -2.29044 -6.91092 8.08455
C 0.19942 -8.78623 12.45152
C -2.75766 -4.30754 10.66965
C -4.01048 -3.94431 11.4655
C -3.88372 -4.89301 12.64054
C -2.50811 -5.5055 12.35161
O -1.80564 -4.48081 11.69099
H -3.98646 -5.80315 9.70916
H -3.38171 -7.35625 11.43891
H -2.53678 -3.51558 9.92079
H -3.86505 -2.90292 11.83303
H -4.97143 -4.00248 10.91057
H -3.86645 -4.29163 13.57641
H -4.6679 -5.67842 12.70393
H -2.04667 -5.88469 13.28994
O -1.56285 -4.25708 4.21931
C -1.95421 -2.99098 0.97588
C -4.76755 -6.33315 3.23833
C -5.06868 -7.82512 3.11527
C -4.14409 -8.38043 4.1723
C -3.57505 -7.08001 4.75042
O -4.62557 -6.1584 4.62267
H -3.2502 -6.62533 1.7365
H -1.74278 -7.278 3.53528
H -1.71802 -2.32833 1.83579
H -5.58013 -5.74781 2.75355
H -6.12054 -7.97827 3.44794
H -4.93977 -8.25226 2.09753
H -4.76103 -8.90685 4.93462
H -3.34361 -9.05565 3.79982
H -3.23267 -7.27408 5.78489
H -2.81818 -2.58014 0.41093
H -1.07324 -3.03055 0.30301
H 0.18088 -9.31418 13.42691
H 1.07333 -8.10042 12.43235
H 0.2937 -9.53811 11.63901
H 0.30168 -6.66918 7.67844
H 0.95399 -5.05029 8.05932
H -1.0714 -4.02155 6.73763
H 0.38467 -4.69407 5.90399
$end

$opt
CONSTRAINT
tors           1           2           3           4     -90.898
tors           3           4           5           6    +164.585
tors           4           5           6           7    +179.532
tors           5           6           7           8    -177.563
tors           6           7           8           9     -95.655
tors           7           8           9          10     +69.686
tors           8           9          10          11    +176.416
tors           9          10          11          12     -81.667
tors          11          12          13          14      +0.715
ENDCONSTRAINT
$end

$rem
JOBTYPE                   OPT
METHOD                    B3LYP
DFT_D                     d3_op
BASIS                     STO-3G
GEOM_OPT_MAX_CYCLES       100
GEOM_OPT_TOL_GRADIENT     300
GEOM_OPT_TOL_DISPLACEMENT 1200
GEOM_OPT_TOL_ENERGY       100
SYMMETRY                  False
THRESH                    12
SCF_CONVERGENCE           8
MAX_SUB_FILE_NUM          128
MEM_STATIC                400
MEM_TOTAL                 4000
$end
