$molecule
0  1
O -3.94934 -3.66094 2.70899
C -3.26408 -4.56952 2.26188
C -3.36658 -6.02376 2.66595
C -2.28993 -6.56531 3.62063
C -1.33401 -5.54912 4.20514
O -0.80702 -6.02522 5.37178
C 0.11923 -5.12023 5.98196
C 0.85832 -5.8137 7.12169
O 0.15414 -5.61048 8.35689
C -0.89079 -6.4465 8.57676
C -1.53737 -6.23804 9.92551
C -0.88516 -7.0094 11.08219
C 0.49392 -7.57362 10.8056
O 1.05939 -7.56398 9.72176
O -2.29728 -4.27492 1.35229
O 1.11628 -8.16743 11.85836
O -1.12911 -7.43256 7.89019
C 2.36771 -8.74378 11.79747
C -1.42902 -4.79381 10.47086
C -2.54486 -4.53919 11.48316
C -2.08031 -5.40317 12.63701
C -0.7208 -5.86708 12.10135
O -0.28693 -4.80316 11.29039
H -2.62088 -6.46005 9.79697
H -1.51718 -7.84797 11.44801
H -1.45568 -4.01878 9.67365
H -2.4657 -3.47017 11.78591
H -3.57767 -4.74007 11.12579
H -1.95698 -4.75484 13.53279
H -2.73571 -6.26827 12.87747
H -0.04845 -6.13877 12.94464
O -1.13466 -4.41486 3.78855
C -2.04538 -3.008 0.86874
C -4.64611 -6.28011 3.49204
C -5.03904 -7.75304 3.40937
C -3.96236 -8.37243 4.26645
C -3.22592 -7.11299 4.73615
O -4.23261 -6.13972 4.82382
H -3.45204 -6.60638 1.72141
H -1.67723 -7.39083 3.19664
H -1.75965 -2.32996 1.70119
H -5.5083 -5.65046 3.17952
H -6.01674 -7.86627 3.93074
H -5.12213 -8.16163 2.37929
H -4.4512 -8.87794 5.12936
H -3.28583 -9.08346 3.74485
H -2.71086 -7.35151 5.68923
H -2.94467 -2.61006 0.35181
H -1.20758 -3.05555 0.1433
H 2.62999 -9.15019 12.79572
H 3.1252 -7.98344 11.51023
H 2.37108 -9.575 11.0603
H 1.15566 -6.86671 6.91756
H 1.80463 -5.24523 7.25136
H -0.34452 -4.15949 6.30047
H 0.9064 -4.89824 5.22271
$end

$opt
CONSTRAINT
tors           1           2           3           4    -102.960
tors           3           4           5           6    +156.474
tors           4           5           6           7    +179.532
tors           5           6           7           8    -169.359
tors           6           7           8           9     -91.387
tors           7           8           9          10     +81.978
tors           8           9          10          11    +176.553
tors           9          10          11          12     -85.901
tors          11          12          13          14      -6.807
ENDCONSTRAINT
$end

$rem
JOBTYPE                   OPT
METHOD                    B3LYP
DFT_D                     d3_op
BASIS                     STO-3G
GEOM_OPT_MAX_CYCLES       100
GEOM_OPT_TOL_GRADIENT     300
GEOM_OPT_TOL_DISPLACEMENT 1200
GEOM_OPT_TOL_ENERGY       100
SYMMETRY                  False
THRESH                    12
SCF_CONVERGENCE           8
MAX_SUB_FILE_NUM          128
MEM_STATIC                400
MEM_TOTAL                 4000
$end
