$molecule
0  1
O -3.94934 -3.66094 2.70899
C -3.26408 -4.56952 2.26188
C -3.36658 -6.02376 2.66595
C -2.23106 -6.59425 3.5314
C -1.21065 -5.60247 4.04444
O -0.4592 -6.17743 5.02941
C 0.56511 -5.31353 5.53309
C 1.62339 -6.12732 6.27061
O 1.28318 -6.22546 7.66255
C 0.58901 -7.33548 8.01631
C 0.39658 -7.4582 9.50915
C 1.62091 -7.97393 10.27941
C 2.93496 -7.94894 9.52486
O 3.06799 -7.66938 8.34218
O -2.32351 -4.28074 1.3232
O 4.03716 -8.30079 10.23843
O 0.00707 -8.05705 7.21601
C 5.31574 -8.34327 9.72326
C 0.12133 -6.13183 10.2403
C -0.6008 -6.40988 11.55754
C 0.51475 -7.04552 12.36351
C 1.68432 -6.89882 11.38291
O 1.39065 -5.71394 10.67978
H -0.46567 -8.14788 9.65937
H 1.48489 -9.00551 10.67263
H -0.45355 -5.40459 9.62613
H -0.84677 -5.42198 12.00905
H -1.52911 -7.01487 11.4733
H 0.68552 -6.42695 13.27254
H 0.35048 -8.10705 12.64949
H 2.65013 -6.90874 11.93429
O -1.1096 -4.42527 3.72194
C -2.08504 -3.01684 0.82521
C -4.57575 -6.26848 3.59599
C -4.99128 -7.73775 3.54448
C -3.8591 -8.37358 4.31669
C -3.06729 -7.12669 4.72193
O -4.05026 -6.13818 4.89058
H -3.53072 -6.59958 1.7277
H -1.66926 -7.41463 3.03255
H -1.77584 -2.33411 1.64535
H -5.45325 -5.62793 3.35767
H -5.92702 -7.8414 4.1395
H -5.15827 -8.14257 2.52314
H -4.28453 -8.86686 5.21924
H -3.23906 -9.09816 3.74579
H -2.46378 -7.36071 5.62506
H -2.99835 -2.62152 0.33138
H -1.26796 -3.06905 0.07683
H 6.01887 -8.65995 10.52062
H 5.61546 -7.33672 9.36069
H 5.36817 -9.07454 8.88847
H 1.88083 -7.09255 5.7776
H 2.55544 -5.52146 6.25637
H 0.1713 -4.4584 6.12608
H 1.11953 -4.90422 4.65454
$end

$opt
CONSTRAINT
tors           1           2           3           4    -107.601
tors           3           4           5           6    +166.045
tors           4           5           6           7    +177.834
tors           5           6           7           8    -161.729
tors           6           7           8           9     -90.833
tors           7           8           9          10     +94.134
tors           8           9          10          11    +173.540
tors           9          10          11          12     -78.493
tors          11          12          13          14      -6.807
ENDCONSTRAINT
$end

$rem
JOBTYPE                   OPT
METHOD                    B3LYP
DFT_D                     d3_op
BASIS                     STO-3G
GEOM_OPT_MAX_CYCLES       100
GEOM_OPT_TOL_GRADIENT     300
GEOM_OPT_TOL_DISPLACEMENT 1200
GEOM_OPT_TOL_ENERGY       100
SYMMETRY                  False
THRESH                    12
SCF_CONVERGENCE           8
MAX_SUB_FILE_NUM          128
MEM_STATIC                400
MEM_TOTAL                 4000
$end
