$molecule
0  1
O -3.94934 -3.66094 2.70899
C -3.26408 -4.56952 2.26188
C -3.36658 -6.02376 2.66595
C -2.39062 -6.52408 3.74347
C -1.54096 -5.47375 4.42389
O -0.88061 -6.02647 5.48401
C -0.04395 -5.09286 6.17511
C 0.97876 -5.83538 7.02884
O 0.47387 -6.00198 8.36309
C -0.31463 -7.08821 8.55678
C -0.74547 -7.25363 9.99472
C 0.24731 -8.01604 10.88432
C 1.64499 -8.18241 10.32262
O 1.99783 -7.86806 9.19512
O -2.24961 -4.26657 1.40953
O 2.55375 -8.76197 11.151
O -0.78476 -7.76257 7.64945
C 3.86953 -9.00246 10.81505
C -0.89566 -5.94 10.78853
C -1.84239 -6.15479 11.96835
C -0.98423 -7.02404 12.86515
C 0.3261 -7.03375 12.06941
O 0.34576 -5.77945 11.42974
H -1.73207 -7.77068 9.96999
H -0.11561 -9.0279 11.16988
H -1.24393 -5.08752 10.16516
H -1.97944 -5.16465 12.45955
H -2.8381 -6.57589 11.71132
H -0.85016 -6.49902 13.837
H -1.36594 -8.05382 13.03687
H 1.18319 -7.24676 12.74538
O -1.47432 -4.28648 4.12944
C -1.96784 -2.99422 0.958
C -4.71189 -6.30886 3.37455
C -5.05407 -7.7949 3.27858
C -4.04657 -8.3752 4.24415
C -3.39796 -7.09068 4.76919
O -4.43548 -6.14524 4.74127
H -3.35477 -6.62285 1.72791
H -1.69821 -7.30643 3.36116
H -1.72297 -2.32932 1.81374
H -5.55677 -5.70714 2.97241
H -6.07275 -7.92704 3.70913
H -5.03194 -8.22161 2.25279
H -4.59984 -8.89197 5.05991
H -3.29868 -9.06471 3.79609
H -2.95198 -7.2853 5.76828
H -2.83753 -2.58489 0.40084
H -1.0937 -3.03546 0.27639
H 4.38263 -9.48127 11.67408
H 4.38437 -8.04688 10.57792
H 3.92277 -9.68535 9.94029
H 1.39786 -6.75788 6.56741
H 1.83474 -5.13632 7.15127
H -0.61058 -4.3147 6.73322
H 0.58578 -4.58107 5.4079
$end

$opt
CONSTRAINT
tors           1           2           3           4     -96.081
tors           3           4           5           6    +170.829
tors           4           5           6           7    +179.532
tors           5           6           7           8    -161.856
tors           6           7           8           9     -93.244
tors           7           8           9          10     +85.507
tors           8           9          10          11    +176.553
tors           9          10          11          12     -85.901
tors          11          12          13          14      -6.766
ENDCONSTRAINT
$end

$rem
JOBTYPE                   OPT
METHOD                    B3LYP
DFT_D                     d3_op
BASIS                     STO-3G
GEOM_OPT_MAX_CYCLES       100
GEOM_OPT_TOL_GRADIENT     300
GEOM_OPT_TOL_DISPLACEMENT 1200
GEOM_OPT_TOL_ENERGY       100
SYMMETRY                  False
THRESH                    12
SCF_CONVERGENCE           8
MAX_SUB_FILE_NUM          128
MEM_STATIC                400
MEM_TOTAL                 4000
$end
