$molecule
0  1
O -3.94934 -3.66094 2.70899
C -3.26408 -4.56952 2.26188
C -3.36658 -6.02376 2.66595
C -2.22317 -6.59851 3.51808
C -1.19393 -5.61034 4.02035
O -0.59963 -6.09378 5.15106
C 0.3982 -5.21551 5.68233
C 1.21666 -5.93437 6.7498
O 0.63211 -5.71702 8.04361
C -0.41622 -6.52009 8.35219
C -0.93318 -6.30018 9.75399
C -0.16893 -7.05482 10.85159
C 1.18138 -7.61432 10.45121
O 1.6758 -7.54252 9.33543
O -2.34116 -4.2837 1.30475
O 1.88337 -8.23426 11.43638
O -0.78517 -7.46109 7.66092
C 3.13526 -8.78783 11.26833
C -0.80519 -4.85262 10.2774
C -1.83089 -4.61718 11.38669
C -1.24068 -5.45855 12.50038
C 0.07125 -5.90354 11.84379
O 0.40747 -4.8366 10.98972
H -2.01717 -6.55494 9.73153
H -0.75983 -7.89915 11.26965
H -0.91991 -4.0861 9.47993
H -1.75727 -3.54412 11.67506
H -2.88535 -4.85151 11.12466
H -1.04293 -4.79644 13.37237
H -1.8539 -6.3312 12.81414
H 0.82482 -6.15923 12.62073
O -0.99482 -4.48323 3.58518
C -2.12281 -3.024 0.78719
C -4.57829 -6.26587 3.59081
C -5.00349 -7.73068 3.5255
C -3.87307 -8.37836 4.28718
C -3.07462 -7.13802 4.70398
O -4.05197 -6.14734 4.88439
H -3.53181 -6.59419 1.72453
H -1.67018 -7.43524 3.0377
H -1.80805 -2.32756 1.59348
H -5.45159 -5.61795 3.35688
H -5.93868 -7.83441 4.12139
H -5.17458 -8.12443 2.50043
H -4.29999 -8.87987 5.18461
H -3.25774 -9.10014 3.70775
H -2.48765 -7.39747 5.60817
H -3.04767 -2.64437 0.30244
H -1.31729 -3.078 0.0265
H 3.47194 -9.22481 12.2307
H 3.86048 -8.00548 10.95768
H 3.09892 -9.59206 10.50272
H 1.46207 -6.9951 6.51821
H 2.18719 -5.39438 6.79563
H -0.01062 -4.24347 6.0391
H 1.12477 -5.01179 4.85994
$end

$opt
CONSTRAINT
tors           1           2           3           4    -108.274
tors           3           4           5           6    +155.048
tors           4           5           6           7    +179.532
tors           5           6           7           8    -168.002
tors           6           7           8           9     -91.690
tors           7           8           9          10     +81.670
tors           8           9          10          11    +176.553
tors           9          10          11          12     -83.448
tors          11          12          13          14      -2.156
ENDCONSTRAINT
$end

$rem
JOBTYPE                   OPT
METHOD                    B3LYP
DFT_D                     d3_op
BASIS                     STO-3G
GEOM_OPT_MAX_CYCLES       100
GEOM_OPT_TOL_GRADIENT     300
GEOM_OPT_TOL_DISPLACEMENT 1200
GEOM_OPT_TOL_ENERGY       100
SYMMETRY                  False
THRESH                    12
SCF_CONVERGENCE           8
MAX_SUB_FILE_NUM          128
MEM_STATIC                400
MEM_TOTAL                 4000
$end
