$molecule
0  1
O -3.94934 -3.66094 2.70899
C -3.26408 -4.56952 2.26188
C -3.36658 -6.02376 2.66595
C -2.28993 -6.56531 3.62063
C -1.33401 -5.54912 4.20514
O -0.75142 -6.05477 5.33223
C 0.17827 -5.1513 5.9394
C 1.07941 -5.90131 6.91488
O 0.50367 -5.87716 8.23049
C -0.47993 -6.78382 8.45328
C -0.98655 -6.7647 9.87583
C -0.23892 -7.69543 10.84178
C 1.09499 -8.22235 10.35216
O 1.53097 -8.10189 9.21639
O -2.29468 -4.27468 1.35518
O 1.81982 -8.93762 11.25305
O -0.76593 -7.68557 7.67473
C 3.04572 -9.51018 10.98592
C -0.79713 -5.41238 10.60605
C -1.80113 -5.29836 11.75224
C -1.23878 -6.31733 12.72039
C 0.05005 -6.70751 11.98789
O 0.42107 -5.54225 11.29421
H -2.08229 -6.95527 9.82533
H -0.84602 -8.57212 11.15678
H -0.89075 -4.53092 9.93437
H -1.6732 -4.28291 12.19185
H -2.86788 -5.44344 11.477
H -1.01218 -5.80141 13.67981
H -1.88296 -7.20425 12.90524
H 0.79792 -7.09763 12.71276
O -1.17676 -4.39545 3.82518
C -2.04093 -3.00752 0.87326
C -4.64318 -6.28031 3.49706
C -5.03407 -7.75449 3.42009
C -3.95559 -8.37022 4.27842
C -3.21874 -7.10898 4.74135
O -4.22613 -6.1359 4.82774
H -3.45473 -6.60747 1.72235
H -1.67665 -7.38694 3.1897
H -1.75713 -2.33021 1.70697
H -5.50712 -5.65274 3.18524
H -6.01098 -7.86766 3.94293
H -5.11778 -8.16639 2.39139
H -4.44248 -8.87152 5.14484
H -3.27999 -9.08358 3.75879
H -2.69662 -7.3391 5.6935
H -2.93867 -2.60881 0.35422
H -1.20122 -3.05489 0.15003
H 3.41009 -10.03049 11.8953
H 3.78041 -8.72601 10.70354
H 2.95148 -10.25085 10.16319
H 1.41034 -6.90599 6.5684
H 2.00017 -5.28545 7.00904
H -0.30361 -4.25325 6.38628
H 0.87978 -4.81086 5.14019
$end

$opt
CONSTRAINT
tors           1           2           3           4    -102.960
tors           3           4           5           6    +159.791
tors           4           5           6           7    +179.532
tors           5           6           7           8    -163.223
tors           6           7           8           9     -91.387
tors           7           8           9          10     +80.424
tors           8           9          10          11    +176.553
tors           9          10          11          12     -89.396
tors          11          12          13          14      -9.456
ENDCONSTRAINT
$end

$rem
JOBTYPE                   OPT
METHOD                    B3LYP
DFT_D                     d3_op
BASIS                     STO-3G
GEOM_OPT_MAX_CYCLES       100
GEOM_OPT_TOL_GRADIENT     300
GEOM_OPT_TOL_DISPLACEMENT 1200
GEOM_OPT_TOL_ENERGY       100
SYMMETRY                  False
THRESH                    12
SCF_CONVERGENCE           8
MAX_SUB_FILE_NUM          128
MEM_STATIC                400
MEM_TOTAL                 4000
$end
