$molecule
0  1
O -3.94934 -3.66094 2.70899
C -3.26408 -4.56952 2.26188
C -3.36658 -6.02376 2.66595
C -2.35812 -6.53647 3.7071
C -1.47461 -5.49633 4.35947
O -1.03232 -5.95494 5.56756
C -0.18636 -5.02227 6.24854
C 0.49854 -5.69996 7.43082
O -0.29672 -5.53786 8.61579
C -1.34879 -6.38561 8.73246
C -2.07472 -6.24473 10.04921
C -1.48727 -7.06951 11.20373
C -0.09115 -7.61576 10.98203
O 0.55926 -7.50231 9.95312
O -2.2683 -4.2694 1.38634
O 0.45617 -8.29105 12.02719
O -1.52554 -7.35203 8.00105
C 1.71411 -8.85617 12.01425
C -2.00594 -4.82972 10.67317
C -3.18271 -4.62892 11.62702
C -2.7864 -5.55117 12.76148
C -1.39338 -5.98323 12.289
O -0.91649 -4.87832 11.56095
H -3.14774 -6.46225 9.84635
H -2.1354 -7.93054 11.47781
H -1.98739 -4.01496 9.91642
H -3.12586 -3.57692 11.9887
H -4.19131 -4.81117 11.19775
H -2.72414 -4.95068 13.69605
H -3.45015 -6.42981 12.91392
H -0.77196 -6.29779 13.15617
O -1.26488 -4.36155 3.94886
C -1.99972 -2.99926 0.92061
C -4.70168 -6.29785 3.3928
C -5.06227 -7.77767 3.28994
C -4.042 -8.37383 4.22856
C -3.3682 -7.09872 4.74805
O -4.39588 -6.14393 4.75181
H -3.37446 -6.61458 1.72262
H -1.69574 -7.35018 3.3387
H -1.73963 -2.3278 1.76668
H -5.54712 -5.68403 3.01043
H -6.07399 -7.90408 3.73831
H -5.06243 -8.19395 2.2596
H -4.5851 -8.88854 5.05269
H -3.31287 -9.07097 3.76197
H -2.92519 -7.32405 5.73922
H -2.88181 -2.59628 0.37853
H -1.1395 -3.04254 0.22164
H 1.90473 -9.34204 12.99306
H 2.48375 -8.07233 11.84783
H 1.78061 -9.6242 11.21421
H 0.84262 -6.74059 7.23708
H 1.4131 -5.10089 7.63138
H -0.70609 -4.08113 6.53738
H 0.64561 -4.76566 5.55027
$end

$opt
CONSTRAINT
tors           1           2           3           4     -98.189
tors           3           4           5           6    +156.474
tors           4           5           6           7    +179.988
tors           5           6           7           8    -168.168
tors           6           7           8           9     -91.387
tors           7           8           9          10     +79.792
tors           8           9          10          11    +175.151
tors           9          10          11          12     -85.841
tors          11          12          13          14      -3.514
ENDCONSTRAINT
$end

$rem
JOBTYPE                   OPT
METHOD                    B3LYP
DFT_D                     d3_op
BASIS                     STO-3G
GEOM_OPT_MAX_CYCLES       100
GEOM_OPT_TOL_GRADIENT     300
GEOM_OPT_TOL_DISPLACEMENT 1200
GEOM_OPT_TOL_ENERGY       100
SYMMETRY                  False
THRESH                    12
SCF_CONVERGENCE           8
MAX_SUB_FILE_NUM          128
MEM_STATIC                400
MEM_TOTAL                 4000
$end
