$molecule
0  1
O -3.94934 -3.66094 2.70899
C -3.26408 -4.56952 2.26188
C -3.36658 -6.02376 2.66595
C -2.3284 -6.54853 3.67126
C -1.41358 -5.51835 4.2957
O -0.95078 -5.97587 5.4965
C -0.06635 -5.05676 6.14633
C 0.61108 -5.73049 7.33515
O -0.15167 -5.49759 8.52966
C -1.1412 -6.39234 8.77337
C -1.85119 -6.1423 10.08259
C -1.24511 -6.86308 11.29561
C 0.15084 -7.42078 11.10328
O 0.80643 -7.35086 10.07377
O -2.28044 -4.27165 1.37182
O 0.70108 -8.03137 12.18597
O -1.30259 -7.42349 8.1318
C 1.96283 -8.58767 12.20679
C -1.77916 -4.6798 10.59106
C -2.94626 -4.40464 11.53858
C -2.53571 -5.23155 12.73931
C -1.14546 -5.69476 12.2894
O -0.68049 -4.65181 11.46855
H -2.92729 -6.37036 9.91044
H -1.88565 -7.70481 11.63884
H -1.77371 -3.92692 9.77257
H -2.88725 -3.32681 11.81361
H -3.95957 -4.62128 11.1373
H -2.46864 -4.55841 13.62262
H -3.19357 -6.09835 12.9668
H -0.51328 -5.93731 13.17184
O -1.19538 -4.38987 3.8726
C -2.01903 -3.00287 0.89836
C -4.67914 -6.28998 3.43563
C -5.05419 -7.76671 3.34055
C -4.00925 -8.37337 4.24464
C -3.30824 -7.10521 4.74469
O -4.32759 -6.14224 4.78432
H -3.40786 -6.61133 1.72149
H -1.68647 -7.36797 3.28011
H -1.7482 -2.32847 1.73871
H -5.53227 -5.66915 3.08294
H -6.05208 -7.88703 3.82048
H -5.09015 -8.1797 2.30951
H -4.52982 -8.88496 5.0851
H -3.30181 -9.07602 3.75358
H -2.8348 -7.33751 5.7215
H -2.90854 -2.60225 0.36675
H -1.16815 -3.04786 0.18815
H 2.15511 -9.01578 13.21189
H 2.72749 -7.80937 11.99707
H 2.03578 -9.39947 11.4518
H 0.92557 -6.78507 7.16726
H 1.55087 -5.16072 7.50179
H -0.55247 -4.09453 6.42436
H 0.76114 -4.83996 5.42956
$end

$opt
CONSTRAINT
tors           1           2           3           4    -100.204
tors           3           4           5           6    +155.578
tors           4           5           6           7    +179.532
tors           5           6           7           8    -169.359
tors           6           7           8           9     -92.345
tors           7           8           9          10     +87.362
tors           8           9          10          11    +176.553
tors           9          10          11          12     -89.961
tors          11          12          13          14      -0.740
ENDCONSTRAINT
$end

$rem
JOBTYPE                   OPT
METHOD                    B3LYP
DFT_D                     d3_op
BASIS                     STO-3G
GEOM_OPT_MAX_CYCLES       100
GEOM_OPT_TOL_GRADIENT     300
GEOM_OPT_TOL_DISPLACEMENT 1200
GEOM_OPT_TOL_ENERGY       100
SYMMETRY                  False
THRESH                    12
SCF_CONVERGENCE           8
MAX_SUB_FILE_NUM          128
MEM_STATIC                400
MEM_TOTAL                 4000
$end
