$molecule
0  1
O -3.94934 -3.66094 2.70899
C -3.26408 -4.56952 2.26188
C -3.36658 -6.02376 2.66595
C -2.32855 -6.54847 3.67145
C -1.41388 -5.51824 4.29603
O -1.016 -5.93993 5.53267
C -0.1358 -5.01888 6.18549
C 0.3768 -5.61735 7.49132
O -0.43442 -5.16713 8.58772
C -1.54665 -5.90389 8.83119
C -2.33484 -5.40461 10.01868
C -1.87222 -5.94923 11.37796
C -0.50671 -6.60629 11.39648
O 0.20809 -6.78312 10.4206
O -2.28323 -4.27183 1.36871
O -0.06663 -7.02779 12.61154
O -1.97599 -6.76385 8.07398
C 1.14897 -7.64225 12.8276
C -2.24646 -3.88592 10.27487
C -3.4653 -3.42536 11.07296
C -3.16729 -4.04046 12.42575
C -1.77577 -4.62751 12.16237
O -1.20945 -3.75164 11.21612
H -3.39911 -5.67185 9.82539
H -2.59152 -6.67888 11.81088
H -2.14805 -3.28808 9.3424
H -3.39375 -2.3176 11.16343
H -4.45191 -3.69282 10.63718
H -3.11425 -3.2225 13.1782
H -3.88278 -4.82232 12.76107
H -1.21699 -4.73777 13.11768
O -1.1161 -4.43077 3.81769
C -2.02316 -3.0031 0.89434
C -4.68074 -6.29225 3.43275
C -5.06003 -7.7662 3.3221
C -4.01093 -8.38544 4.21211
C -3.31146 -7.12357 4.73219
O -4.33023 -6.16097 4.78359
H -3.40617 -6.61026 1.72066
H -1.6826 -7.36295 3.2768
H -1.74967 -2.32872 1.73385
H -5.53232 -5.6656 3.08669
H -6.05514 -7.88744 3.80765
H -5.10502 -8.16912 2.28744
H -4.52799 -8.9162 5.04277
H -3.3012 -9.0748 3.7057
H -2.84068 -7.37553 5.70304
H -2.91424 -2.60239 0.36545
H -1.17445 -3.04823 0.18154
H 1.25032 -7.87881 13.9066
H 1.97802 -6.96499 12.53026
H 1.20887 -8.58738 12.24663
H 0.57782 -6.71204 7.46805
H 1.36015 -5.13169 7.67209
H -0.57918 -4.00893 6.34003
H 0.75901 -4.91388 5.52761
$end

$opt
CONSTRAINT
tors           1           2           3           4    -100.194
tors           3           4           5           6    +151.913
tors           4           5           6           7    +179.532
tors           5           6           7           8    -174.252
tors           6           7           8           9     -95.532
tors           7           8           9          10     +86.267
tors           8           9          10          11    +178.336
tors           9          10          11          12     -85.901
tors          11          12          13          14      -3.424
ENDCONSTRAINT
$end

$rem
JOBTYPE                   OPT
METHOD                    B3LYP
DFT_D                     d3_op
BASIS                     STO-3G
GEOM_OPT_MAX_CYCLES       100
GEOM_OPT_TOL_GRADIENT     300
GEOM_OPT_TOL_DISPLACEMENT 1200
GEOM_OPT_TOL_ENERGY       100
SYMMETRY                  False
THRESH                    12
SCF_CONVERGENCE           8
MAX_SUB_FILE_NUM          128
MEM_STATIC                400
MEM_TOTAL                 4000
$end
