$molecule
0  1
O -3.94934 -3.66094 2.70899
C -3.26408 -4.56952 2.26188
C -3.36658 -6.02376 2.66595
C -2.26043 -6.57925 3.57793
C -1.27246 -5.57478 4.12841
O -0.70685 -6.05969 5.27313
C 0.25127 -5.16617 5.85011
C 1.10597 -5.90306 6.87607
O 0.51299 -5.78936 8.17927
C -0.41909 -6.72752 8.47965
C -0.96681 -6.58553 9.87983
C -0.14383 -7.28585 10.97095
C 1.25702 -7.70657 10.57432
O 1.71758 -7.65958 9.44284
O -2.31278 -4.27793 1.33495
O 2.02953 -8.21601 11.57021
O -0.89432 -7.50717 7.66453
C 3.32337 -8.662 11.39979
C -1.00287 -5.14304 10.4239
C -2.04846 -5.03506 11.53266
C -1.37183 -5.82169 12.63686
C -0.02202 -6.1223 11.97512
O 0.20171 -5.01274 11.13766
H -2.00754 -6.98223 9.85189
H -0.65118 -8.18133 11.39255
H -1.19587 -4.38152 9.63683
H -2.09222 -3.96413 11.83531
H -3.06938 -5.38004 11.26143
H -1.23855 -5.14991 13.51384
H -1.89281 -6.75385 12.94558
H 0.75196 -6.30665 12.7522
O -1.08565 -4.43732 3.71487
C -2.06945 -3.01271 0.84261
C -4.61802 -6.27342 3.53527
C -5.02479 -7.74308 3.46116
C -3.92405 -8.37376 4.27857
C -3.16058 -7.12198 4.72482
O -4.15571 -6.14099 4.85169
H -3.48643 -6.60161 1.72222
H -1.67245 -7.40916 3.12822
H -1.77025 -2.33157 1.66777
H -5.48596 -5.63626 3.25583
H -5.98495 -7.85156 4.01509
H -5.14569 -8.14653 2.43279
H -4.38662 -8.87634 5.15754
H -3.27306 -9.09014 3.73238
H -2.61409 -7.36763 5.65763
H -2.9773 -2.61692 0.33918
H -1.24374 -3.06265 0.10361
H 3.71493 -9.02277 12.37292
H 3.96916 -7.83291 11.03926
H 3.3466 -9.50064 10.67144
H 1.40402 -6.93572 6.58536
H 2.05002 -5.32136 6.95515
H -0.1997 -4.23009 6.24883
H 0.97404 -4.89218 5.04451
$end

$opt
CONSTRAINT
tors           1           2           3           4    -105.212
tors           3           4           5           6    +156.474
tors           4           5           6           7    +179.532
tors           5           6           7           8    -164.543
tors           6           7           8           9     -91.387
tors           7           8           9          10     +86.728
tors           8           9          10          11    +177.849
tors           9          10          11          12     -85.901
tors          11          12          13          14      -8.038
ENDCONSTRAINT
$end

$rem
JOBTYPE                   OPT
METHOD                    B3LYP
DFT_D                     d3_op
BASIS                     STO-3G
GEOM_OPT_MAX_CYCLES       100
GEOM_OPT_TOL_GRADIENT     300
GEOM_OPT_TOL_DISPLACEMENT 1200
GEOM_OPT_TOL_ENERGY       100
SYMMETRY                  False
THRESH                    12
SCF_CONVERGENCE           8
MAX_SUB_FILE_NUM          128
MEM_STATIC                400
MEM_TOTAL                 4000
$end
