$molecule
0  1
O -3.94934 -3.66094 2.70899
C -3.26408 -4.56952 2.26188
C -3.36658 -6.02376 2.66595
C -2.26157 -6.57869 3.57966
C -1.27485 -5.57374 4.13152
O -0.71077 -6.0583 5.27714
C 0.2461 -5.16432 5.85547
C 1.03751 -5.87628 6.94767
O 0.48769 -5.55928 8.23612
C -0.59739 -6.28589 8.60187
C -1.07775 -5.96439 9.99705
C -0.39228 -6.76046 11.11718
C 0.8866 -7.47639 10.73166
O 1.37345 -7.50343 9.61059
O -2.31253 -4.27789 1.33524
O 1.52398 -8.13647 11.73463
O -0.99916 -7.26564 7.98595
C 2.70046 -8.83885 11.57815
C -0.76466 -4.52345 10.47018
C -1.74181 -4.11885 11.5732
C -1.25917 -4.99333 12.71198
C -0.01311 -5.61469 12.07049
O 0.44569 -4.62891 11.17836
H -2.18614 -6.06988 9.9852
H -1.06925 -7.52073 11.56469
H -0.78967 -3.77436 9.64854
H -1.51986 -3.05632 11.82329
H -2.82066 -4.21544 11.32522
H -0.98492 -4.33618 13.56686
H -1.97343 -5.77744 13.04492
H 0.70801 -5.93264 12.85537
O -1.08293 -4.43843 3.7145
C -2.06919 -3.01267 0.8429
C -4.61841 -6.27337 3.53509
C -5.02468 -7.74325 3.46194
C -3.92461 -8.37305 4.28107
C -3.16169 -7.12086 4.72704
O -4.15717 -6.13989 4.85199
H -3.4859 -6.60214 1.72249
H -1.67273 -7.40877 3.13139
H -1.77033 -2.33143 1.66811
H -5.48643 -5.63679 3.25463
H -5.98532 -7.85146 4.01509
H -5.1446 -8.14768 2.43384
H -4.38792 -8.87497 5.16002
H -3.27302 -9.08979 3.73607
H -2.6146 -7.36567 5.66133
H -2.97694 -2.61703 0.33916
H -1.24325 -3.06255 0.10415
H 2.99588 -9.27569 12.55404
H 3.50814 -8.1595 11.23094
H 2.56041 -9.66186 10.84508
H 1.23696 -6.95613 6.76618
H 2.03393 -5.38318 6.96117
H -0.18783 -4.19698 6.19523
H 0.99782 -4.94615 5.05936
$end

$opt
CONSTRAINT
tors           1           2           3           4    -105.122
tors           3           4           5           6    +156.474
tors           4           5           6           7    +179.532
tors           5           6           7           8    -168.268
tors           6           7           8           9     -98.269
tors           7           8           9          10     +81.978
tors           8           9          10          11    +176.553
tors           9          10          11          12     -86.780
tors          11          12          13          14      -2.671
ENDCONSTRAINT
$end

$rem
JOBTYPE                   OPT
METHOD                    B3LYP
DFT_D                     d3_op
BASIS                     STO-3G
GEOM_OPT_MAX_CYCLES       100
GEOM_OPT_TOL_GRADIENT     300
GEOM_OPT_TOL_DISPLACEMENT 1200
GEOM_OPT_TOL_ENERGY       100
SYMMETRY                  False
THRESH                    12
SCF_CONVERGENCE           8
MAX_SUB_FILE_NUM          128
MEM_STATIC                400
MEM_TOTAL                 4000
$end
