$molecule
0  1
O -3.94934 -3.66094 2.70899
C -3.26408 -4.56952 2.26188
C -3.36658 -6.02376 2.66595
C -2.1637 -6.92746 2.34928
C -0.92277 -6.23941 1.8251
O 0.16193 -7.05384 1.98498
C 1.08529 -6.98272 0.89338
C 2.30859 -6.16382 1.2922
O 3.42033 -7.0369 1.54644
C 3.97821 -6.92725 2.77766
C 3.27501 -7.76502 3.81896
C 3.5467 -7.35258 5.27305
C 4.16903 -5.98439 5.46655
O 4.16298 -5.34378 6.50777
O -2.96252 -4.41456 0.94018
O 4.66709 -5.24579 4.4408
O 5.20288 -6.89763 2.80451
C 5.20411 -3.97411 4.52437
C 1.81706 -8.13834 3.90416
C 1.57245 -9.36292 4.81523
C 1.64824 -8.72517 6.17669
C 2.08226 -7.32337 5.78636
O 1.29612 -7.06541 4.6389
H 3.77385 -8.74637 3.64304
H 4.16136 -8.07179 5.85961
H 1.46077 -8.46474 2.93055
H 0.54908 -9.77842 4.67974
H 2.31883 -10.16733 4.637
H 0.61747 -8.63781 6.59063
H 2.2995 -9.2468 6.9105
H 1.91827 -6.63672 6.64601
O -0.76017 -5.06408 1.53965
C -3.02472 -3.22514 0.24001
C -3.44622 -6.17059 4.19902
C -4.11664 -7.49354 4.55969
C -3.02772 -8.46838 4.17677
C -1.91627 -7.49498 3.76799
O -2.11606 -6.37941 4.5969
H -4.30933 -6.40516 2.21271
H -2.40799 -7.74087 1.63106
H -2.34052 -2.47869 0.69731
H -3.97815 -5.33252 4.70035
H -4.23635 -7.51204 5.66685
H -5.10351 -7.66975 4.08016
H -2.73068 -9.03595 5.08708
H -3.28471 -9.17356 3.35698
H -0.94675 -8.01208 3.87524
H -4.0637 -2.83189 0.23671
H -2.70934 -3.40411 -0.80818
H 5.52534 -3.64925 3.51359
H 6.08844 -3.97629 5.19681
H 4.44244 -3.25964 4.9031
H 2.6188 -5.56958 0.40533
H 2.08151 -5.42935 2.10007
H 0.62453 -6.4552 0.02168
H 1.34471 -7.9873 0.49621
$end

$opt
CONSTRAINT
tors           1           2           3           4    -161.053
tors           3           4           5           6    +161.053
tors           4           5           6           7    +142.105
tors           5           6           7           8    +104.211
tors           6           7           8           9    +104.211
tors           7           8           9          10    -123.158
tors           8           9          10          11     +85.263
tors           9          10          11          12    -161.053
tors          11          12          13          14    +161.053
ENDCONSTRAINT
$end

$rem
JOBTYPE                   OPT
METHOD                    B3LYP
DFT_D                     d3_op
BASIS                     STO-3G
GEOM_OPT_MAX_CYCLES       100
GEOM_OPT_TOL_GRADIENT     300
GEOM_OPT_TOL_DISPLACEMENT 1200
GEOM_OPT_TOL_ENERGY       100
SYMMETRY                  False
THRESH                    12
SCF_CONVERGENCE           8
MAX_SUB_FILE_NUM          128
MEM_STATIC                400
MEM_TOTAL                 4000
$end
