$molecule
0  1
O -3.94934 -3.66094 2.70899
C -3.26408 -4.56952 2.26188
C -3.36658 -6.02376 2.66595
C -2.09215 -6.69516 3.20345
C -0.90361 -5.79095 3.44399
O -1.33324 -4.52844 3.73882
C -2.37481 -4.50293 4.72051
C -3.39473 -3.42231 4.37678
O -3.52318 -2.50393 5.47357
C -3.66886 -3.07246 6.69615
C -4.33085 -4.42863 6.63926
C -5.80088 -4.45051 7.08292
C -6.48486 -3.10098 7.17033
O -7.64647 -2.91531 7.50313
O -2.35193 -4.25312 1.29004
O -5.8917 -1.98833 6.6605
O -3.5021 -2.44055 7.72958
C -6.44317 -0.72239 6.61946
C -4.70417 -5.7253 5.75926
C -4.98462 -6.99895 6.63371
C -6.45278 -6.81987 6.87415
C -6.62495 -5.43746 6.28205
O -5.9161 -5.48024 5.10633
H -3.67245 -4.92677 7.38412
H -5.82934 -4.73355 8.16229
H -3.99614 -6.04512 5.09914
H -4.87589 -7.98011 6.13337
H -4.35709 -7.01285 7.55023
H -7.03505 -7.51476 6.22602
H -6.76791 -6.94067 7.93314
H -7.70356 -5.18365 6.18385
O 0.24752 -6.02676 3.10101
C -2.14819 -2.98432 0.7891
C -4.36067 -7.22886 2.85356
C -4.11553 -8.40921 1.87405
C -2.83848 -9.02818 2.46856
C -2.5859 -8.08709 3.66617
O -3.9174 -7.86012 4.03684
H -3.41695 -6.19316 1.56888
H -1.61705 -7.00405 2.24271
H -1.8183 -2.29999 1.59892
H -5.41967 -6.89472 2.85979
H -4.94214 -9.14397 2.00091
H -4.05695 -8.1321 0.79947
H -3.09078 -10.03847 2.86223
H -1.98326 -9.12658 1.76566
H -1.93317 -8.53207 4.44619
H -3.08347 -2.60024 0.32897
H -1.35714 -3.0233 0.0126
H -5.71775 -0.02624 6.15087
H -6.66417 -0.3689 7.64918
H -7.37438 -0.7285 6.01381
H -2.72437 -2.59889 3.89289
H -4.52986 -3.6643 4.54582
H -1.7686 -3.95079 5.47186
H -2.26137 -5.31059 5.47531
$end

$opt
CONSTRAINT
tors           1           2           3           4    -123.158
tors           3           4           5           6     +28.421
tors           4           5           6           7     +47.368
tors           5           6           7           8    -142.105
tors           6           7           8           9    -123.158
tors           7           8           9          10     -47.368
tors           8           9          10          11     -28.421
tors           9          10          11          12    -104.211
tors          11          12          13          14    -180.000
ENDCONSTRAINT
$end

$rem
JOBTYPE                   OPT
METHOD                    B3LYP
DFT_D                     d3_op
BASIS                     STO-3G
GEOM_OPT_MAX_CYCLES       100
GEOM_OPT_TOL_GRADIENT     300
GEOM_OPT_TOL_DISPLACEMENT 1200
GEOM_OPT_TOL_ENERGY       100
SYMMETRY                  False
THRESH                    12
SCF_CONVERGENCE           8
MAX_SUB_FILE_NUM          128
MEM_STATIC                400
MEM_TOTAL                 4000
$end
