$molecule
0  1
O -3.94934 -3.66094 2.70899
C -3.26408 -4.56952 2.26188
C -3.36658 -6.02376 2.66595
C -2.57813 -6.46456 3.91009
C -1.91791 -5.36653 4.71416
O -2.00712 -5.64989 6.04727
C -0.95503 -6.50127 6.51364
C -1.07847 -7.88382 5.88162
O -0.33327 -8.8415 6.65001
C 0.46352 -8.32091 7.61605
C 0.85679 -9.33474 8.66398
C 2.08666 -10.18472 8.31297
C 2.93892 -9.67301 7.16907
O 2.51791 -9.29599 6.08501
O -2.4233 -4.29966 1.22825
O 4.27134 -9.52174 7.40656
O 1.25709 -7.40682 7.41823
C 5.17931 -9.02692 6.49349
C 1.31178 -8.7294 10.01002
C 1.06171 -9.73935 11.1272
C 2.09454 -10.79565 10.78641
C 2.84885 -10.08782 9.65126
O 2.71859 -8.71873 9.94953
H -0.04561 -9.95985 8.85779
H 1.7813 -11.21543 8.02942
H 0.82293 -7.75907 10.24644
H 1.36186 -9.2389 12.07611
H 0.02013 -10.11285 11.22931
H 2.74245 -10.95057 11.67739
H 1.68191 -11.76722 10.43762
H 3.88607 -10.48225 9.58985
O -1.04667 -4.63979 4.25972
C -2.2269 -3.04393 0.69287
C -4.81169 -6.4157 2.95951
C -4.98575 -7.92849 2.83953
C -4.27761 -8.38255 4.09178
C -3.85067 -7.03185 4.67419
O -4.90984 -6.17581 4.3273
H -3.02231 -6.59449 1.77108
H -1.86645 -7.21295 3.53996
H -1.83109 -2.35521 1.46973
H -5.54664 -5.88786 2.31212
H -6.06863 -8.16944 2.93371
H -4.59057 -8.35103 1.89055
H -5.03328 -8.84488 4.7665
H -3.43052 -9.08518 3.93876
H -3.77309 -7.13726 5.77229
H -3.18208 -2.6458 0.28862
H -1.48992 -3.11193 -0.13339
H 6.18856 -9.01633 6.95364
H 4.90617 -7.98912 6.20597
H 5.20433 -9.67351 5.59038
H -2.0917 -8.28868 5.93228
H -0.62054 -7.92498 4.88422
H -1.15618 -6.54701 7.60766
H 0.00621 -5.98554 6.29852
$end

$opt
CONSTRAINT
tors           1           2           3           4     -85.263
tors           3           4           5           6    +142.105
tors           4           5           6           7     +85.263
tors           5           6           7           8     -66.316
tors           6           7           8           9    -161.053
tors           7           8           9          10      -9.474
tors           8           9          10          11    +161.053
tors           9          10          11          12     +85.263
tors          11          12          13          14     -47.368
ENDCONSTRAINT
$end

$rem
JOBTYPE                   OPT
METHOD                    B3LYP
DFT_D                     d3_op
BASIS                     STO-3G
GEOM_OPT_MAX_CYCLES       100
GEOM_OPT_TOL_GRADIENT     300
GEOM_OPT_TOL_DISPLACEMENT 1200
GEOM_OPT_TOL_ENERGY       100
SYMMETRY                  False
THRESH                    12
SCF_CONVERGENCE           8
MAX_SUB_FILE_NUM          128
MEM_STATIC                400
MEM_TOTAL                 4000
$end
