$molecule
0  1
O -3.94934 -3.66094 2.70899
C -3.26408 -4.56952 2.26188
C -3.36658 -6.02376 2.66595
C -2.97353 -6.38153 4.10864
C -2.69204 -5.22192 5.03825
O -3.74456 -5.04423 5.89034
C -3.40473 -4.28278 7.05393
C -4.55801 -3.35965 7.43331
O -5.50283 -4.0676 8.25124
C -4.96942 -4.7812 9.27368
C -4.52233 -6.16219 8.85698
C -4.09972 -6.28943 7.3861
C -3.84445 -4.98573 6.65679
O -4.69033 -4.14308 6.39414
O -2.3752 -4.28632 1.273
O -1.65695 -5.20621 6.86352
O -4.53684 -4.22844 10.27426
C -0.50151 -4.40738 6.89509
C -3.37475 -6.85679 9.61292
C -3.62094 -8.36307 9.60789
C -3.43575 -8.66882 8.13308
C -2.92833 -7.30574 7.62755
O -2.27326 -6.7617 8.75151
H -5.4457 -6.76129 9.0385
H -4.97847 -6.75508 6.88423
H -3.22353 -6.48469 10.64873
H -2.78195 -8.82153 10.17967
H -4.58414 -8.70797 10.04189
H -2.66069 -9.46107 8.03804
H -4.35907 -8.97132 7.5933
H -2.30357 -7.47717 6.72641
O -1.95143 -4.31083 4.65973
C -2.16396 -3.0257 0.75506
C -4.79783 -6.58981 2.57413
C -4.72229 -8.06243 2.20522
C -4.08177 -8.61311 3.45818
C -4.13519 -7.37066 4.37505
O -5.2453 -6.65026 3.90854
H -2.70855 -6.57763 1.95488
H -2.01584 -6.94781 4.11225
H -1.81308 -2.33787 1.55393
H -5.45581 -6.04255 1.86406
H -5.7747 -8.42298 2.1438
H -4.19523 -8.31177 1.25916
H -4.71826 -9.44671 3.8309
H -3.03311 -8.9627 3.33762
H -4.16069 -7.79176 5.37364
H -3.10206 -2.63396 0.30676
H -1.38725 -3.08235 -0.03488
H 0.19494 -4.74672 6.10026
H 0.00139 -4.55235 7.87339
H -0.67422 -3.3234 6.75869
H -4.08464 -2.66547 8.19429
H -4.94058 -2.28098 7.07259
H -2.70934 -3.24201 6.73385
H -2.78529 -4.23137 8.24071
$end

$opt
CONSTRAINT
tors           1           2           3           4     -66.316
tors           3           4           5           6    +104.211
tors           4           5           6           7    +161.053
tors           5           6           7           8    +142.105
tors           6           7           8           9     +85.263
tors           7           8           9          10     +47.368
tors           8           9          10          11     -85.263
tors           9          10          11          12     +28.421
tors          11          12          13          14     -66.316
ENDCONSTRAINT
$end

$rem
JOBTYPE                   OPT
METHOD                    B3LYP
DFT_D                     d3_op
BASIS                     STO-3G
GEOM_OPT_MAX_CYCLES       100
GEOM_OPT_TOL_GRADIENT     300
GEOM_OPT_TOL_DISPLACEMENT 1200
GEOM_OPT_TOL_ENERGY       100
SYMMETRY                  False
THRESH                    12
SCF_CONVERGENCE           8
MAX_SUB_FILE_NUM          128
MEM_STATIC                400
MEM_TOTAL                 4000
$end
