$molecule
0  1
O -3.94934 -3.66094 2.70899
C -3.26408 -4.56952 2.26188
C -3.36658 -6.02376 2.66595
C -4.25419 -6.35572 3.87665
C -5.08044 -5.22016 4.4387
O -4.45405 -4.02959 4.2029
C -5.05214 -3.27933 3.14052
C -4.3016 -1.96743 2.9362
O -2.88723 -2.21398 2.89539
C -2.32285 -2.16928 1.66307
C -3.34223 -2.0914 0.55156
C -4.4998 -3.09429 0.66342
C -4.6664 -3.76328 2.01301
O -3.76779 -3.97722 2.81382
O -2.28718 -4.56386 1.2051
O -5.7819 -4.77428 1.66315
O -1.16612 -1.79781 1.53433
C -7.05169 -5.02283 2.28025
C -4.16296 -0.78251 0.22935
C -4.55901 -0.73996 -1.24595
C -5.63219 -1.82796 -1.2776
C -5.70157 -2.19933 0.20372
O -5.45301 -0.95602 0.77844
H -2.7835 -2.23249 -0.39242
H -4.36866 -3.91474 -0.08274
H -3.62128 0.14205 0.52645
H -5.05373 0.24864 -1.40588
H -3.7353 -0.84994 -1.97856
H -6.59656 -1.34666 -1.56728
H -5.42843 -2.70203 -1.92551
H -6.68429 -2.65242 0.45578
O -5.8784 -5.36339 5.3519
C -1.34854 -4.47059 0.1773
C -3.94238 -6.99393 1.59798
C -3.46858 -8.42143 1.83487
C -4.2774 -8.78518 3.07282
C -5.09337 -7.5081 3.26195
O -5.29486 -7.12376 1.92804
H -2.32121 -6.33519 2.89888
H -3.66542 -6.74744 4.73592
H -0.37651 -4.87746 0.50519
H -3.7294 -6.66917 0.55617
H -3.8468 -9.02913 0.97806
H -2.37045 -8.53755 1.91871
H -4.98196 -9.60477 2.79574
H -3.69499 -9.07014 3.97101
H -6.00589 -7.72231 3.86093
H -1.72723 -4.97187 -0.73257
H -1.11534 -3.43955 -0.13419
H -7.88583 -4.8824 1.57314
H -7.32325 -4.43258 3.17005
H -7.14786 -6.04238 2.68745
H -4.62379 -0.95749 2.68391
H -4.36513 -1.5586 3.98
H -6.08366 -2.85185 3.49902
H -6.00145 -2.88991 3.68648
$end

$opt
CONSTRAINT
tors           1           2           3           4      -9.474
tors           3           4           5           6     -28.421
tors           4           5           6           7    +104.211
tors           5           6           7           8    -180.000
tors           6           7           8           9     +47.368
tors           7           8           9          10    +104.211
tors           8           9          10          11      -9.474
tors           9          10          11          12     -47.368
tors          11          12          13          14     -28.421
ENDCONSTRAINT
$end

$rem
JOBTYPE                   OPT
METHOD                    B3LYP
DFT_D                     d3_op
BASIS                     STO-3G
GEOM_OPT_MAX_CYCLES       100
GEOM_OPT_TOL_GRADIENT     300
GEOM_OPT_TOL_DISPLACEMENT 1200
GEOM_OPT_TOL_ENERGY       100
SYMMETRY                  False
THRESH                    12
SCF_CONVERGENCE           8
MAX_SUB_FILE_NUM          128
MEM_STATIC                400
MEM_TOTAL                 4000
$end
