$molecule
0  1
O -3.94934 -3.66094 2.70899
C -3.26408 -4.56952 2.26188
C -3.36658 -6.02376 2.66595
C -4.73745 -6.52338 3.15068
C -5.89497 -5.55994 3.00924
O -5.89496 -5.0153 1.75672
C -5.04398 -3.87004 1.64067
C -5.43056 -3.05006 0.41417
O -6.00654 -3.90599 -0.5851
C -5.12035 -4.52282 -1.40567
C -3.77952 -4.75924 -0.75227
C -3.79525 -5.75674 0.41522
C -5.03374 -6.62288 0.52767
O -5.55785 -7.23316 -0.39289
O -2.04604 -4.20786 1.75493
O -4.81652 -7.73518 1.30175
O -5.45815 -4.97052 -2.49168
C -5.69814 -8.82752 1.48308
C -2.8368 -5.45574 -1.77279
C -1.36939 -5.32551 -1.34828
C -1.32882 -6.34111 -0.23959
C -2.78489 -6.80488 -0.2365
O -3.10473 -6.8087 -1.60184
H -3.22369 -3.79714 -0.65547
H -4.68896 -5.62073 0.34891
H -2.95159 -5.06448 -2.80826
H -0.70592 -5.67137 -2.17283
H -1.08356 -4.29203 -1.05898
H -0.71443 -7.20042 -0.59455
H -0.89233 -6.00077 0.71546
H -2.79547 -7.82222 0.21061
O -6.95806 -5.73405 3.59601
C -1.59327 -2.90992 1.62281
C -2.42948 -7.23266 3.07033
C -2.0389 -7.29208 4.56368
C -3.39974 -7.61959 5.18685
C -4.27159 -7.83522 3.91264
O -3.28729 -8.34956 3.03874
H -2.99181 -5.49013 3.56649
H -4.81962 -6.04778 4.15346
H -1.54094 -2.42204 2.6192
H -1.54449 -7.32874 2.41352
H -1.36751 -8.17298 4.6857
H -1.52531 -6.39606 4.97365
H -3.29272 -8.57522 5.74643
H -3.80185 -6.84761 5.87714
H -5.12933 -8.5057 4.12865
H -2.26405 -2.32638 0.95889
H -0.57668 -2.92431 1.17978
H -5.24118 -9.60515 2.12395
H -5.94084 -9.3369 0.52764
H -6.63771 -8.47237 1.95487
H -6.39858 -2.49629 0.62192
H -5.05966 -2.01576 -0.05327
H -4.42944 -3.47551 0.82233
H -5.78227 -3.14944 2.28323
$end

$opt
CONSTRAINT
tors           1           2           3           4     +28.421
tors           3           4           5           6     +47.368
tors           4           5           6           7     -85.263
tors           5           6           7           8    -161.053
tors           6           7           8           9     -28.421
tors           7           8           9          10     -85.263
tors           8           9          10          11     +28.421
tors           9          10          11          12     +66.316
tors          11          12          13          14     +47.368
ENDCONSTRAINT
$end

$rem
JOBTYPE                   OPT
METHOD                    B3LYP
DFT_D                     d3_op
BASIS                     STO-3G
GEOM_OPT_MAX_CYCLES       100
GEOM_OPT_TOL_GRADIENT     300
GEOM_OPT_TOL_DISPLACEMENT 1200
GEOM_OPT_TOL_ENERGY       100
SYMMETRY                  False
THRESH                    12
SCF_CONVERGENCE           8
MAX_SUB_FILE_NUM          128
MEM_STATIC                400
MEM_TOTAL                 4000
$end
