$molecule
0  1
O -3.94934 -3.66094 2.70899
C -3.26408 -4.56952 2.26188
C -3.36658 -6.02376 2.66595
C -4.77372 -6.64113 2.71769
C -5.90468 -5.78727 2.1886
O -7.08665 -6.46279 2.2984
C -7.10064 -7.40116 3.37938
C -6.16356 -6.93771 4.48989
O -5.48991 -8.06816 5.06536
C -5.30502 -8.01545 6.40781
C -4.2293 -8.95882 6.89107
C -4.03441 -10.21454 6.02883
C -4.66668 -10.17543 4.65209
O -4.0659 -10.00733 3.60072
O -2.03763 -4.13594 1.8248
O -5.94831 -10.64031 4.61619
O -5.67273 -7.07858 7.10701
C -6.665 -10.99299 3.48788
C -2.82155 -8.34016 6.85695
C -1.92369 -9.06495 7.8567
C -1.76363 -10.40519 7.1691
C -2.49929 -10.12716 5.85192
O -2.28924 -8.7542 5.62514
H -4.49624 -9.22954 7.93786
H -4.32468 -11.16747 6.52425
H -2.81608 -7.24514 7.05059
H -0.94112 -8.54057 7.84889
H -2.30609 -9.10997 8.89912
H -0.6794 -10.57781 6.9883
H -2.20493 -11.27228 7.70658
H -2.12682 -10.81289 5.05877
O -5.80981 -4.84131 1.42153
C -1.69749 -2.82372 1.55987
C -2.85795 -6.50219 1.17705
C -2.20292 -7.82742 1.03307
C -3.32429 -8.60607 1.52978
C -4.5285 -7.57203 1.42211
O -4.04101 -6.68954 0.47535
H -2.65011 -6.27086 3.47952
H -4.603 -7.60059 3.19471
H -1.79036 -2.20731 2.47929
H -2.13941 -5.89561 0.58044
H -2.06471 -8.02099 -0.0587
H -1.21771 -7.96422 1.54186
H -3.40837 -9.56894 0.98002
H -2.91642 -8.66671 2.54407
H -5.43749 -8.11834 1.08152
H -2.35494 -2.41449 0.76332
H -0.64547 -2.78468 1.21048
H -7.61695 -10.42558 3.4626
H -6.91481 -12.07232 3.54386
H -6.102 -10.80915 2.54787
H -5.70822 -5.92874 4.69199
H -6.9732 -6.63935 5.19686
H -6.77562 -8.37659 2.97553
H -8.14831 -7.57098 3.71927
$end

$opt
CONSTRAINT
tors           1           2           3           4     +47.368
tors           3           4           5           6    -180.000
tors           4           5           6           7     +28.421
tors           5           6           7           8     +28.421
tors           6           7           8           9    -142.105
tors           7           8           9          10    -142.105
tors           8           9          10          11    -161.053
tors           9          10          11          12     -28.421
tors          11          12          13          14    +104.211
ENDCONSTRAINT
$end

$rem
JOBTYPE                   OPT
METHOD                    B3LYP
DFT_D                     d3_op
BASIS                     STO-3G
GEOM_OPT_MAX_CYCLES       100
GEOM_OPT_TOL_GRADIENT     300
GEOM_OPT_TOL_DISPLACEMENT 1200
GEOM_OPT_TOL_ENERGY       100
SYMMETRY                  False
THRESH                    12
SCF_CONVERGENCE           8
MAX_SUB_FILE_NUM          128
MEM_STATIC                400
MEM_TOTAL                 4000
$end
