$molecule
0  1
O -3.94934 -3.66094 2.70899
C -3.26408 -4.56952 2.26188
C -3.36658 -6.02376 2.66595
C -4.66266 -6.76517 2.29943
C -5.63801 -6.02118 1.41441
O -5.30015 -6.19539 0.10256
C -6.18073 -5.51832 -0.80043
C -7.63286 -5.79466 -0.42481
O -7.82154 -7.20088 -0.20159
C -8.31226 -7.53715 1.01712
C -7.41972 -8.49789 1.76614
C -7.32693 -8.24989 3.27881
C -8.38551 -7.33747 3.86498
O -8.16802 -6.31268 4.49512
O -2.32159 -4.25182 1.33295
O -9.68626 -7.74175 3.78426
O -9.47521 -7.29571 1.29925
C -10.75857 -7.05353 4.31364
C -7.97251 -9.93485 1.70737
C -6.84972 -10.93515 1.99292
C -6.68552 -10.74056 3.48288
C -7.75937 -9.67899 3.74241
O -8.77943 -10.03746 2.84402
H -6.49387 -8.51477 1.23071
H -6.39316 -8.20445 3.83321
H -8.46146 -10.16913 0.73603
H -7.23557 -11.96312 1.80886
H -5.93207 -10.77153 1.38813
H -6.98852 -11.68391 3.99062
H -5.67375 -10.45277 3.82719
H -8.04877 -9.70518 4.81844
O -6.24403 -5.04886 1.84835
C -2.0999 -2.98028 0.8467
C -2.27247 -6.91149 2.0458
C -2.02821 -8.13767 2.91632
C -3.30652 -8.89857 2.67991
C -3.96758 -8.00784 1.61961
O -2.88692 -7.44996 0.91681
H -3.18819 -6.01035 3.76686
H -5.13913 -6.8848 3.25625
H -1.80788 -2.29917 1.67439
H -1.30388 -6.39308 1.87629
H -1.18629 -8.70169 2.45361
H -1.78872 -7.93045 3.98153
H -3.04651 -9.89846 2.26563
H -3.949 -9.00585 3.57694
H -4.56212 -8.65668 0.96841
H -3.01602 -2.5966 0.3487
H -1.27673 -3.01352 0.10392
H -11.69176 -7.61223 4.09609
H -10.82974 -6.04473 3.85375
H -10.64661 -6.95865 5.41481
H -7.99446 -5.18233 0.42809
H -8.27244 -5.47048 -1.27288
H -5.97659 -5.91873 -1.81595
H -5.99108 -4.42263 -0.81231
$end

$opt
CONSTRAINT
tors           1           2           3           4     +66.316
tors           3           4           5           6     +85.263
tors           4           5           6           7    -180.000
tors           5           6           7           8     -47.368
tors           6           7           8           9     -47.368
tors           7           8           9          10    +123.158
tors           8           9          10          11    -123.158
tors           9          10          11          12    +142.105
tors          11          12          13          14    -123.158
ENDCONSTRAINT
$end

$rem
JOBTYPE                   OPT
METHOD                    B3LYP
DFT_D                     d3_op
BASIS                     STO-3G
GEOM_OPT_MAX_CYCLES       100
GEOM_OPT_TOL_GRADIENT     300
GEOM_OPT_TOL_DISPLACEMENT 1200
GEOM_OPT_TOL_ENERGY       100
SYMMETRY                  False
THRESH                    12
SCF_CONVERGENCE           8
MAX_SUB_FILE_NUM          128
MEM_STATIC                400
MEM_TOTAL                 4000
$end
