$molecule
0  1
O -3.94934 -3.66094 2.70899
C -3.26408 -4.56952 2.26188
C -3.36658 -6.02376 2.66595
C -4.06137 -6.97914 1.68189
C -4.41791 -6.40938 0.32677
O -5.75795 -6.54904 0.10269
C -6.16873 -7.91469 -0.02193
C -6.437 -8.51072 1.35608
O -6.84866 -9.88049 1.22514
C -6.36999 -10.53166 0.1361
C -7.3785 -11.47436 -0.47618
C -7.75863 -12.67523 0.40227
C -7.36875 -12.57488 1.86331
O -7.829 -11.77638 2.6665
O -2.41855 -4.34291 1.2455
O -6.46499 -13.48876 2.24643
O -5.24352 -10.44998 -0.3341
C -6.01586 -13.55306 3.55275
C -8.7792 -10.90047 -0.78469
C -9.42914 -11.75274 -1.88254
C -9.74239 -13.02198 -1.11528
C -9.28984 -12.6229 0.29281
O -9.55558 -11.235 0.34717
H -6.90872 -11.82212 -1.42427
H -7.32668 -13.61345 -0.01129
H -8.78598 -9.81931 -1.04218
H -10.38076 -11.27551 -2.20274
H -8.79583 -11.91042 -2.78207
H -10.83821 -13.20214 -1.12992
H -9.22537 -13.926 -1.50425
H -9.80145 -13.21528 1.08737
O -3.64885 -5.91068 -0.47997
C -2.21345 -3.07122 0.74511
C -1.98594 -6.70772 2.77664
C -2.09957 -7.94009 3.67913
C -2.83613 -8.89754 2.76691
C -2.9709 -8.0486 1.50613
O -1.78242 -7.28091 1.50249
H -3.86829 -6.01577 3.66564
H -4.91175 -7.07979 2.26789
H -1.86261 -2.45191 1.58333
H -1.17135 -6.02194 3.10527
H -1.08361 -8.34027 3.88585
H -2.61059 -7.75122 4.64617
H -2.1923 -9.77847 2.55807
H -3.80628 -9.25197 3.16878
H -3.10919 -8.66329 0.58587
H -3.1693 -2.70168 0.34378
H -1.45284 -3.10917 -0.04378
H -5.20577 -14.28894 3.62375
H -6.86387 -13.84718 4.189
H -5.64057 -12.55348 3.82423
H -5.67157 -8.74397 2.06188
H -7.25629 -7.95042 1.85154
H -5.37225 -8.36482 -0.60628
H -7.09702 -7.96094 -0.62839
$end

$opt
CONSTRAINT
tors           1           2           3           4    +104.211
tors           3           4           5           6    -123.158
tors           4           5           6           7     -66.316
tors           5           6           7           8     +85.263
tors           6           7           8           9    -180.000
tors           7           8           9          10     +28.421
tors           8           9          10          11    -142.105
tors           9          10          11          12     -66.316
tors          11          12          13          14     +66.316
ENDCONSTRAINT
$end

$rem
JOBTYPE                   OPT
METHOD                    B3LYP
DFT_D                     d3_op
BASIS                     STO-3G
GEOM_OPT_MAX_CYCLES       100
GEOM_OPT_TOL_GRADIENT     300
GEOM_OPT_TOL_DISPLACEMENT 1200
GEOM_OPT_TOL_ENERGY       100
SYMMETRY                  False
THRESH                    12
SCF_CONVERGENCE           8
MAX_SUB_FILE_NUM          128
MEM_STATIC                400
MEM_TOTAL                 4000
$end
