$molecule
0  1
O -3.94934 -3.66094 2.70899
C -3.26408 -4.56952 2.26188
C -3.36658 -6.02376 2.66595
C -2.76261 -7.06348 1.7078
C -1.9673 -6.5228 0.54022
O -2.66364 -5.51895 -0.07037
C -2.8214 -4.36011 0.75513
C -2.82282 -4.75953 2.22707
O -2.88809 -6.18937 2.34611
C -4.04217 -6.75812 1.91743
C -4.24818 -6.62017 0.42773
C -4.90376 -5.30426 -0.01598
C -4.9276 -4.19641 1.01786
O -4.11067 -4.04632 1.91489
O -1.50704 -3.27409 2.14568
O -5.91424 -3.26587 0.84626
O -4.90808 -7.62544 2.51454
C -6.12879 -2.16457 1.64855
C -4.11915 -7.27531 -1.08475
C -5.42236 -7.6267 -1.83275
C -5.9476 -6.22481 -2.1842
C -4.83644 -5.34378 -1.59823
O -3.74533 -6.18209 -1.91601
H -5.11973 -7.3044 0.46807
H -5.99331 -5.49621 0.14779
H -3.39803 -8.12199 -1.10975
H -5.10554 -8.11394 -2.78783
H -6.12114 -8.30524 -1.30785
H -5.92334 -6.11117 -3.29442
H -6.96424 -5.98309 -1.81773
H -4.81285 -4.32487 -2.04125
O -0.86699 -6.90585 0.17138
C -1.54362 -1.90648 1.90621
C -2.59444 -6.73678 4.36992
C -3.21879 -8.07283 4.75364
C -2.62413 -9.00273 3.68291
C -1.75299 -8.04189 2.85412
O -1.31303 -7.16274 3.90162
H -4.25934 -5.77691 3.72768
H -2.73687 -8.23457 1.23522
H -1.15016 -1.35511 2.78109
H -2.57667 -5.99422 5.19926
H -2.80784 -8.37258 5.74405
H -4.32389 -8.04143 4.8249
H -1.94122 -9.71035 4.20545
H -3.35244 -9.59217 3.0892
H -0.9225 -8.58737 2.34783
H -2.57984 -1.57964 1.68664
H -0.90836 -1.68698 1.02113
H -7.00837 -1.60528 1.26971
H -5.24241 -1.496 1.62681
H -6.33766 -2.48568 2.69157
H -1.36564 -5.18766 2.27069
H -1.58291 -4.87765 3.2143
H -2.97499 -3.36994 0.16141
H -1.81827 -4.0478 0.31565
$end

$opt
CONSTRAINT
tors           1           2           3           4    +161.053
tors           3           4           5           6     -47.368
tors           4           5           6           7     +66.316
tors           5           6           7           8     -28.421
tors           6           7           8           9      -9.474
tors           7           8           9          10     -66.316
tors           8           9          10          11     +66.316
tors           9          10          11          12     -85.263
tors          11          12          13          14     +28.421
ENDCONSTRAINT
$end

$rem
JOBTYPE                   OPT
METHOD                    B3LYP
DFT_D                     d3_op
BASIS                     STO-3G
GEOM_OPT_MAX_CYCLES       100
GEOM_OPT_TOL_GRADIENT     300
GEOM_OPT_TOL_DISPLACEMENT 1200
GEOM_OPT_TOL_ENERGY       100
SYMMETRY                  False
THRESH                    12
SCF_CONVERGENCE           8
MAX_SUB_FILE_NUM          128
MEM_STATIC                400
MEM_TOTAL                 4000
$end
