$molecule
0  1
O -3.94934 -3.66094 2.70899
C -3.26408 -4.56952 2.26188
C -3.36658 -6.02376 2.66595
C -2.40867 -7.01244 1.98128
C -1.33566 -6.41165 1.10049
O -1.14507 -7.19749 -0.00021
C 0.20761 -7.64241 -0.14708
C 1.03125 -6.5879 -0.87902
O 0.88991 -6.75493 -2.29853
C 0.83074 -5.60672 -3.01774
C -0.41317 -4.79853 -2.73457
C -0.5271 -3.48717 -3.52553
C 0.40329 -3.34928 -4.71384
O 0.96317 -2.31906 -5.0599
O -2.48023 -4.19236 1.21846
O 0.40164 -4.38025 -5.60801
O 1.79739 -5.27029 -3.68211
C 1.09504 -4.38697 -6.80069
C -1.7109 -5.51141 -3.17768
C -2.89919 -4.96205 -2.39126
C -3.01028 -3.57076 -2.98371
C -1.95295 -3.6618 -4.0905
O -1.9704 -5.01774 -4.46644
H -0.49465 -4.58587 -1.65084
H -0.42866 -2.57259 -2.89966
H -1.66552 -6.6179 -3.0784
H -3.79008 -5.55316 -2.70343
H -2.80917 -5.00649 -1.28702
H -4.03007 -3.4541 -3.41275
H -2.79153 -2.73312 -2.28803
H -2.17219 -2.9312 -4.90078
O -0.47343 -5.65661 1.54172
C -2.33125 -2.90221 0.7467
C -2.96377 -6.2198 4.13951
C -3.56908 -7.51563 4.6788
C -2.70694 -8.54252 3.97564
C -1.73662 -7.62431 3.22635
O -1.59156 -6.51954 4.08496
H -4.43239 -6.31114 2.52385
H -2.95916 -7.79071 1.404
H -1.93281 -2.24577 1.54931
H -3.25216 -5.36409 4.78893
H -3.35235 -7.56048 5.77014
H -4.66332 -7.62007 4.51541
H -2.15518 -9.12504 4.7469
H -3.24847 -9.23431 3.29487
H -0.80272 -8.17458 2.97609
H -3.30605 -2.5103 0.38596
H -1.61116 -2.90468 -0.09629
H 0.91498 -5.35045 -7.31998
H 2.18429 -4.28117 -6.60952
H 0.74476 -3.55841 -7.4525
H 0.96534 -5.55684 -0.47672
H 2.08407 -6.88248 -0.67879
H 0.24239 -8.60814 -0.69505
H 0.65588 -7.84393 0.85529
$end

$opt
CONSTRAINT
tors           1           2           3           4    -180.000
tors           3           4           5           6    -142.105
tors           4           5           6           7    -123.158
tors           5           6           7           8     -85.263
tors           6           7           8           9     -85.263
tors           7           8           9          10    +142.105
tors           8           9          10          11     -66.316
tors           9          10          11          12    -180.000
tors          11          12          13          14    -142.105
ENDCONSTRAINT
$end

$rem
JOBTYPE                   OPT
METHOD                    B3LYP
DFT_D                     d3_op
BASIS                     STO-3G
GEOM_OPT_MAX_CYCLES       100
GEOM_OPT_TOL_GRADIENT     300
GEOM_OPT_TOL_DISPLACEMENT 1200
GEOM_OPT_TOL_ENERGY       100
SYMMETRY                  False
THRESH                    12
SCF_CONVERGENCE           8
MAX_SUB_FILE_NUM          128
MEM_STATIC                400
MEM_TOTAL                 4000
$end
