$molecule
0  1
O -3.94934 -3.66094 2.70899
C -3.26408 -4.56952 2.26188
C -3.36658 -6.02376 2.66595
C -2.63438 -7.05063 1.78659
C -1.7357 -6.49335 0.70496
O -1.02202 -7.50482 0.1279
C -1.65735 -8.05138 -1.03265
C -1.13359 -9.45758 -1.30548
O -1.37956 -9.81433 -2.67482
C -2.56426 -9.39347 -3.18327
C -3.72161 -10.28035 -2.79002
C -5.11121 -9.71381 -3.1161
C -5.13902 -8.54801 -4.08401
O -4.83332 -7.39544 -3.81437
O -2.01538 -4.1596 1.89637
O -5.60025 -8.78981 -5.34348
O -2.52661 -8.8956 -4.2982
C -5.70158 -7.83924 -6.33794
C -3.76246 -11.62623 -3.53989
C -4.51067 -12.65403 -2.69455
C -5.92236 -12.11013 -2.77856
C -5.71726 -10.97059 -3.78684
O -4.65959 -11.41616 -4.60058
H -3.63174 -10.48307 -1.69981
H -5.69416 -9.41079 -2.21886
H -2.75626 -12.00969 -3.81704
H -4.46515 -13.61797 -3.25079
H -4.12437 -12.81008 -1.66427
H -6.57879 -12.90593 -3.19513
H -6.34211 -11.72741 -1.82303
H -6.67651 -10.75274 -4.30602
O -2.16824 -5.62416 -0.04451
C -1.63117 -2.85096 1.67642
C -2.67767 -6.27287 4.02123
C -3.24473 -7.53364 4.67103
C -2.63494 -8.60178 3.78915
C -1.76944 -7.73885 2.86478
O -1.3714 -6.66439 3.67964
H -4.45305 -6.24883 2.75703
H -3.34886 -7.7546 1.30559
H -1.75351 -2.25119 2.60344
H -2.76296 -5.41079 4.71911
H -2.79508 -7.61429 5.68667
H -4.35239 -7.56137 4.75597
H -1.99092 -9.25257 4.42182
H -3.36078 -9.22345 3.22151
H -0.94732 -8.35585 2.44171
H -2.2385 -2.409 0.85781
H -0.56278 -2.83187 1.37933
H -6.1046 -8.31471 -7.2555
H -4.69986 -7.41557 -6.5647
H -6.39132 -7.02731 -6.02296
H -0.0306 -9.46171 -1.17465
H -1.5645 -10.19395 -0.59398
H -1.37247 -7.39039 -1.88237
H -2.7692 -8.0764 -0.95036
$end

$opt
CONSTRAINT
tors           1           2           3           4    +167.384
tors           3           4           5           6    +171.988
tors           4           5           6           7     +92.766
tors           5           6           7           8    -158.365
tors           6           7           8           9    -159.440
tors           7           8           9          10     -38.362
tors           8           9          10          11     -80.400
tors           9          10          11          12    +169.193
tors          11          12          13          14     -75.943
ENDCONSTRAINT
$end

$rem
JOBTYPE                   OPT
METHOD                    B3LYP
DFT_D                     d3_op
BASIS                     STO-3G
GEOM_OPT_MAX_CYCLES       100
GEOM_OPT_TOL_GRADIENT     300
GEOM_OPT_TOL_DISPLACEMENT 1200
GEOM_OPT_TOL_ENERGY       100
SYMMETRY                  False
THRESH                    12
SCF_CONVERGENCE           8
MAX_SUB_FILE_NUM          128
MEM_STATIC                400
MEM_TOTAL                 4000
$end
