$molecule
0  1
O -3.94934 -3.66094 2.70899
C -3.26408 -4.56952 2.26188
C -3.36658 -6.02376 2.66595
C -2.11413 -6.89535 2.47741
C -0.8465 -6.17595 2.07285
O -1.1033 -5.33598 1.02694
C 0.03714 -4.56801 0.62834
C -0.25022 -3.84133 -0.68144
O -0.25069 -2.42168 -0.46358
C 0.30739 -1.67985 -1.45221
C 1.79124 -1.47076 -1.26477
C 2.49048 -0.72842 -2.41293
C 1.57928 -0.00363 -3.38304
O 1.62937 -0.08949 -4.60151
O -3.18577 -4.43976 0.90199
O 0.71515 0.90482 -2.84734
O -0.32557 -1.4841 -2.47821
C -0.15329 1.68578 -3.58109
C 2.1514 -0.55704 -0.07592
C 3.57453 -0.8648 0.38837
C 4.37761 -0.30492 -0.77053
C 3.25539 0.33274 -1.59919
O 2.30323 0.72253 -0.63785
H 2.24549 -2.4728 -1.09411
H 3.16244 -1.38653 -3.00717
H 1.43999 -0.63829 0.77465
H 3.76266 -0.23529 1.28775
H 3.78097 -1.92762 0.63887
H 5.07025 0.47047 -0.37455
H 4.94235 -1.05587 -1.3645
H 3.65557 1.14507 -2.24565
O 0.20372 -6.19743 2.70666
C -3.50539 -3.30394 0.17307
C -3.54255 -6.17628 4.19742
C -4.21683 -7.51068 4.51252
C -3.09489 -8.4749 4.19376
C -1.96284 -7.48782 3.88783
O -2.24333 -6.376 4.69954
H -4.27883 -6.43599 2.17755
H -2.28666 -7.66685 1.69496
H -2.853 -2.45832 0.47762
H -4.12086 -5.34921 4.66425
H -4.39643 -7.52923 5.61171
H -5.17522 -7.70412 3.98446
H -2.87005 -9.06738 5.10835
H -3.28303 -9.15522 3.33496
H -0.97678 -7.97715 4.04554
H -4.57045 -3.03039 0.33097
H -3.36762 -3.50436 -0.90789
H -0.73582 2.32878 -2.89003
H -0.8577 1.04222 -4.15028
H 0.41389 2.33471 -4.28196
H 0.5346 -4.12408 -1.42334
H -1.20267 -4.18081 -1.13278
H 0.87463 -5.27389 0.4157
H 0.37571 -3.8702 1.42736
$end

$opt
CONSTRAINT
tors           1           2           3           4    -155.139
tors           3           4           5           6     -48.361
tors           4           5           6           7    +177.101
tors           5           6           7           8    +170.219
tors           6           7           8           9    +114.810
tors           7           8           9          10    +141.320
tors           8           9          10          11     -89.162
tors           9          10          11          12    +175.524
tors          11          12          13          14    -130.592
ENDCONSTRAINT
$end

$rem
JOBTYPE                   OPT
METHOD                    B3LYP
DFT_D                     d3_op
BASIS                     STO-3G
GEOM_OPT_MAX_CYCLES       100
GEOM_OPT_TOL_GRADIENT     300
GEOM_OPT_TOL_DISPLACEMENT 1200
GEOM_OPT_TOL_ENERGY       100
SYMMETRY                  False
THRESH                    12
SCF_CONVERGENCE           8
MAX_SUB_FILE_NUM          128
MEM_STATIC                400
MEM_TOTAL                 4000
$end
