$molecule
0  1
O -3.94934 -3.66094 2.70899
C -3.26408 -4.56952 2.26188
C -3.36658 -6.02376 2.66595
C -2.05651 -6.75173 3.00891
C -0.80983 -5.89818 3.08186
O 0.18586 -6.58442 3.71677
C -0.25918 -7.81613 4.29477
C 0.93752 -8.65185 4.73707
O 1.16898 -8.46959 6.1428
C 2.06354 -9.3219 6.70179
C 1.6188 -9.84192 8.04806
C 1.76589 -11.35883 8.23685
C 2.6444 -12.06838 7.22618
O 2.2635 -12.54467 6.16664
O -2.52494 -4.31773 1.14606
O 3.95255 -12.26058 7.55841
O 3.15889 -9.54318 6.2027
C 4.87849 -12.90184 6.7621
C 2.47642 -9.31346 9.21568
C 1.65859 -9.35283 10.50521
C 1.56477 -10.84816 10.73013
C 2.48477 -11.34921 9.60834
O 3.42798 -10.31811 9.44879
H 0.57085 -9.50075 8.21741
H 0.80304 -11.91174 8.29833
H 2.8763 -8.29046 9.0416
H 2.29923 -8.91099 11.30222
H 0.68588 -8.81599 10.48258
H 1.98721 -11.0779 11.73338
H 0.54535 -11.28076 10.63402
H 2.89597 -12.34924 9.87087
O -0.67091 -4.72035 2.80288
C -2.4014 -3.07747 0.55452
C -4.37939 -6.25047 3.79701
C -5.13953 -7.53105 3.52511
C -3.99862 -8.50192 3.59828
C -2.88844 -7.57566 4.17786
O -3.57802 -6.58413 4.87655
H -3.78695 -6.47001 1.73184
H -1.83784 -7.4566 2.17273
H -1.95186 -2.35601 1.26986
H -5.0966 -5.42101 3.97829
H -5.82036 -7.6798 4.39485
H -5.7275 -7.57559 2.58301
H -4.31517 -9.33184 4.27235
H -3.66945 -8.91832 2.62155
H -2.4705 -8.32681 4.86604
H -3.39626 -2.70942 0.22431
H -1.7397 -3.16175 -0.33174
H 5.85909 -12.91129 7.28049
H 4.98927 -12.36379 5.79639
H 4.5623 -13.95026 6.57504
H 0.65323 -9.7285 4.62766
H 1.83861 -8.48305 4.10636
H -0.64931 -8.52534 3.52491
H -0.73383 -7.56631 5.26647
$end

$opt
CONSTRAINT
tors           1           2           3           4    -131.785
tors           3           4           5           6    +164.514
tors           4           5           6           7      -8.177
tors           5           6           7           8    +168.780
tors           6           7           8           9     +97.714
tors           7           8           9          10    +169.639
tors           8           9          10          11    -137.580
tors           9          10          11          12    +133.079
tors          11          12          13          14     -89.660
ENDCONSTRAINT
$end

$rem
JOBTYPE                   OPT
METHOD                    B3LYP
DFT_D                     d3_op
BASIS                     STO-3G
GEOM_OPT_MAX_CYCLES       100
GEOM_OPT_TOL_GRADIENT     300
GEOM_OPT_TOL_DISPLACEMENT 1200
GEOM_OPT_TOL_ENERGY       100
SYMMETRY                  False
THRESH                    12
SCF_CONVERGENCE           8
MAX_SUB_FILE_NUM          128
MEM_STATIC                400
MEM_TOTAL                 4000
$end
