$molecule
0  1
O -3.94934 -3.66094 2.70899
C -3.26408 -4.56952 2.26188
C -3.36658 -6.02376 2.66595
C -2.12547 -6.66327 3.30978
C -0.98101 -5.73098 3.64016
O -0.11377 -6.34645 4.4972
C 1.04093 -5.55444 4.79494
C 1.80917 -6.16363 5.96319
O 1.02823 -7.20301 6.57368
C 1.67394 -8.37958 6.76836
C 1.19603 -9.47315 5.84296
C -0.11744 -10.14874 6.26327
C -0.93021 -9.41761 7.31282
O -1.66441 -9.94555 8.13549
O -2.42031 -4.30011 1.22906
O -1.07336 -8.07711 7.22413
O 2.7389 -8.44535 7.36663
C -1.82536 -7.29156 8.07791
C 0.90594 -9.13866 4.37512
C 1.04088 -10.39613 3.51454
C -0.18583 -11.175 3.95351
C -0.83134 -10.1636 4.90836
O -0.47925 -8.92649 4.351
H 2.01397 -10.23025 5.85833
H 0.01727 -11.18773 6.63907
H 1.54947 -8.32792 3.97362
H 0.90216 -10.0856 2.45404
H 2.00674 -10.93674 3.613
H -0.83637 -11.33351 3.06472
H 0.02043 -12.14739 4.45076
H -1.91437 -10.37466 5.02491
O -0.85246 -4.56947 3.27589
C -2.23577 -3.04761 0.68151
C -4.43828 -6.21617 3.75356
C -4.9388 -7.65556 3.75498
C -3.73127 -8.35927 4.31577
C -2.81941 -7.15804 4.59903
O -3.70778 -6.1281 4.94169
H -3.68043 -6.56988 1.74796
H -1.71269 -7.50692 2.71581
H -1.85219 -2.34579 1.45268
H -5.30637 -5.52729 3.66017
H -5.76799 -7.72234 4.49552
H -5.29045 -8.02762 2.76858
H -4.02383 -8.85403 5.26902
H -3.26415 -9.09262 3.62486
H -2.1044 -7.41438 5.3669
H -3.19357 -2.66525 0.26838
H -1.49387 -3.11578 -0.14028
H -1.74542 -6.23188 7.75933
H -1.44337 -7.3828 9.117
H -2.89347 -7.59494 8.03834
H 2.76498 -6.57264 5.55753
H 2.0835 -5.38131 6.70412
H 0.68275 -4.57106 5.18107
H 1.68681 -5.36214 3.90919
$end

$opt
CONSTRAINT
tors           1           2           3           4    -118.300
tors           3           4           5           6    +164.514
tors           4           5           6           7    +176.479
tors           5           6           7           8    +168.232
tors           6           7           8           9     -10.424
tors           7           8           9          10    +130.372
tors           8           9          10          11    -108.811
tors           9          10          11          12     -79.619
tors          11          12          13          14    -150.003
ENDCONSTRAINT
$end

$rem
JOBTYPE                   OPT
METHOD                    B3LYP
DFT_D                     d3_op
BASIS                     STO-3G
GEOM_OPT_MAX_CYCLES       100
GEOM_OPT_TOL_GRADIENT     300
GEOM_OPT_TOL_DISPLACEMENT 1200
GEOM_OPT_TOL_ENERGY       100
SYMMETRY                  False
THRESH                    12
SCF_CONVERGENCE           8
MAX_SUB_FILE_NUM          128
MEM_STATIC                400
MEM_TOTAL                 4000
$end
