$molecule
0  1
O -3.94934 -3.66094 2.70899
C -3.26408 -4.56952 2.26188
C -3.36658 -6.02376 2.66595
C -2.21384 -6.95178 2.24904
C -1.00388 -6.28796 1.62982
O 0.13819 -6.84076 2.13532
C 1.32626 -6.36206 1.49613
C 1.83166 -7.38964 0.48876
O 2.00121 -6.77226 -0.79692
C 1.16508 -5.73794 -1.06191
C -0.18851 -5.89387 -0.41064
C -0.70383 -4.64443 0.31848
C 0.01339 -3.34874 -0.00319
O 1.18197 -3.10181 0.25762
O -2.01289 -4.08702 2.45866
O -0.64905 -2.33824 -0.64957
O 1.44333 -4.90182 -1.91158
C -0.07078 -1.16547 -1.09205
C -1.17838 -5.74529 -1.7019
C -2.48708 -6.50449 -1.52847
C -3.16037 -5.5554 -0.5821
C -2.09526 -4.43829 -0.44578
O -1.62743 -4.42875 -1.75383
H -0.12587 -6.94783 -0.93129
H -0.30635 -4.31573 1.30709
H -0.73706 -6.0585 -2.68693
H -3.05188 -6.5179 -2.48888
H -2.36113 -7.55135 -1.18143
H -4.00751 -5.09166 -1.13924
H -3.65204 -6.05844 0.24469
H -2.61087 -3.4959 -0.15265
O -1.04115 -7.09538 0.76508
C -1.59047 -2.79273 2.83932
C -3.31694 -6.15005 4.20674
C -4.00149 -7.44199 4.64306
C -2.97137 -8.4517 4.20712
C -1.87414 -7.51995 3.6711
O -1.96611 -6.3908 4.49632
H -4.37437 -6.36395 2.3355
H -2.72408 -7.82725 1.72281
H -0.84292 -2.87053 3.65292
H -3.78042 -5.28914 4.73708
H -4.05295 -7.4423 5.75548
H -5.02098 -7.5921 4.22665
H -2.60301 -8.98278 5.11384
H -3.3149 -9.19615 3.45722
H -0.92135 -8.0875 3.72962
H -2.39984 -2.11638 3.18706
H -1.12861 -2.26413 1.98539
H -0.83646 -0.55674 -1.6155
H 0.74846 -1.39388 -1.80881
H 0.33043 -0.58644 -0.23376
H 2.85245 -7.71738 0.78904
H 1.22977 -8.3231 0.43566
H 2.05113 -6.5036 2.3275
H 1.56387 -5.28374 1.43376
$end

$opt
CONSTRAINT
tors           1           2           3           4    -165.859
tors           3           4           5           6    +137.371
tors           4           5           6           7    +173.877
tors           5           6           7           8    -101.344
tors           6           7           8           9    +126.420
tors           7           8           9          10     -29.929
tors           8           9          10          11     -32.184
tors           9          10          11          12    +133.079
tors          11          12          13          14     -65.168
ENDCONSTRAINT
$end

$rem
JOBTYPE                   OPT
METHOD                    B3LYP
DFT_D                     d3_op
BASIS                     STO-3G
GEOM_OPT_MAX_CYCLES       100
GEOM_OPT_TOL_GRADIENT     300
GEOM_OPT_TOL_DISPLACEMENT 1200
GEOM_OPT_TOL_ENERGY       100
SYMMETRY                  False
THRESH                    12
SCF_CONVERGENCE           8
MAX_SUB_FILE_NUM          128
MEM_STATIC                400
MEM_TOTAL                 4000
$end
