$molecule
0  1
O -3.94934 -3.66094 2.70899
C -3.26408 -4.56952 2.26188
C -3.36658 -6.02376 2.66595
C -2.07847 -6.86126 2.60914
C -0.79702 -6.1092 2.32565
O 0.27854 -6.89025 2.63958
C 0.47206 -7.97553 1.72635
C 0.34577 -7.48176 0.28886
O 1.27139 -6.40828 0.05702
C 0.74049 -5.28991 -0.49663
C 1.78047 -4.39558 -1.12852
C 1.27821 -3.55356 -2.31047
C -0.22674 -3.45371 -2.45836
O -0.85403 -3.67086 -3.48496
O -2.35242 -4.148 1.35204
O -0.88 -2.67738 -1.55527
O -0.40735 -4.94424 -0.27731
C -2.14252 -2.14887 -1.77762
C 2.28639 -3.27362 -0.19367
C 3.683 -2.83816 -0.63645
C 3.35924 -2.14059 -1.9446
C 1.82587 -2.17361 -1.89811
O 1.52453 -2.13969 -0.52374
H 2.65889 -5.03028 -1.3897
H 1.68251 -3.91937 -3.28009
H 2.29175 -3.56431 0.87971
H 4.02433 -2.07456 0.09928
H 4.44847 -3.64076 -0.70496
H 3.74592 -1.09891 -1.89132
H 3.73943 -2.64585 -2.85891
H 1.39221 -1.35438 -2.51335
O -0.65134 -4.97983 2.76092
C -1.91512 -2.82734 1.36724
C -3.72857 -6.15531 4.16193
C -4.36446 -7.51802 4.42927
C -3.15569 -8.41515 4.30883
C -2.05961 -7.37024 4.0765
O -2.49021 -6.25516 4.81207
H -4.2017 -6.45228 2.06862
H -2.17208 -7.7117 1.90274
H -1.56196 -2.5549 2.38604
H -4.40646 -5.35451 4.53001
H -4.70635 -7.52543 5.48923
H -5.21777 -7.77583 3.76571
H -2.99879 -8.92356 5.2865
H -3.19857 -9.16886 3.4931
H -1.08471 -7.80129 4.38935
H -2.74014 -2.13747 1.09617
H -1.03476 -2.69867 0.72728
H -2.41083 -1.44973 -0.96582
H -2.8962 -2.96264 -1.84252
H -2.14767 -1.55441 -2.71697
H 0.62256 -8.32872 -0.37415
H -0.71028 -7.24285 0.0301
H -0.24123 -8.8054 1.91675
H 1.49227 -8.38101 1.89384
$end

$opt
CONSTRAINT
tors           1           2           3           4    -149.243
tors           3           4           5           6    +164.514
tors           4           5           6           7     +71.352
tors           5           6           7           8     +45.720
tors           6           7           8           9     +55.966
tors           7           8           9          10    -129.304
tors           8           9          10          11    -161.050
tors           9          10          11          12    +150.964
tors          11          12          13          14    -129.252
ENDCONSTRAINT
$end

$rem
JOBTYPE                   OPT
METHOD                    B3LYP
DFT_D                     d3_op
BASIS                     STO-3G
GEOM_OPT_MAX_CYCLES       100
GEOM_OPT_TOL_GRADIENT     300
GEOM_OPT_TOL_DISPLACEMENT 1200
GEOM_OPT_TOL_ENERGY       100
SYMMETRY                  False
THRESH                    12
SCF_CONVERGENCE           8
MAX_SUB_FILE_NUM          128
MEM_STATIC                400
MEM_TOTAL                 4000
$end
