$molecule
0  1
O -3.94934 -3.66094 2.70899
C -3.26408 -4.56952 2.26188
C -3.36658 -6.02376 2.66595
C -2.36904 -7.00291 2.02562
C -1.26679 -6.39189 1.18909
O -0.38479 -7.36112 0.80426
C 0.60703 -6.88786 -0.11311
C 1.47773 -5.8285 0.55455
O 1.25317 -4.55082 -0.06189
C 0.7198 -3.59995 0.74466
C 0.36215 -2.33331 0.00414
C -0.5278 -1.35587 0.78573
C -0.63148 -1.60463 2.27706
O -1.54185 -2.2003 2.83469
O -3.32845 -4.49242 0.89655
O 0.41408 -1.18782 3.04527
O 0.60315 -3.77203 1.95165
C 0.49238 -1.34956 4.41282
C 1.55452 -1.43843 -0.36493
C 1.1827 -0.56807 -1.56438
C 0.18506 0.38155 -0.92796
C 0.27774 -0.06111 0.53775
O 1.61255 -0.49359 0.67442
H -0.17116 -2.66096 -0.91776
H -1.56011 -1.28604 0.38427
H 2.48705 -2.0092 -0.56634
H 2.0942 0.00795 -1.84312
H 0.81094 -1.1177 -2.45582
H 0.56487 1.4203 -1.04925
H -0.8552 0.30741 -1.31248
H -0.04024 0.76273 1.2144
O -1.19669 -5.26345 0.77724
C -3.54897 -3.3749 0.1052
C -3.04187 -6.20466 4.15754
C -3.65164 -7.508 4.67129
C -2.73564 -8.52112 4.02022
C -1.74639 -7.58915 3.31386
O -1.66377 -6.47662 4.17046
H -4.41725 -6.33138 2.46076
H -2.86067 -7.79027 1.41167
H -3.6501 -2.44076 0.69659
H -3.37835 -5.35102 4.78626
H -3.49359 -7.54472 5.77293
H -4.73338 -7.63171 4.44864
H -2.21207 -9.08647 4.82341
H -3.22795 -9.22901 3.31888
H -0.79167 -8.12957 3.13331
H -4.47546 -3.52556 -0.48569
H -2.6992 -3.25616 -0.59726
H 1.44644 -0.91584 4.77608
H 0.46741 -2.42934 4.673
H -0.35151 -0.82371 4.90853
H 1.44291 -5.8956 1.66544
H 2.53516 -6.06584 0.30785
H 0.18794 -6.56103 -1.09141
H 1.24927 -7.77085 -0.32059
$end

$opt
CONSTRAINT
tors           1           2           3           4    -177.476
tors           3           4           5           6    +173.711
tors           4           5           6           7    +173.520
tors           5           6           7           8     +63.644
tors           6           7           8           9    -112.896
tors           7           8           9          10    +116.318
tors           8           9          10          11    -173.454
tors           9          10          11          12    +166.671
tors          11          12          13          14     -97.900
ENDCONSTRAINT
$end

$rem
JOBTYPE                   OPT
METHOD                    B3LYP
DFT_D                     d3_op
BASIS                     STO-3G
GEOM_OPT_MAX_CYCLES       100
GEOM_OPT_TOL_GRADIENT     300
GEOM_OPT_TOL_DISPLACEMENT 1200
GEOM_OPT_TOL_ENERGY       100
SYMMETRY                  False
THRESH                    12
SCF_CONVERGENCE           8
MAX_SUB_FILE_NUM          128
MEM_STATIC                400
MEM_TOTAL                 4000
$end
