$molecule
0  1
O -3.94934 -3.66094 2.70899
C -3.26408 -4.56952 2.26188
C -3.36658 -6.02376 2.66595
C -2.15091 -6.92016 2.37879
C -0.90259 -6.22493 1.88234
O 0.17121 -7.06103 1.99773
C 1.35484 -6.54622 1.37866
C 2.59189 -7.01941 2.13492
O 2.20428 -7.8802 3.21737
C 2.45374 -9.20009 3.0308
C 1.78094 -10.07721 4.05971
C 0.96932 -11.24617 3.48259
C 1.23271 -11.57884 2.02771
O 2.00157 -10.97803 1.2912
O -2.94519 -4.41303 0.94385
O 0.54974 -12.64294 1.52879
O 3.48516 -9.55691 2.46877
C 0.66312 -13.10099 0.23295
C 2.76434 -10.84566 4.9674
C 2.07178 -11.21337 6.27883
C 1.09801 -12.27081 5.79751
C 1.53281 -12.39824 4.33225
O 2.90905 -12.10344 4.35392
H 1.14752 -9.42659 4.7068
H -0.12679 -11.08897 3.58941
H 3.70387 -10.28642 5.17008
H 2.84004 -11.70313 6.91956
H 1.61564 -10.36932 6.83954
H 1.29635 -13.21089 6.35846
H 0.02318 -11.99742 5.87481
H 1.25645 -13.39831 3.93149
O -0.7622 -5.03212 1.65861
C -2.99973 -3.22191 0.24615
C -3.47366 -6.17311 4.19729
C -4.12291 -7.51085 4.54762
C -3.00119 -8.46433 4.20306
C -1.90565 -7.47019 3.80577
O -2.14726 -6.35251 4.62203
H -4.29785 -6.41282 2.19605
H -2.37726 -7.73556 1.65671
H -2.32166 -2.47589 0.7137
H -4.03355 -5.34571 4.68563
H -4.27503 -7.52815 5.65073
H -5.09099 -7.71061 4.03984
H -2.70784 -9.00942 5.12813
H -3.2227 -9.18946 3.39028
H -0.91455 -7.95503 3.93631
H -4.03903 -2.82913 0.23134
H -2.67147 -3.39783 -0.79859
H -0.0031 -13.97748 0.09736
H 1.70978 -13.41187 0.02738
H 0.35956 -12.30643 -0.48184
H 3.36047 -7.42101 1.43563
H 3.06109 -6.13359 2.61314
H 1.41539 -5.46211 1.13419
H 1.39941 -7.0633 0.39525
$end

$opt
CONSTRAINT
tors           1           2           3           4    -159.671
tors           3           4           5           6    +164.514
tors           4           5           6           7    +171.832
tors           5           6           7           8    +148.254
tors           6           7           8           9      +2.003
tors           7           8           9          10    +106.173
tors           8           9          10          11    -168.315
tors           9          10          11          12    +129.490
tors          11          12          13          14      -1.824
ENDCONSTRAINT
$end

$rem
JOBTYPE                   OPT
METHOD                    B3LYP
DFT_D                     d3_op
BASIS                     STO-3G
GEOM_OPT_MAX_CYCLES       100
GEOM_OPT_TOL_GRADIENT     300
GEOM_OPT_TOL_DISPLACEMENT 1200
GEOM_OPT_TOL_ENERGY       100
SYMMETRY                  False
THRESH                    12
SCF_CONVERGENCE           8
MAX_SUB_FILE_NUM          128
MEM_STATIC                400
MEM_TOTAL                 4000
$end
