$molecule
0  1
O -3.94934 -3.66094 2.70899
C -3.26408 -4.56952 2.26188
C -3.36658 -6.02376 2.66595
C -2.30593 -6.98524 2.10523
C -1.15835 -6.35562 1.34711
O -0.14178 -7.25756 1.21103
C -0.42987 -8.2922 0.26458
C -1.33265 -7.75614 -0.84165
O -2.09873 -6.64413 -0.35235
C -1.67581 -5.42113 -0.75802
C -2.23589 -4.2969 0.08047
C -1.20576 -3.2519 0.53332
C 0.12434 -3.27748 -0.19256
O 1.13999 -3.82751 0.20806
O -2.07418 -4.23821 2.84763
O 0.23098 -2.66646 -1.41089
O -1.05502 -5.22765 -1.79772
C 1.37409 -2.63177 -2.18323
C -3.06646 -3.32284 -0.87175
C -4.10181 -2.51013 -0.08151
C -3.18066 -1.57158 0.67478
C -1.8572 -1.93614 0.00933
O -2.22008 -2.30027 -1.28557
H -3.24076 -4.76575 0.14522
H -0.91708 -3.01049 1.54592
H -3.568 -3.83744 -1.73018
H -4.66268 -1.91249 -0.83717
H -4.85161 -3.06752 0.51378
H -3.48165 -0.52726 0.43626
H -3.09601 -1.67987 1.77109
H -1.15798 -1.06992 0.07107
O -0.56029 -5.40504 1.78321
C -1.75475 -3.39961 3.93745
C -3.24119 -6.28028 4.18481
C -3.87989 -7.6185 4.55387
C -2.8406 -8.57683 4.01707
C -1.81237 -7.59135 3.45298
O -1.86913 -6.52165 4.36105
H -4.38376 -6.32504 2.33011
H -2.77017 -7.81433 1.52736
H -1.24569 -3.99964 4.71756
H -3.68177 -5.46298 4.79638
H -3.90171 -7.70556 5.66367
H -4.90608 -7.75096 4.14883
H -2.38471 -9.11496 4.87863
H -3.20837 -9.3146 3.27198
H -0.82946 -8.10374 3.3785
H -2.63565 -2.92038 4.41356
H -1.05664 -2.59504 3.63366
H 1.16624 -2.06653 -3.11466
H 1.68444 -3.66393 -2.45259
H 2.19348 -2.12368 -1.63134
H -0.62977 -7.45644 -1.64937
H -1.97416 -8.54396 -1.28951
H -1.00754 -9.066 0.81465
H 0.48228 -8.80245 -0.11088
$end

$opt
CONSTRAINT
tors           1           2           3           4    -173.155
tors           3           4           5           6    +164.514
tors           4           5           6           7     +72.793
tors           5           6           7           8     +31.487
tors           6           7           8           9     -25.750
tors           7           8           9          10    +103.825
tors           8           9          10          11    -163.153
tors           9          10          11          12    +133.079
tors          11          12          13          14     -97.442
ENDCONSTRAINT
$end

$rem
JOBTYPE                   OPT
METHOD                    B3LYP
DFT_D                     d3_op
BASIS                     STO-3G
GEOM_OPT_MAX_CYCLES       100
GEOM_OPT_TOL_GRADIENT     300
GEOM_OPT_TOL_DISPLACEMENT 1200
GEOM_OPT_TOL_ENERGY       100
SYMMETRY                  False
THRESH                    12
SCF_CONVERGENCE           8
MAX_SUB_FILE_NUM          128
MEM_STATIC                400
MEM_TOTAL                 4000
$end
