$molecule
0  1
O -3.94934 -3.66094 2.70899
C -3.26408 -4.56952 2.26188
C -3.36658 -6.02376 2.66595
C -3.25878 -6.34562 4.1655
C -3.23878 -5.16366 5.10923
O -3.4859 -5.58425 6.38495
C -3.34624 -4.5436 7.35799
C -4.16095 -4.87601 8.60373
O -5.25049 -5.74575 8.25828
C -5.17379 -7.0037 8.75909
C -6.05775 -7.98399 8.0254
C -5.4501 -9.38021 7.82637
C -4.23701 -9.70021 8.6765
O -3.10138 -9.86839 8.25624
O -2.3084 -4.27322 1.3421
O -4.43424 -9.81101 10.02015
O -4.68647 -7.23627 9.85748
C -3.44459 -10.10437 10.93527
C -7.34755 -8.37005 8.7873
C -8.40962 -8.82724 7.78671
C -7.81549 -10.14594 7.32582
C -6.62399 -10.25859 8.28621
O -7.05028 -9.57894 9.44312
H -6.38157 -7.51057 7.07178
H -5.14769 -9.52843 6.76604
H -7.74338 -7.55047 9.42594
H -9.32927 -9.03902 8.3786
H -8.66129 -8.11238 6.97399
H -8.56353 -10.94941 7.50521
H -7.4732 -10.16759 6.26815
H -6.31999 -11.31959 8.42501
O -2.58643 -4.151 4.87944
C -2.05783 -3.00451 0.86284
C -4.7665 -6.57877 2.34649
C -4.70912 -8.09951 2.21464
C -4.51118 -8.49669 3.6603
C -4.58527 -7.12379 4.33628
O -5.48687 -6.39944 3.53834
H -2.61031 -6.58737 2.07303
H -2.37735 -6.97854 4.41179
H -1.75874 -2.33298 1.69594
H -5.21501 -6.13227 1.43145
H -5.71685 -8.44264 1.88753
H -3.94255 -8.48193 1.50683
H -5.37494 -9.12573 3.97247
H -3.55807 -9.02202 3.886
H -4.87945 -7.25976 5.39362
H -2.96209 -2.59986 0.35989
H -1.2297 -3.05077 0.12626
H -3.88655 -10.13081 11.95228
H -2.65507 -9.32318 10.90844
H -2.99942 -11.09744 10.71212
H -3.43239 -5.37863 9.27933
H -4.50334 -3.96585 9.14149
H -3.87584 -3.645 6.95948
H -2.29315 -4.25064 7.56451
$end

$opt
CONSTRAINT
tors           1           2           3           4     -54.013
tors           3           4           5           6    +164.514
tors           4           5           6           7    +173.877
tors           5           6           7           8    +156.441
tors           6           7           8           9     -25.718
tors           7           8           9          10    +112.665
tors           8           9          10          11    -161.050
tors           9          10          11          12    +141.505
tors          11          12          13          14    -112.822
ENDCONSTRAINT
$end

$rem
JOBTYPE                   OPT
METHOD                    B3LYP
DFT_D                     d3_op
BASIS                     STO-3G
GEOM_OPT_MAX_CYCLES       100
GEOM_OPT_TOL_GRADIENT     300
GEOM_OPT_TOL_DISPLACEMENT 1200
GEOM_OPT_TOL_ENERGY       100
SYMMETRY                  False
THRESH                    12
SCF_CONVERGENCE           8
MAX_SUB_FILE_NUM          128
MEM_STATIC                400
MEM_TOTAL                 4000
$end
