$molecule
0  1
O -3.94934 -3.66094 2.70899
C -3.26408 -4.56952 2.26188
C -3.36658 -6.02376 2.66595
C -2.1211 -6.90061 2.45672
C -0.85687 -6.1863 2.03298
O 0.17348 -7.07867 1.94637
C 1.37278 -6.50436 1.41619
C 2.39808 -6.30869 2.52822
O 3.49842 -7.21324 2.34409
C 4.65394 -6.64647 1.91665
C 4.61214 -6.25246 0.45937
C 5.48835 -5.04678 0.0894
C 6.52746 -4.64505 1.11681
O 6.40124 -3.75014 1.94008
O -2.81615 -4.38637 0.987
O 7.65122 -5.41224 1.18959
O 5.70297 -6.94116 2.46788
C 8.67671 -5.21599 2.09092
C 5.17873 -7.31772 -0.50414
C 4.5657 -7.12898 -1.89169
C 5.22206 -5.82807 -2.31545
C 6.2004 -5.62309 -1.15102
O 6.51107 -6.93122 -0.73208
H 3.57208 -6.04712 0.15276
H 4.87915 -4.14064 -0.12492
H 5.02315 -8.3596 -0.1485
H 4.96222 -7.95229 -2.52862
H 3.45543 -7.13668 -1.93995
H 5.76167 -6.00373 -3.27226
H 4.53482 -4.96004 -2.41545
H 7.06161 -4.99281 -1.46508
O -0.67642 -4.97486 2.05489
C -2.82614 -3.18354 0.30969
C -3.547 -6.17855 4.1916
C -4.19041 -7.52814 4.50784
C -3.03734 -8.46468 4.21869
C -1.93688 -7.4537 3.88261
O -2.24043 -6.34035 4.68564
H -4.26537 -6.43063 2.15029
H -2.30975 -7.69338 1.69872
H -2.21402 -2.43404 0.85526
H -4.14435 -5.36187 4.65265
H -4.39518 -7.54865 5.60237
H -5.12988 -7.74385 3.95489
H -2.78586 -9.01146 5.15477
H -3.20615 -9.1867 3.39058
H -0.9374 -7.91242 4.04683
H -3.86734 -2.81207 0.20001
H -2.39316 -3.33225 -0.70064
H 9.45979 -5.98342 1.92302
H 8.29678 -5.31427 3.13029
H 9.12456 -4.20952 1.94735
H 2.74132 -5.24659 2.48862
H 1.95308 -6.44072 3.53766
H 1.22282 -5.53776 0.87995
H 1.75062 -7.18852 0.62745
$end

$opt
CONSTRAINT
tors           1           2           3           4    -156.080
tors           3           4           5           6    +177.238
tors           4           5           6           7    +173.877
tors           5           6           7           8    +106.250
tors           6           7           8           9    +111.204
tors           7           8           9          10    +107.136
tors           8           9          10          11     -73.990
tors           9          10          11          12    +150.374
tors          11          12          13          14     -97.900
ENDCONSTRAINT
$end

$rem
JOBTYPE                   OPT
METHOD                    B3LYP
DFT_D                     d3_op
BASIS                     STO-3G
GEOM_OPT_MAX_CYCLES       100
GEOM_OPT_TOL_GRADIENT     300
GEOM_OPT_TOL_DISPLACEMENT 1200
GEOM_OPT_TOL_ENERGY       100
SYMMETRY                  False
THRESH                    12
SCF_CONVERGENCE           8
MAX_SUB_FILE_NUM          128
MEM_STATIC                400
MEM_TOTAL                 4000
$end
