$molecule
0  1
O -3.94934 -3.66094 2.70899
C -3.26408 -4.56952 2.26188
C -3.36658 -6.02376 2.66595
C -2.06531 -6.84251 2.67996
C -0.78177 -6.07272 2.46079
O 0.28705 -6.83692 2.8337
C 1.36228 -6.80034 1.88935
C 2.51075 -5.9567 2.43288
O 2.00874 -4.99491 3.37406
C 2.82888 -4.71752 4.41789
C 3.08505 -5.9165 5.29964
C 4.04405 -5.66455 6.47229
C 4.31703 -4.21077 6.80203
O 4.5856 -3.33796 5.98925
O -2.74944 -4.37268 1.01554
O 4.14483 -3.82362 8.09649
O 2.52306 -3.65366 4.9303
C 4.30529 -2.53332 8.5573
C 1.83163 -6.39871 6.07403
C 1.9687 -7.8855 6.39162
C 3.10061 -7.84922 7.4008
C 3.23711 -6.33225 7.60693
O 1.9474 -5.8309 7.357
H 3.48218 -6.78674 4.75571
H 5.03879 -6.12268 6.27698
H 0.87462 -6.20512 5.54236
H 1.03002 -8.18054 6.91421
H 2.12788 -8.56377 5.5258
H 2.76026 -8.36692 8.32465
H 4.06291 -8.2809 7.04931
H 3.65709 -6.12841 8.61551
O -0.64018 -4.90279 2.14145
C -2.72133 -3.15948 0.35777
C -3.82703 -6.17961 4.12863
C -4.44024 -7.56273 4.34063
C -3.19992 -8.42563 4.30543
C -2.11932 -7.35258 4.14352
O -2.62784 -6.2522 4.85458
H -4.12503 -6.47464 1.9873
H -2.06801 -7.69004 1.95928
H -2.1345 -2.42117 0.9452
H -4.54852 -5.39897 4.45428
H -4.86199 -7.5919 5.37091
H -5.23173 -7.83566 3.60985
H -3.09189 -8.92306 5.29538
H -3.16906 -9.18588 3.49527
H -1.15332 -7.75731 4.51492
H -3.7544 -2.78143 0.20246
H -2.2384 -3.29389 -0.63172
H 4.10388 -2.50912 9.64785
H 3.59106 -1.8528 8.04635
H 5.34652 -2.18991 8.37777
H 3.29008 -6.63614 2.80115
H 3.01509 -5.44058 1.58716
H 1.03909 -6.30796 0.93911
H 1.6889 -7.81807 1.58749
$end

$opt
CONSTRAINT
tors           1           2           3           4    -146.124
tors           3           4           5           6    +164.514
tors           4           5           6           7    +135.081
tors           5           6           7           8    +106.250
tors           6           7           8           9     -25.718
tors           7           8           9          10    +145.120
tors           8           9          10          11     -63.127
tors           9          10          11          12    +178.178
tors          11          12          13          14     -46.347
ENDCONSTRAINT
$end

$rem
JOBTYPE                   OPT
METHOD                    B3LYP
DFT_D                     d3_op
BASIS                     STO-3G
GEOM_OPT_MAX_CYCLES       100
GEOM_OPT_TOL_GRADIENT     300
GEOM_OPT_TOL_DISPLACEMENT 1200
GEOM_OPT_TOL_ENERGY       100
SYMMETRY                  False
THRESH                    12
SCF_CONVERGENCE           8
MAX_SUB_FILE_NUM          128
MEM_STATIC                400
MEM_TOTAL                 4000
$end
