$molecule
0  1
O -3.94934 -3.66094 2.70899
C -3.26408 -4.56952 2.26188
C -3.36658 -6.02376 2.66595
C -2.10989 -6.89199 2.49058
C -0.84027 -6.16934 2.09821
O 0.22934 -7.00942 2.2232
C 1.45069 -6.44213 1.73767
C 2.1542 -5.6758 2.853
O 1.19301 -5.23195 3.82356
C 1.11823 -5.97801 4.95358
C -0.28804 -6.09018 5.49256
C -0.55842 -7.34173 6.34038
C 0.66752 -8.09404 6.81767
O 1.33497 -8.86327 6.14139
O -2.80619 -4.37369 0.99103
O 1.06071 -7.94054 8.11653
O 2.11888 -6.18897 5.62678
C 2.15269 -8.55946 8.68936
C -0.55696 -4.96982 6.53095
C -2.06222 -4.71232 6.64611
C -2.49021 -5.94645 7.41297
C -1.13798 -6.62914 7.60606
O -0.25717 -5.54724 7.77012
H -0.93247 -5.82257 4.65762
H -1.26675 -8.107 5.99815
H -0.02644 -4.02099 6.29377
H -2.21469 -3.82085 7.2957
H -2.57383 -4.53883 5.67642
H -2.85914 -5.61299 8.40933
H -3.26859 -6.59314 6.96565
H -1.22039 -7.3133 8.4807
O -0.69684 -4.96048 1.97446
C -2.81071 -3.16442 0.3248
C -3.9368 -6.5163 3.99112
C -4.65441 -7.85491 3.78879
C -3.47148 -8.77508 3.50437
C -2.29377 -7.80269 3.70034
O -2.80844 -6.93833 4.68542
H -4.10798 -6.35144 1.8993
H -2.23141 -7.54528 1.59625
H -2.20213 -2.4205 0.88197
H -4.58765 -5.77171 4.49696
H -5.09969 -8.14145 4.76856
H -5.45224 -7.85675 3.01522
H -3.44902 -9.56328 4.28948
H -3.47124 -9.25144 2.50039
H -1.35991 -8.367 3.89609
H -3.85081 -2.79116 0.21102
H -2.37017 -3.30379 -0.68359
H 2.23011 -8.24966 9.75162
H 3.08253 -8.2596 8.16042
H 2.0337 -9.66313 8.64605
H 2.84625 -6.419 3.31455
H 2.80075 -4.85361 2.48068
H 1.2535 -5.74324 0.89068
H 2.11446 -7.21811 1.30003
$end

$opt
CONSTRAINT
tors           1           2           3           4    -154.543
tors           3           4           5           6    +168.699
tors           4           5           6           7    +173.877
tors           5           6           7           8     +88.907
tors           6           7           8           9     -25.718
tors           7           8           9          10    +100.932
tors           8           9          10          11    -144.138
tors           9          10          11          12    +154.509
tors          11          12          13          14     -78.871
ENDCONSTRAINT
$end

$rem
JOBTYPE                   OPT
METHOD                    B3LYP
DFT_D                     d3_op
BASIS                     STO-3G
GEOM_OPT_MAX_CYCLES       100
GEOM_OPT_TOL_GRADIENT     300
GEOM_OPT_TOL_DISPLACEMENT 1200
GEOM_OPT_TOL_ENERGY       100
SYMMETRY                  False
THRESH                    12
SCF_CONVERGENCE           8
MAX_SUB_FILE_NUM          128
MEM_STATIC                400
MEM_TOTAL                 4000
$end
