$molecule
0  1
O -3.94934 -3.66094 2.70899
C -3.26408 -4.56952 2.26188
C -3.36658 -6.02376 2.66595
C -2.05804 -6.82812 2.73359
C -0.77531 -6.04484 2.56278
O 0.28624 -6.79629 2.97973
C 1.55073 -6.17731 2.72051
C 2.56135 -6.57832 3.79008
O 1.88436 -6.84032 5.0294
C 1.70971 -8.1505 5.33279
C 0.33144 -8.65737 4.98048
C 0.30127 -10.04007 4.31302
C 1.57612 -10.85268 4.4185
O 2.65083 -10.55342 3.91852
O -2.70795 -4.3622 1.03462
O 1.60665 -12.03998 5.10704
O 2.51792 -8.75332 6.02592
C 2.71519 -12.84741 5.26778
C -0.2854 -9.09417 6.38732
C -1.80229 -9.22857 6.44549
C -2.01996 -10.43775 5.5533
C -0.58512 -10.83668 5.35173
O 0.03888 -10.44547 6.54736
H -0.26527 -7.77645 4.81934
H -0.05067 -10.01214 3.26053
H 0.03519 -8.44014 7.23097
H -2.00914 -9.55248 7.49378
H -2.46168 -8.36521 6.32987
H -2.59971 -11.19114 6.13313
H -2.42826 -10.39595 4.53618
H -0.63158 -11.93258 5.15183
O -0.68036 -4.84866 2.32813
C -2.671 -3.14595 0.38345
C -3.96749 -6.20026 4.06915
C -4.91377 -7.37251 4.00947
C -3.92368 -8.44855 3.64686
C -2.5676 -7.68244 3.88328
O -2.89998 -6.70518 4.82501
H -4.04532 -6.45106 1.88738
H -2.01391 -7.50853 1.85325
H -2.11359 -2.40349 0.99361
H -4.47092 -5.3091 4.5024
H -5.28354 -7.52013 5.05099
H -5.77992 -7.28852 3.31795
H -4.16719 -9.28247 4.33164
H -3.97319 -8.80371 2.5942
H -1.87491 -8.45872 4.03342
H -3.70265 -2.7796 0.19454
H -2.15322 -3.2704 -0.58959
H 2.43356 -13.73529 5.87004
H 3.51704 -12.29332 5.80084
H 3.08642 -13.18936 4.27821
H 3.01965 -7.52395 3.41297
H 3.39884 -5.8572 3.90588
H 1.4908 -5.08023 2.90066
H 1.91269 -6.33279 1.68119
$end

$opt
CONSTRAINT
tors           1           2           3           4    -143.778
tors           3           4           5           6    +164.514
tors           4           5           6           7    +173.877
tors           5           6           7           8    +148.796
tors           6           7           8           9     -29.398
tors           7           8           9          10    +102.178
tors           8           9          10          11     -98.478
tors           9          10          11          12    +137.014
tors          11          12          13          14     -64.756
ENDCONSTRAINT
$end

$rem
JOBTYPE                   OPT
METHOD                    B3LYP
DFT_D                     d3_op
BASIS                     STO-3G
GEOM_OPT_MAX_CYCLES       100
GEOM_OPT_TOL_GRADIENT     300
GEOM_OPT_TOL_DISPLACEMENT 1200
GEOM_OPT_TOL_ENERGY       100
SYMMETRY                  False
THRESH                    12
SCF_CONVERGENCE           8
MAX_SUB_FILE_NUM          128
MEM_STATIC                400
MEM_TOTAL                 4000
$end
