$molecule
0  1
O -3.94934 -3.66094 2.70899
C -3.26408 -4.56952 2.26188
C -3.36658 -6.02376 2.66595
C -2.40543 -6.51867 3.75916
C -1.57108 -5.46393 4.4516
O -1.03713 -5.9749 5.60017
C -0.21884 -5.03664 6.3068
C -0.77793 -4.80092 7.70608
O -2.18959 -5.06535 7.72002
C -2.54368 -6.32302 8.08338
C -4.0054 -6.61572 7.84178
C -4.28207 -7.80187 6.90648
C -3.10829 -8.72365 6.64334
O -2.74205 -9.10826 5.5422
O -2.26813 -4.26765 1.3867
O -2.50496 -9.29912 7.72093
O -1.79016 -7.09885 8.6564
C -1.46742 -10.20579 7.64999
C -4.7362 -7.01815 9.13118
C -6.24181 -6.80788 8.96379
C -6.58247 -7.97299 8.06228
C -5.19436 -8.60742 7.88821
O -4.60726 -8.41284 9.15299
H -4.45928 -5.68761 7.42358
H -5.03989 -7.62258 6.13689
H -4.36242 -6.47203 10.025
H -6.74085 -6.96087 9.94701
H -6.50569 -5.80503 8.56379
H -7.21998 -8.68207 8.63718
H -7.09319 -7.71076 7.11086
H -5.31659 -9.6699 7.5761
O -1.33946 -4.34677 4.0068
C -1.99886 -2.99653 0.92422
C -4.81076 -6.17406 3.08927
C -5.27457 -7.59332 2.91501
C -4.28881 -8.24876 3.80249
C -3.61862 -6.94915 4.47219
O -4.62925 -5.98362 4.42835
H -3.22793 -6.59031 1.71466
H -1.76258 -7.3862 3.48663
H -1.73792 -2.32762 1.77206
H -5.55498 -5.50157 2.60155
H -6.29831 -7.64663 3.35267
H -5.2806 -7.97779 1.87206
H -4.87974 -8.93397 4.44827
H -3.53649 -8.84786 3.24088
H -3.09867 -6.86844 5.36807
H -2.88092 -2.59147 0.38364
H -1.13897 -3.03855 0.22477
H -1.17384 -10.50275 8.67756
H -0.59133 -9.74404 7.14637
H -1.78802 -11.11207 7.0932
H -0.2246 -5.47395 8.39722
H -0.54634 -3.7829 8.08618
H -0.16608 -4.02539 5.84994
H 0.83599 -5.38134 6.36085
$end

$opt
CONSTRAINT
tors           1           2           3           4     -95.148
tors           3           4           5           6    +164.514
tors           4           5           6           7    +179.342
tors           5           6           7           8    +120.254
tors           6           7           8           9     -25.718
tors           7           8           9          10     +93.491
tors           8           9          10          11    -169.632
tors           9          10          11          12    +121.465
tors          11          12          13          14    -131.390
ENDCONSTRAINT
$end

$rem
JOBTYPE                   OPT
METHOD                    B3LYP
DFT_D                     d3_op
BASIS                     STO-3G
GEOM_OPT_MAX_CYCLES       100
GEOM_OPT_TOL_GRADIENT     300
GEOM_OPT_TOL_DISPLACEMENT 1200
GEOM_OPT_TOL_ENERGY       100
SYMMETRY                  False
THRESH                    12
SCF_CONVERGENCE           8
MAX_SUB_FILE_NUM          128
MEM_STATIC                400
MEM_TOTAL                 4000
$end
