$molecule
0  1
O -3.94934 -3.66094 2.70899
C -3.26408 -4.56952 2.26188
C -3.36658 -6.02376 2.66595
C -2.13077 -6.6589 3.32415
C -0.99299 -5.7228 3.66656
O -0.32178 -6.18911 4.76085
C 0.85476 -5.4323 5.06454
C 0.5231 -4.31909 6.05293
O -0.86277 -3.95978 5.93839
C -1.41303 -3.39897 7.04376
C -2.81689 -3.88576 7.31374
C -3.09183 -4.29434 8.7683
C -2.07125 -3.83193 9.78873
O -1.37814 -4.56422 10.48004
O -2.41323 -4.29299 1.23844
O -1.95088 -2.48817 9.97775
O -0.85997 -2.4884 7.64284
C -1.09193 -1.89837 10.8818
C -3.90871 -2.80916 7.12737
C -5.24437 -3.48661 6.82274
C -5.55002 -4.12679 8.16468
C -4.41112 -3.5431 9.01215
O -4.14644 -2.2952 8.41554
H -3.03162 -4.70817 6.6068
H -3.17049 -5.39999 8.86515
H -3.66205 -2.06459 6.33929
H -5.97897 -2.66868 6.64349
H -5.25853 -4.17789 5.95387
H -6.54293 -3.76211 8.50891
H -5.5235 -5.23817 8.17613
H -4.68487 -3.5225 10.09013
O -0.50328 -4.96077 2.84265
C -2.21953 -3.03579 0.70501
C -4.43941 -6.28846 3.74047
C -4.91165 -7.73813 3.6597
C -3.69662 -8.45766 4.20165
C -2.81112 -7.26413 4.58023
O -3.73024 -6.26995 4.94977
H -3.66135 -6.5638 1.73784
H -1.68615 -7.45061 2.68117
H -1.83751 -2.34418 1.48617
H -5.31394 -5.60522 3.67383
H -5.74586 -7.85287 4.38878
H -5.254 -8.07104 2.6563
H -4.00216 -9.01993 5.1123
H -3.18898 -9.14128 3.48726
H -2.10346 -7.58741 5.37226
H -3.17282 -2.64464 0.28964
H -1.47257 -3.09892 -0.1126
H -1.20238 -0.7963 10.82194
H -0.04087 -2.16629 10.64136
H -1.33779 -2.22746 11.91398
H 0.64393 -4.80607 7.04951
H 1.22085 -3.45454 6.01955
H 1.31487 -4.96562 4.16623
H 1.66273 -6.08759 5.45479
$end

$opt
CONSTRAINT
tors           1           2           3           4    -117.633
tors           3           4           5           6    +149.796
tors           4           5           6           7    +173.877
tors           5           6           7           8     +91.832
tors           6           7           8           9     -25.718
tors           7           8           9          10    +155.400
tors           8           9          10          11    -139.742
tors           9          10          11          12    +133.079
tors          11          12          13          14    -117.686
ENDCONSTRAINT
$end

$rem
JOBTYPE                   OPT
METHOD                    B3LYP
DFT_D                     d3_op
BASIS                     STO-3G
GEOM_OPT_MAX_CYCLES       100
GEOM_OPT_TOL_GRADIENT     300
GEOM_OPT_TOL_DISPLACEMENT 1200
GEOM_OPT_TOL_ENERGY       100
SYMMETRY                  False
THRESH                    12
SCF_CONVERGENCE           8
MAX_SUB_FILE_NUM          128
MEM_STATIC                400
MEM_TOTAL                 4000
$end
