$molecule
0  1
O -3.94934 -3.66094 2.70899
C -3.26408 -4.56952 2.26188
C -3.36658 -6.02376 2.66595
C -2.08686 -6.8708 2.57268
C -0.80792 -6.12782 2.25586
O 0.22153 -6.64127 2.99209
C 1.5107 -6.26247 2.49832
C 2.21302 -5.35578 3.50371
O 1.24009 -4.67256 4.30963
C 0.11463 -5.37654 4.58693
C -1.0351 -4.49998 5.0233
C -2.42111 -4.97228 4.56047
C -2.49829 -6.39886 4.0549
O -2.04311 -6.80038 2.99369
O -2.58498 -4.26236 1.12949
O -3.74077 -8.35464 4.87111
O 0.2382 -6.39674 5.27399
C -4.44191 -9.50852 5.31236
C -1.15296 -4.15498 6.52074
C -1.8493 -2.80521 6.74056
C -3.26359 -3.14771 6.33937
C -3.0914 -4.65132 6.01669
O -2.11961 -5.04442 6.96428
H -0.75326 -3.53055 4.52578
H -2.67371 -4.01102 4.24448
H -0.17636 -4.17535 7.05129
H -1.84636 -2.61047 7.83884
H -1.40989 -1.92769 6.22156
H -3.92403 -3.01435 7.22776
H -3.69209 -2.56456 5.49486
H -4.08975 -5.07553 6.21958
O -0.62914 -5.53445 1.19637
C -2.32708 -2.9862 0.67457
C -4.56828 -6.54592 4.36954
C -4.6042 -7.90632 2.98792
C -2.93262 -9.00611 3.01793
C -1.74187 -8.35068 4.43449
O -2.86725 -7.09843 5.87565
H -3.92629 -6.18085 1.69528
H -2.16228 -7.43755 1.25817
H -1.82838 -2.39861 1.47621
H -5.40636 -5.85169 4.60021
H -5.47122 -8.48266 3.36735
H -5.1381 -7.80056 2.02547
H -3.13715 -10.06008 3.30349
H -2.49982 -9.27187 2.03984
H -0.69993 -8.7068 4.58906
H -3.26456 -2.48592 0.35773
H -1.63206 -3.04886 -0.18829
H -5.01285 -9.32473 6.23772
H -3.63989 -10.23398 5.61913
H -5.00876 -10.07011 4.5509
H 2.76114 -6.02426 4.20383
H 2.9632 -4.67304 3.05109
H 1.51501 -5.68224 1.5524
H 2.13053 -7.15591 2.27185
$end

$opt
CONSTRAINT
tors           1           2           3           4    -150.861
tors           3           4           5           6    +140.575
tors           4           5           6           7    +163.714
tors           5           6           7           8    +113.443
tors           6           7           8           9     -25.718
tors           7           8           9          10     +34.147
tors           8           9          10          11    -161.050
tors           9          10          11          12    +144.843
tors          11          12          13          14     -72.031
ENDCONSTRAINT
$end

$rem
JOBTYPE                   OPT
METHOD                    B3LYP
DFT_D                     d3_op
BASIS                     STO-3G
GEOM_OPT_MAX_CYCLES       100
GEOM_OPT_TOL_GRADIENT     300
GEOM_OPT_TOL_DISPLACEMENT 1200
GEOM_OPT_TOL_ENERGY       100
SYMMETRY                  False
THRESH                    12
SCF_CONVERGENCE           8
MAX_SUB_FILE_NUM          128
MEM_STATIC                400
MEM_TOTAL                 4000
$end
