$molecule
0  1
O -3.94934 -3.66094 2.70899
C -3.26408 -4.56952 2.26188
C -3.36658 -6.02376 2.66595
C -2.11996 -6.89977 2.46002
C -0.85516 -6.18465 2.03935
O 0.17428 -7.07759 1.94808
C 1.37398 -6.50189 1.42031
C 2.39982 -6.31263 2.53295
O 1.74897 -6.36224 3.81233
C 2.53056 -6.75305 4.84941
C 1.74017 -7.34918 5.98983
C 2.30021 -8.66618 6.54675
C 3.72226 -9.00199 6.14465
O 4.06258 -9.4703 5.06788
O -2.80371 -4.38378 0.99197
O 4.69531 -8.84143 7.08562
O 3.73096 -6.51439 4.90239
C 6.03145 -9.12247 6.88915
C 1.74094 -6.46977 7.25658
C 0.49418 -6.77467 8.08421
C 0.81667 -8.17415 8.56668
C 2.25736 -8.31373 8.05354
O 2.75888 -7.00006 8.06563
H 0.68377 -7.45549 5.65714
H 1.6714 -9.55529 6.32207
H 1.80468 -5.38108 7.03891
H 0.51501 -6.0816 8.95604
H -0.47983 -6.66834 7.55934
H 0.77752 -8.17787 9.6785
H 0.1691 -8.97907 8.15622
H 2.8083 -9.05329 8.67556
O -0.67336 -4.97467 2.10556
C -2.81291 -3.18073 0.31524
C -3.54473 -6.17672 4.1933
C -4.19306 -7.52321 4.51136
C -3.0455 -8.46461 4.21711
C -1.94067 -7.45813 3.88267
O -2.2382 -6.34462 4.68724
H -4.26565 -6.43194 2.15186
H -2.30665 -7.69086 1.69982
H -2.21038 -2.42824 0.86727
H -4.13816 -5.35779 4.65536
H -4.39264 -7.5424 5.60692
H -5.13605 -7.73525 3.96307
H -2.79556 -9.01684 5.15049
H -3.21894 -9.18153 3.38556
H -0.94588 -7.92546 4.03955
H -3.85498 -2.81482 0.19519
H -2.36915 -3.32672 -0.69083
H 6.59098 -8.89686 7.81998
H 6.43677 -8.49516 6.06665
H 6.16455 -10.1977 6.64341
H 3.03369 -7.22801 2.45856
H 3.07259 -5.43785 2.39811
H 1.21672 -5.4967 0.96694
H 1.77721 -7.10346 0.57736
$end

$opt
CONSTRAINT
tors           1           2           3           4    -155.929
tors           3           4           5           6    +177.583
tors           4           5           6           7    +173.877
tors           5           6           7           8    +106.250
tors           6           7           8           9     -17.972
tors           7           8           9          10    +154.053
tors           8           9          10          11    -155.386
tors           9          10          11          12    +133.079
tors          11          12          13          14     -78.819
ENDCONSTRAINT
$end

$rem
JOBTYPE                   OPT
METHOD                    B3LYP
DFT_D                     d3_op
BASIS                     STO-3G
GEOM_OPT_MAX_CYCLES       100
GEOM_OPT_TOL_GRADIENT     300
GEOM_OPT_TOL_DISPLACEMENT 1200
GEOM_OPT_TOL_ENERGY       100
SYMMETRY                  False
THRESH                    12
SCF_CONVERGENCE           8
MAX_SUB_FILE_NUM          128
MEM_STATIC                400
MEM_TOTAL                 4000
$end
