$molecule
0  1
O -3.94934 -3.66094 2.70899
C -3.26408 -4.56952 2.26188
C -3.36658 -6.02376 2.66595
C -2.05651 -6.75173 3.00891
C -0.80983 -5.89818 3.08186
O 0.26206 -6.67097 3.42723
C 1.50174 -5.95537 3.40793
C 1.51082 -4.89018 4.49946
O 0.37626 -5.06441 5.36276
C 0.65169 -5.55932 6.59497
C -0.5702 -6.10079 7.29815
C -0.38652 -7.48186 7.94405
C 1.04559 -7.9505 8.10581
O 1.4975 -9.0063 7.68675
O -2.55602 -4.33038 1.12373
O 1.85846 -7.19537 8.89629
O 1.73226 -5.39013 7.14235
C 3.1688 -7.50522 9.19689
C -0.99863 -5.28041 8.53544
C -2.48759 -5.5033 8.80326
C -2.47658 -6.94466 9.27756
C -0.96465 -7.19972 9.3414
O -0.41647 -5.93662 9.63468
H -1.41584 -6.06744 6.59299
H -0.93244 -8.27497 7.38687
H -0.7796 -4.19447 8.44006
H -2.75641 -4.84787 9.66285
H -3.17525 -5.28922 7.95679
H -2.93849 -6.98443 10.28873
H -2.97436 -7.67079 8.59846
H -0.72832 -8.01413 10.06147
O -0.73044 -4.70085 2.84054
C -2.43861 -3.09428 0.52251
C -4.16185 -6.24385 3.96605
C -4.70692 -7.67107 4.01294
C -3.43575 -8.45097 4.27284
C -2.4252 -7.30687 4.39355
O -3.17496 -6.26019 4.96424
H -3.88946 -6.52697 1.8215
H -1.83797 -7.56446 2.2801
H -1.96185 -2.37377 1.22103
H -4.99243 -5.51877 4.10755
H -5.36042 -7.75226 4.911
H -5.27909 -7.98011 3.11182
H -3.53628 -8.96971 5.25253
H -3.15539 -9.18233 3.48426
H -1.5362 -7.65527 4.9601
H -3.43913 -2.71844 0.21933
H -1.80352 -3.18889 -0.38198
H 3.58665 -6.71635 9.85523
H 3.77336 -7.55178 8.26593
H 3.21988 -8.47935 9.72848
H 2.50996 -4.83218 4.98688
H 1.37114 -3.89725 4.02221
H 1.78299 -5.56128 2.40587
H 2.26929 -6.70767 3.68845
$end

$opt
CONSTRAINT
tors           1           2           3           4    -131.785
tors           3           4           5           6    +178.449
tors           4           5           6           7    +175.078
tors           5           6           7           8     +66.431
tors           6           7           8           9      +9.581
tors           7           8           9          10    +107.136
tors           8           9          10          11    -162.956
tors           9          10          11          12    +133.079
tors          11          12          13          14    -125.321
ENDCONSTRAINT
$end

$rem
JOBTYPE                   OPT
METHOD                    B3LYP
DFT_D                     d3_op
BASIS                     STO-3G
GEOM_OPT_MAX_CYCLES       100
GEOM_OPT_TOL_GRADIENT     300
GEOM_OPT_TOL_DISPLACEMENT 1200
GEOM_OPT_TOL_ENERGY       100
SYMMETRY                  False
THRESH                    12
SCF_CONVERGENCE           8
MAX_SUB_FILE_NUM          128
MEM_STATIC                400
MEM_TOTAL                 4000
$end
