$molecule
0  1
O -3.94934 -3.66094 2.70899
C -3.26408 -4.56952 2.26188
C -3.36658 -6.02376 2.66595
C -2.13981 -6.65179 3.34747
C -1.01323 -5.70948 3.70937
O -0.22899 -6.27314 4.67512
C 0.92063 -5.48386 4.99863
C 0.56714 -4.453 6.06564
O -0.77101 -3.9739 5.85901
C -1.54135 -3.8972 6.97249
C -3.01987 -3.8827 6.6652
C -3.86774 -4.83736 7.51844
C -3.19661 -5.3849 8.76202
O -2.42314 -6.33117 8.79174
O -2.40749 -4.29526 1.24087
O -3.53127 -4.82263 9.95813
O -1.08408 -3.69695 8.09178
C -3.02366 -5.21444 11.17945
C -3.68441 -2.52748 6.98057
C -4.93915 -2.36303 6.12554
C -5.83962 -3.40803 6.74965
C -4.97102 -3.83444 7.94198
O -4.22974 -2.68391 8.26309
H -3.13785 -4.04863 5.5734
H -4.34457 -5.6958 7.0214
H -3.00455 -1.65856 6.84052
H -5.34921 -1.35328 6.35596
H -4.80027 -2.45436 5.02761
H -6.77545 -2.90799 7.08399
H -6.07868 -4.27807 6.09996
H -5.61785 -4.23746 8.75262
O -0.84714 -4.57857 3.27051
C -2.21682 -3.03994 0.70186
C -4.4692 -6.31126 3.68853
C -4.89442 -7.77752 3.61394
C -3.69125 -8.44908 4.24018
C -2.84284 -7.22449 4.5995
O -3.79681 -6.24994 4.90725
H -3.6252 -6.55921 1.72472
H -1.67966 -7.48363 2.76959
H -1.84338 -2.34176 1.48132
H -5.35594 -5.64927 3.58035
H -5.76741 -7.91246 4.29204
H -5.16107 -8.13123 2.59478
H -4.02344 -8.95976 5.17186
H -3.15158 -9.16944 3.58833
H -2.14776 -7.49406 5.42284
H -3.16968 -2.65603 0.27885
H -1.46473 -3.10362 -0.11096
H -3.46844 -4.58456 11.97683
H -1.9204 -5.08418 11.1939
H -3.2801 -6.27701 11.37782
H 0.64772 -4.98571 7.04236
H 1.30856 -3.62593 6.06264
H 1.3217 -4.97155 4.09305
H 1.75536 -6.12601 5.35187
$end

$opt
CONSTRAINT
tors           1           2           3           4    -116.544
tors           3           4           5           6    +159.528
tors           4           5           6           7    +175.481
tors           5           6           7           8     +86.486
tors           6           7           8           9     -35.974
tors           7           8           9          10    +134.770
tors           8           9          10          11    -159.160
tors           9          10          11          12    +133.079
tors          11          12          13          14     -81.575
ENDCONSTRAINT
$end

$rem
JOBTYPE                   OPT
METHOD                    B3LYP
DFT_D                     d3_op
BASIS                     STO-3G
GEOM_OPT_MAX_CYCLES       100
GEOM_OPT_TOL_GRADIENT     300
GEOM_OPT_TOL_DISPLACEMENT 1200
GEOM_OPT_TOL_ENERGY       100
SYMMETRY                  False
THRESH                    12
SCF_CONVERGENCE           8
MAX_SUB_FILE_NUM          128
MEM_STATIC                400
MEM_TOTAL                 4000
$end
