$molecule
0  1
O -3.94934 -3.66094 2.70899
C -3.26408 -4.56952 2.26188
C -3.36658 -6.02376 2.66595
C -2.0814 -6.70803 3.15985
C -0.87738 -5.81525 3.36318
O 0.01346 -6.4216 4.20233
C 1.19532 -5.64521 4.42522
C 1.06623 -4.8516 5.72123
O -0.32056 -4.67167 6.04885
C -0.64813 -4.90126 7.34466
C -1.88581 -5.75316 7.49661
C -1.73036 -6.95926 8.43438
C -0.51585 -6.93944 9.34063
O 0.61296 -7.28291 9.02067
O -2.479 -4.30991 1.17998
O -0.70655 -6.59351 10.64591
O -0.0264 -4.4111 8.27833
C 0.28827 -6.54833 11.60051
C -3.03018 -4.98355 8.20502
C -4.39046 -5.56678 7.84542
C -4.28734 -6.93268 8.48729
C -2.99592 -6.74349 9.2998
O -2.9348 -5.36146 9.5536
H -2.19997 -6.02222 6.51789
H -1.75797 -7.94463 7.91985
H -3.02065 -3.88864 8.00945
H -5.13113 -4.96181 8.41816
H -4.71366 -5.55448 6.79036
H -5.18394 -7.08638 9.12721
H -4.17083 -7.7797 7.77623
H -3.01043 -7.40574 10.19364
O -0.79102 -4.63859 3.03819
C -2.32861 -3.06405 0.60705
C -4.37288 -6.35787 3.7587
C -4.82934 -7.81206 3.63347
C -3.57698 -8.54059 4.07881
C -2.66846 -7.35516 4.42782
O -3.58097 -6.39096 4.89686
H -3.71696 -6.51527 1.72963
H -1.72997 -7.51215 2.47554
H -1.90635 -2.35133 1.34738
H -5.24745 -5.67233 3.78097
H -5.62793 -7.9837 4.39038
H -5.20916 -8.09286 2.62755
H -3.8174 -9.10933 5.00512
H -3.12677 -9.22286 3.32594
H -1.88426 -7.70362 5.13254
H -3.30854 -2.68966 0.24124
H -1.63199 -3.14098 -0.25271
H -0.15162 -6.23446 12.56921
H 1.06695 -5.81271 11.30578
H 0.74652 -7.55275 11.72421
H 1.56542 -5.45702 6.51529
H 1.60968 -3.88513 5.64927
H 1.394 -4.92409 3.59913
H 2.10469 -6.28308 4.42535
$end

$opt
CONSTRAINT
tors           1           2           3           4    -125.115
tors           3           4           5           6    +159.528
tors           4           5           6           7    +178.939
tors           5           6           7           8     +96.674
tors           6           7           8           9     -23.211
tors           7           8           9          10    +134.770
tors           8           9          10          11    -133.853
tors           9          10          11          12    +129.194
tors          11          12          13          14     -82.280
ENDCONSTRAINT
$end

$rem
JOBTYPE                   OPT
METHOD                    B3LYP
DFT_D                     d3_op
BASIS                     STO-3G
GEOM_OPT_MAX_CYCLES       100
GEOM_OPT_TOL_GRADIENT     300
GEOM_OPT_TOL_DISPLACEMENT 1200
GEOM_OPT_TOL_ENERGY       100
SYMMETRY                  False
THRESH                    12
SCF_CONVERGENCE           8
MAX_SUB_FILE_NUM          128
MEM_STATIC                400
MEM_TOTAL                 4000
$end
