$molecule
0  1
O -3.94934 -3.66094 2.70899
C -3.26408 -4.56952 2.26188
C -3.36658 -6.02376 2.66595
C -2.11402 -6.67325 3.27678
C -0.95489 -5.74971 3.5794
O -0.12753 -6.32934 4.4986
C 1.05826 -5.56731 4.74853
C 0.81192 -4.56476 5.87117
O -0.52013 -4.03679 5.77227
C -1.18983 -3.92033 6.94576
C -2.68605 -3.82824 6.76269
C -3.42102 -5.17656 6.75144
C -2.63369 -6.36266 7.27104
O -1.89825 -7.07347 6.60139
O -2.43174 -4.29091 1.2212
O -2.7734 -6.68717 8.58786
O -0.6823 -4.09488 8.04814
C -2.10343 -7.71557 9.21727
C -3.39352 -3.07145 7.89834
C -4.72989 -2.52673 7.39561
C -5.52891 -3.80657 7.297
C -4.49952 -4.81787 7.81944
O -3.7831 -4.08576 8.78402
H -2.84443 -3.27421 5.80816
H -3.9986 -5.30424 5.84311
H -2.77618 -2.25102 8.32562
H -5.16746 -1.89285 8.19959
H -4.66288 -1.93722 6.45572
H -6.37838 -3.7411 8.01355
H -5.91114 -4.05846 6.28446
H -5.03779 -5.71752 8.19349
O -0.62512 -4.80034 2.88119
C -2.24188 -3.03272 0.68844
C -4.44938 -6.65874 3.577
C -4.84447 -8.01821 3.00439
C -3.54825 -8.79635 3.23523
C -2.75036 -7.79298 4.10302
O -3.77742 -7.10601 4.7371
H -3.56116 -6.46517 1.65925
H -1.61825 -7.20883 2.43446
H -1.84401 -2.34547 1.46563
H -5.33365 -6.00623 3.74052
H -5.63303 -8.42108 3.68138
H -5.22972 -8.03397 1.96241
H -3.80021 -9.72194 3.79868
H -2.9883 -9.05933 2.31247
H -2.00596 -8.35153 4.70293
H -3.19979 -2.63617 0.28974
H -1.50758 -3.09646 -0.14057
H -2.40599 -7.74738 10.28394
H -1.00668 -7.54545 9.16209
H -2.35807 -8.68689 8.74232
H 0.94729 -5.15112 6.80848
H 1.57929 -3.76183 5.85216
H 1.4192 -5.03242 3.84154
H 1.90327 -6.23716 5.01607
$end

$opt
CONSTRAINT
tors           1           2           3           4    -119.823
tors           3           4           5           6    +159.528
tors           4           5           6           7    +174.736
tors           5           6           7           8     +88.871
tors           6           7           8           9     -37.304
tors           7           8           9          10    +137.583
tors           8           9          10          11    -160.150
tors           9          10          11          12     +89.340
tors          11          12          13          14     -87.952
ENDCONSTRAINT
$end

$rem
JOBTYPE                   OPT
METHOD                    B3LYP
DFT_D                     d3_op
BASIS                     STO-3G
GEOM_OPT_MAX_CYCLES       100
GEOM_OPT_TOL_GRADIENT     300
GEOM_OPT_TOL_DISPLACEMENT 1200
GEOM_OPT_TOL_ENERGY       100
SYMMETRY                  False
THRESH                    12
SCF_CONVERGENCE           8
MAX_SUB_FILE_NUM          128
MEM_STATIC                400
MEM_TOTAL                 4000
$end
