$molecule
0  1
O -3.94934 -3.66094 2.70899
C -3.26408 -4.56952 2.26188
C -3.36658 -6.02376 2.66595
C -2.23991 -6.5896 3.54589
C -1.22934 -5.59387 4.07064
O -0.44989 -6.183 5.025
C 0.63764 -5.35634 5.45298
C 0.36555 -4.81225 6.85158
O -1.03503 -4.53306 7.00419
C -1.59228 -4.96251 8.16358
C -3.09316 -5.10589 8.07731
C -3.64672 -6.44125 8.59564
C -2.69467 -7.2704 9.43397
O -2.10895 -8.27493 9.0566
O -2.31663 -4.2795 1.33059
O -2.40465 -6.8017 10.67976
O -0.96048 -5.0663 9.20747
C -1.53613 -7.40967 11.56217
C -3.88543 -4.12296 8.96653
C -5.28249 -3.92236 8.37867
C -5.90194 -5.28155 8.64927
C -4.78989 -5.92735 9.4867
O -4.17901 -4.84001 10.14102
H -3.39097 -4.91168 7.0228
H -3.97518 -7.08704 7.7516
H -3.37571 -3.14432 9.10279
H -5.78986 -3.16611 9.02011
H -5.32547 -3.5856 7.32045
H -6.82763 -5.13205 9.24771
H -6.12224 -5.89038 7.74532
H -5.19757 -6.72802 10.14247
O -1.17561 -4.4059 3.77838
C -2.07497 -3.01497 0.83582
C -4.58425 -6.27538 3.5831
C -4.99058 -7.74746 3.53012
C -3.86402 -8.37607 4.31758
C -3.08285 -7.12512 4.72765
O -4.074 -6.14221 4.8826
H -3.51989 -6.60119 1.72687
H -1.66832 -7.40163 3.04439
H -1.77208 -2.33301 1.65895
H -5.46231 -5.6394 3.33504
H -5.93262 -7.8554 4.11437
H -5.14314 -8.15506 2.50767
H -4.29686 -8.86678 5.2181
H -3.23439 -9.09984 3.75632
H -2.48347 -7.35036 5.63607
H -2.98484 -2.61951 0.33574
H -1.25247 -3.06604 0.09332
H -1.49184 -6.81399 12.49681
H -0.51726 -7.46111 11.12221
H -1.89307 -8.43307 11.80595
H 0.68507 -5.61738 7.55418
H 0.99138 -3.91614 7.05186
H 0.81255 -4.47087 4.80216
H 1.59917 -5.91115 5.4152
$end

$opt
CONSTRAINT
tors           1           2           3           4    -106.863
tors           3           4           5           6    +168.647
tors           4           5           6           7    +172.731
tors           5           6           7           8    +106.804
tors           6           7           8           9     -35.974
tors           7           8           9          10    +134.770
tors           8           9          10          11    -159.160
tors           9          10          11          12    +130.991
tors          11          12          13          14    -104.599
ENDCONSTRAINT
$end

$rem
JOBTYPE                   OPT
METHOD                    B3LYP
DFT_D                     d3_op
BASIS                     STO-3G
GEOM_OPT_MAX_CYCLES       100
GEOM_OPT_TOL_GRADIENT     300
GEOM_OPT_TOL_DISPLACEMENT 1200
GEOM_OPT_TOL_ENERGY       100
SYMMETRY                  False
THRESH                    12
SCF_CONVERGENCE           8
MAX_SUB_FILE_NUM          128
MEM_STATIC                400
MEM_TOTAL                 4000
$end
