$molecule
0  1
O -3.94934 -3.66094 2.70899
C -3.26408 -4.56952 2.26188
C -3.36658 -6.02376 2.66595
C -2.07204 -6.72116 3.11501
C -0.85359 -5.84008 3.27984
O 0.17887 -6.56833 3.7986
C 1.39313 -5.81931 3.91602
C 1.43681 -5.09592 5.25801
O 0.10298 -4.78219 5.68852
C -0.1683 -5.0515 6.98968
C -1.64062 -4.9639 7.31409
C -2.19437 -6.13985 8.13188
C -1.16115 -7.02531 8.79907
O -0.49585 -7.88434 8.23871
O -2.49363 -4.31619 1.16871
O -1.00758 -6.90489 10.14809
O 0.69555 -5.16919 7.85166
C -0.12468 -7.64497 10.90675
C -1.99123 -3.77788 8.23725
C -3.44978 -3.38001 8.01888
C -4.15705 -4.58031 8.6137
C -2.95863 -5.33389 9.20889
O -2.03571 -4.32308 9.53056
H -2.18279 -4.79318 6.36432
H -2.87973 -6.80424 7.563
H -1.32531 -2.89793 8.09951
H -3.63656 -2.49533 8.66953
H -3.74043 -3.13017 6.97566
H -4.84992 -4.22023 9.40605
H -4.70313 -5.21849 7.88521
H -3.29761 -5.9737 10.05332
O -0.79305 -4.63559 3.06618
C -2.3455 -3.07231 0.59111
C -4.27132 -6.27203 3.88393
C -4.76147 -7.72097 3.89091
C -3.4943 -8.4464 4.29457
C -2.54198 -7.26307 4.48174
O -3.38263 -6.24471 4.96584
H -3.80196 -6.53703 1.77908
H -1.77793 -7.54148 2.42247
H -1.90941 -2.36024 1.32403
H -5.1372 -5.57717 3.93937
H -5.5051 -7.82708 4.71292
H -5.21791 -8.05573 2.9346
H -3.67014 -8.93761 5.2779
H -3.11617 -9.19216 3.56244
H -1.70177 -7.55609 5.14834
H -3.32865 -2.69389 0.23832
H -1.66139 -3.1543 -0.27818
H -0.21126 -7.3369 11.96883
H 0.91695 -7.46398 10.56525
H -0.36451 -8.72678 10.82713
H 1.92146 -5.81326 5.96033
H 2.08188 -4.19371 5.19608
H 1.49105 -5.07823 3.0888
H 2.28223 -6.47457 3.79579
$end

$opt
CONSTRAINT
tors           1           2           3           4    -127.112
tors           3           4           5           6    +174.372
tors           4           5           6           7    +176.777
tors           5           6           7           8     +87.834
tors           6           7           8           9     -29.743
tors           7           8           9          10    +134.770
tors           8           9          10          11    -168.544
tors           9          10          11          12    +133.125
tors          11          12          13          14     -77.793
ENDCONSTRAINT
$end

$rem
JOBTYPE                   OPT
METHOD                    B3LYP
DFT_D                     d3_op
BASIS                     STO-3G
GEOM_OPT_MAX_CYCLES       100
GEOM_OPT_TOL_GRADIENT     300
GEOM_OPT_TOL_DISPLACEMENT 1200
GEOM_OPT_TOL_ENERGY       100
SYMMETRY                  False
THRESH                    12
SCF_CONVERGENCE           8
MAX_SUB_FILE_NUM          128
MEM_STATIC                400
MEM_TOTAL                 4000
$end
