$molecule
0  1
O -3.94934 -3.66094 2.70899
C -3.26408 -4.56952 2.26188
C -3.36658 -6.02376 2.66595
C -2.12469 -6.66392 3.30763
C -0.97925 -5.73221 3.6362
O -0.08996 -6.36243 4.45926
C 1.06569 -5.56991 4.7519
C 0.84265 -4.7669 6.02923
O -0.53922 -4.39 6.13535
C -1.10091 -4.57109 7.35635
C -2.59063 -4.32336 7.36128
C -3.42352 -5.39991 8.07235
C -2.65092 -6.35172 8.96333
O -2.23971 -7.45488 8.6339
O -2.41715 -4.29949 1.23178
O -2.34423 -5.9168 10.21785
O -0.45264 -4.72029 8.38591
C -1.62721 -6.64339 11.1454
C -3.01195 -3.06633 8.14972
C -4.35562 -2.56287 7.62321
C -5.27944 -3.65977 8.11593
C -4.29704 -4.48486 8.95806
O -3.36549 -3.53825 9.42419
H -2.91216 -4.17282 6.30603
H -4.0411 -6.01899 7.39013
H -2.25351 -2.25372 8.12006
H -4.58524 -1.6262 8.18059
H -4.40583 -2.35693 6.53226
H -6.06599 -3.19584 8.75129
H -5.74481 -4.2817 7.32053
H -4.84008 -5.0601 9.74042
O -0.8948 -4.55108 3.32415
C -2.22936 -3.04611 0.68741
C -4.41916 -6.25734 3.76366
C -4.87831 -7.715 3.75604
C -3.66137 -8.39431 4.3422
C -2.77039 -7.18035 4.61671
O -3.6831 -6.16698 4.95087
H -3.67996 -6.56796 1.74691
H -1.70341 -7.50186 2.70912
H -1.84676 -2.34655 1.46114
H -5.30191 -5.58636 3.68072
H -5.71916 -7.81104 4.47984
H -5.2017 -8.09133 2.7617
H -3.95519 -8.86657 5.30653
H -3.17078 -9.14625 3.68718
H -2.03425 -7.44113 5.40736
H -3.18552 -2.66142 0.27266
H -1.48542 -3.11358 -0.13259
H -1.52841 -6.04775 12.07589
H -0.61174 -6.86689 10.75403
H -2.15692 -7.59102 11.38124
H 1.13809 -5.45228 6.85662
H 1.51842 -3.88569 6.05821
H 1.30523 -4.86478 3.92252
H 1.97488 -6.20303 4.83315
$end

$opt
CONSTRAINT
tors           1           2           3           4    -118.400
tors           3           4           5           6    +166.349
tors           4           5           6           7    +176.498
tors           5           6           7           8     +92.056
tors           6           7           8           9     -33.757
tors           7           8           9          10    +134.770
tors           8           9          10          11    -172.749
tors           9          10          11          12    +133.125
tors          11          12          13          14     -95.681
ENDCONSTRAINT
$end

$rem
JOBTYPE                   OPT
METHOD                    B3LYP
DFT_D                     d3_op
BASIS                     STO-3G
GEOM_OPT_MAX_CYCLES       100
GEOM_OPT_TOL_GRADIENT     300
GEOM_OPT_TOL_DISPLACEMENT 1200
GEOM_OPT_TOL_ENERGY       100
SYMMETRY                  False
THRESH                    12
SCF_CONVERGENCE           8
MAX_SUB_FILE_NUM          128
MEM_STATIC                400
MEM_TOTAL                 4000
$end
