$molecule
0  1
O -3.94934 -3.66094 2.70899
C -3.26408 -4.56952 2.26188
C -3.36658 -6.02376 2.66595
C -2.06645 -6.73032 3.08342
C -0.83874 -5.85747 3.22103
O 0.21652 -6.60649 3.65786
C 1.45915 -5.89616 3.63467
C 1.82042 -5.42304 5.03887
O 0.62667 -5.09492 5.76701
C 0.56997 -5.56711 7.03703
C -0.78349 -5.37125 7.67769
C -1.34298 -6.60609 8.39909
C -0.34769 -7.71323 8.68251
O 0.17815 -8.42636 7.84019
O -2.50473 -4.31997 1.16029
O -0.02563 -7.949 9.98539
O 1.55643 -5.92155 7.67314
C 0.86195 -8.91509 10.41163
C -0.78478 -4.34271 8.82762
C -2.18492 -3.75112 8.97353
C -2.94178 -4.95277 9.50282
C -1.78 -5.93334 9.72003
O -0.67649 -5.10793 10.0021
H -1.48214 -5.00328 6.89023
H -2.19612 -7.07078 7.85776
H -0.03302 -3.5336 8.69834
H -2.12104 -2.98491 9.77961
H -2.6182 -3.28364 8.0632
H -3.42285 -4.66679 10.46425
H -3.6958 -5.38239 8.80791
H -2.05373 -6.67269 10.50432
O -0.79845 -4.6417 3.07881
C -2.36026 -3.0777 0.5784
C -4.21278 -6.22941 3.9395
C -4.73325 -7.6657 3.99992
C -3.46405 -8.41194 4.35007
C -2.48118 -7.24622 4.47687
O -3.27029 -6.19668 4.98254
H -3.84729 -6.54344 1.80687
H -1.80118 -7.55064 2.37935
H -1.91527 -2.36489 1.30521
H -5.06441 -5.52001 4.02502
H -5.43288 -7.737 4.86335
H -5.24919 -8.00918 3.07756
H -3.60267 -8.89385 5.34383
H -3.13372 -9.16791 3.60529
H -1.61658 -7.54872 5.10774
H -3.34625 -2.69815 0.23486
H -1.68529 -3.16293 -0.2977
H 0.93147 -8.88198 11.51819
H 1.8693 -8.72382 9.9838
H 0.50777 -9.92247 10.10512
H 2.35079 -6.28456 5.50619
H 2.5303 -4.56934 4.99548
H 1.43098 -4.99103 2.98634
H 2.2676 -6.51356 3.1884
$end

$opt
CONSTRAINT
tors           1           2           3           4    -128.510
tors           3           4           5           6    +177.050
tors           4           5           6           7    +171.755
tors           5           6           7           8    +101.481
tors           6           7           8           9     -33.757
tors           7           8           9          10    +134.770
tors           8           9          10          11    -171.360
tors           9          10          11          12    +133.125
tors          11          12          13          14     -68.887
ENDCONSTRAINT
$end

$rem
JOBTYPE                   OPT
METHOD                    B3LYP
DFT_D                     d3_op
BASIS                     STO-3G
GEOM_OPT_MAX_CYCLES       100
GEOM_OPT_TOL_GRADIENT     300
GEOM_OPT_TOL_DISPLACEMENT 1200
GEOM_OPT_TOL_ENERGY       100
SYMMETRY                  False
THRESH                    12
SCF_CONVERGENCE           8
MAX_SUB_FILE_NUM          128
MEM_STATIC                400
MEM_TOTAL                 4000
$end
