$molecule
0  1
O -3.94934 -3.66094 2.70899
C -3.26408 -4.56952 2.26188
C -3.36658 -6.02376 2.66595
C -2.29141 -6.56464 3.62267
C -1.33708 -5.54788 4.2088
O -0.6771 -6.09113 5.27405
C 0.30705 -5.21477 5.83324
C -0.26309 -4.4917 7.04907
O -1.67855 -4.30745 6.88966
C -2.43128 -4.60264 7.97843
C -3.9129 -4.45242 7.72768
C -4.73376 -5.73749 7.90951
C -4.0396 -6.86655 8.6444
O -3.27018 -7.6724 8.14125
O -2.29067 -4.27402 1.35975
O -4.35503 -7.04707 9.95802
O -1.98018 -4.91936 9.07355
C -3.82803 -8.03575 10.76267
C -4.61272 -3.4872 8.69828
C -5.87784 -2.93526 8.04495
C -6.74933 -4.17408 8.03337
C -5.85154 -5.14788 8.80949
O -5.13757 -4.32167 9.69744
H -4.03623 -4.06429 6.68968
H -5.19257 -6.15936 6.99518
H -3.95736 -2.65777 9.0433
H -6.3134 -2.19829 8.75747
H -5.73609 -2.44744 7.05653
H -7.67995 -3.95115 8.60101
H -7.00108 -4.56976 7.02552
H -6.47733 -5.93997 9.27719
O -1.24482 -4.37375 3.87247
C -2.03353 -3.00614 0.88164
C -4.64005 -6.28218 3.49363
C -5.02733 -7.75826 3.42812
C -3.94826 -8.36672 4.29173
C -3.21076 -7.10274 4.74165
O -4.21656 -6.12793 4.81771
H -3.454 -6.60828 1.72278
H -1.67593 -7.37849 3.17991
H -1.75222 -2.33104 1.71799
H -5.50556 -5.65727 3.18095
H -6.00418 -7.8703 3.9513
H -5.10896 -8.17664 2.40191
H -4.4338 -8.85646 5.16557
H -3.27407 -9.08619 3.77881
H -2.67558 -7.31756 5.68807
H -2.92874 -2.6052 0.35996
H -1.19101 -3.05291 0.16164
H -4.25935 -7.94432 11.78051
H -2.72457 -7.92521 10.83014
H -4.08193 -9.03746 10.35489
H -0.0286 -5.15795 7.90914
H 0.2668 -3.52986 7.21815
H 0.64727 -4.43653 5.11269
H 1.24235 -5.76132 6.07959
$end

$opt
CONSTRAINT
tors           1           2           3           4    -102.851
tors           3           4           5           6    +164.614
tors           4           5           6           7    +176.362
tors           5           6           7           8     +97.789
tors           6           7           8           9     -30.584
tors           7           8           9          10    +134.770
tors           8           9          10          11    -177.246
tors           9          10          11          12    +119.375
tors          11          12          13          14     -83.237
ENDCONSTRAINT
$end

$rem
JOBTYPE                   OPT
METHOD                    B3LYP
DFT_D                     d3_op
BASIS                     STO-3G
GEOM_OPT_MAX_CYCLES       100
GEOM_OPT_TOL_GRADIENT     300
GEOM_OPT_TOL_DISPLACEMENT 1200
GEOM_OPT_TOL_ENERGY       100
SYMMETRY                  False
THRESH                    12
SCF_CONVERGENCE           8
MAX_SUB_FILE_NUM          128
MEM_STATIC                400
MEM_TOTAL                 4000
$end
