$molecule
0  1
O -3.94934 -3.66094 2.70899
C -3.26408 -4.56952 2.26188
C -3.36658 -6.02376 2.66595
C -2.30137 -6.56016 3.63624
C -1.35775 -5.53967 4.23311
O -0.78731 -6.04286 5.3675
C 0.20221 -5.17622 5.93233
C -0.40378 -4.35447 7.0653
O -1.79734 -4.11996 6.80866
C -2.62037 -4.27163 7.87579
C -4.07151 -4.02292 7.53966
C -4.99308 -5.23949 7.70981
C -4.42384 -6.39266 8.51159
O -3.70291 -7.27556 8.06965
O -2.28937 -4.27349 1.3613
O -4.80509 -6.49797 9.81591
O -2.25062 -4.56514 9.00723
C -4.39293 -7.49482 10.67561
C -4.74807 -2.97616 8.43815
C -5.93472 -2.36025 7.70032
C -6.89374 -3.53246 7.68642
C -6.107 -4.54099 8.53526
O -5.38061 -3.73686 9.43366
H -4.10917 -3.66911 6.48264
H -5.44536 -5.64688 6.78628
H -4.05235 -2.18359 8.7907
H -6.35045 -1.56601 8.36123
H -5.70605 -1.92417 6.70403
H -7.82913 -3.22374 8.20394
H -7.13081 -3.94221 6.68071
H -6.81106 -5.27017 8.99401
O -1.22384 -4.38181 3.85682
C -2.03211 -3.00542 0.88368
C -4.65097 -6.2883 3.47489
C -5.03641 -7.7633 3.39158
C -3.96415 -8.37813 4.25853
C -3.2379 -7.11612 4.73494
O -4.24649 -6.14649 4.80643
H -3.43948 -6.60804 1.72134
H -1.67573 -7.37417 3.20862
H -1.75251 -2.33021 1.72051
H -5.51274 -5.66117 3.15631
H -6.01749 -7.87891 3.90609
H -5.11044 -8.1741 2.36174
H -4.45773 -8.88572 5.11751
H -3.27907 -9.08491 3.74238
H -2.72127 -7.34633 5.68855
H -2.92672 -2.60493 0.36061
H -1.18844 -3.05171 0.16502
H -4.8556 -7.33111 11.67036
H -3.28771 -7.47048 10.7864
H -4.71116 -8.48757 10.29173
H -0.25594 -4.98257 7.97206
H 0.16034 -3.40921 7.2162
H 0.61597 -4.45906 5.1869
H 1.09628 -5.74499 6.26607
$end

$opt
CONSTRAINT
tors           1           2           3           4    -102.121
tors           3           4           5           6    +159.898
tors           4           5           6           7    +175.220
tors           5           6           7           8     +97.789
tors           6           7           8           9     -30.584
tors           7           8           9          10    +136.815
tors           8           9          10          11    -179.527
tors           9          10          11          12    +116.738
tors          11          12          13          14     -84.160
ENDCONSTRAINT
$end

$rem
JOBTYPE                   OPT
METHOD                    B3LYP
DFT_D                     d3_op
BASIS                     STO-3G
GEOM_OPT_MAX_CYCLES       100
GEOM_OPT_TOL_GRADIENT     300
GEOM_OPT_TOL_DISPLACEMENT 1200
GEOM_OPT_TOL_ENERGY       100
SYMMETRY                  False
THRESH                    12
SCF_CONVERGENCE           8
MAX_SUB_FILE_NUM          128
MEM_STATIC                400
MEM_TOTAL                 4000
$end
