$molecule
0  1
O -3.94934 -3.66094 2.70899
C -3.26408 -4.56952 2.26188
C -3.36658 -6.02376 2.66595
C -2.36023 -6.53565 3.70954
C -1.47892 -5.49482 4.36381
O -0.93927 -5.9995 5.5125
C -0.05236 -5.08593 6.16676
C -0.78974 -4.33887 7.27325
O -2.16018 -4.13329 6.89576
C -3.0801 -4.46932 7.83383
C -4.50112 -4.30648 7.34924
C -5.30411 -5.61156 7.24805
C -4.71332 -6.80826 7.96609
O -3.98477 -7.64968 7.46033
O -2.26202 -4.26829 1.39396
O -5.02346 -6.96884 9.28419
O -2.81541 -4.87212 8.96104
C -4.56151 -7.99701 10.07917
C -5.35693 -3.43763 8.27825
C -6.53834 -2.85964 7.50106
C -7.38062 -4.10219 7.3151
C -6.53291 -5.12726 8.08185
O -5.96719 -4.37063 9.12513
H -4.44625 -3.83092 6.34242
H -5.79619 -5.90313 6.30903
H -4.77789 -2.62643 8.77163
H -7.07969 -2.15831 8.17555
H -6.25994 -2.33091 6.56395
H -8.34841 -3.94809 7.84285
H -7.57028 -4.39857 6.26097
H -7.18331 -5.97295 8.40067
O -1.38373 -4.32212 4.02282
C -1.98911 -2.99727 0.93332
C -4.67854 -6.33874 3.39114
C -5.03794 -7.81318 3.22841
C -3.96251 -8.45638 4.07355
C -3.3023 -7.20754 4.67455
O -4.32598 -6.2648 4.73925
H -3.37048 -6.61046 1.7194
H -1.65959 -7.28643 3.28135
H -1.73408 -2.32823 1.78285
H -5.53381 -5.7036 3.07143
H -6.02067 -7.95823 3.73263
H -5.10546 -8.1843 2.18326
H -4.45412 -9.07035 4.86044
H -3.22578 -9.07239 3.51365
H -2.76241 -7.47617 5.59333
H -2.86719 -2.59207 0.38639
H -1.12428 -3.03959 0.24
H -4.97161 -7.87726 11.1028
H -3.4521 -7.96956 10.13252
H -4.89492 -8.97529 9.67178
H -0.68965 -4.98247 8.17479
H -0.27648 -3.37924 7.49675
H 0.36844 -4.32674 5.46834
H 0.84797 -5.60765 6.55564
$end

$opt
CONSTRAINT
tors           1           2           3           4     -98.050
tors           3           4           5           6    +162.084
tors           4           5           6           7    +177.928
tors           5           6           7           8     +96.825
tors           6           7           8           9     -33.333
tors           7           8           9          10    +131.451
tors           8           9          10          11    -176.656
tors           9          10          11          12    +115.190
tors          11          12          13          14     -93.736
ENDCONSTRAINT
$end

$rem
JOBTYPE                   OPT
METHOD                    B3LYP
DFT_D                     d3_op
BASIS                     STO-3G
GEOM_OPT_MAX_CYCLES       100
GEOM_OPT_TOL_GRADIENT     300
GEOM_OPT_TOL_DISPLACEMENT 1200
GEOM_OPT_TOL_ENERGY       100
SYMMETRY                  False
THRESH                    12
SCF_CONVERGENCE           8
MAX_SUB_FILE_NUM          128
MEM_STATIC                400
MEM_TOTAL                 4000
$end
