$molecule
0  1
O -3.94934 -3.66094 2.70899
C -3.26408 -4.56952 2.26188
C -3.36658 -6.02376 2.66595
C -2.30733 -6.55754 3.64417
C -1.37008 -5.53486 4.24731
O -0.7806 -6.04909 5.36691
C 0.26698 -5.22095 5.88267
C -0.29042 -4.25549 6.9235
O -1.661 -3.94919 6.62255
C -2.52371 -4.05218 7.66383
C -3.97003 -3.94707 7.2422
C -4.80336 -5.21749 7.46553
C -4.19026 -6.25733 8.3818
O -3.38704 -7.1147 8.04369
O -2.28226 -4.27145 1.36963
O -4.59469 -6.26817 9.68375
O -2.1913 -4.22769 8.83076
C -4.13711 -7.15015 10.64055
C -4.75497 -2.88183 8.01831
C -5.95808 -2.42874 7.19414
C -6.83083 -3.66212 7.27672
C -5.98588 -4.53435 8.21641
O -5.35281 -3.6032 9.06047
H -3.97464 -3.68836 6.1576
H -5.28734 -5.7138 6.62144
H -4.13292 -2.00917 8.31532
H -6.45187 -1.6028 7.75464
H -5.72095 -2.08443 6.16437
H -7.78765 -3.37888 7.76943
H -7.03748 -4.16657 6.30811
H -6.648 -5.27245 8.72193
O -1.22424 -4.37868 3.86977
C -2.02145 -3.00238 0.89663
C -4.65616 -6.32677 3.42846
C -5.00978 -7.80884 3.32075
C -3.94177 -8.41473 4.20152
C -3.24623 -7.14606 4.70683
O -4.26943 -6.19616 4.75818
H -3.40824 -6.59852 1.71333
H -1.66827 -7.35903 3.21222
H -1.74852 -2.3288 1.73699
H -5.52016 -5.7061 3.1037
H -5.99816 -7.95039 3.81424
H -5.05557 -8.20794 2.28468
H -4.44214 -8.93953 5.04603
H -3.23612 -9.1051 3.69092
H -2.73715 -7.37308 5.66311
H -2.912 -2.60097 0.36739
H -1.17215 -3.04709 0.18452
H -4.63417 -6.928 11.60696
H -3.03915 -7.0386 10.76871
H -4.37778 -8.19384 10.34564
H -0.18514 -4.78609 7.89604
H 0.33728 -3.34054 6.97782
H 0.75042 -4.62663 5.07221
H 1.09914 -5.82937 6.29683
$end

$opt
CONSTRAINT
tors           1           2           3           4    -101.691
tors           3           4           5           6    +161.454
tors           4           5           6           7    +171.221
tors           5           6           7           8     +91.845
tors           6           7           8           9     -29.534
tors           7           8           9          10    +131.451
tors           8           9          10          11    -170.348
tors           9          10          11          12    +115.190
tors          11          12          13          14     -84.572
ENDCONSTRAINT
$end

$rem
JOBTYPE                   OPT
METHOD                    B3LYP
DFT_D                     d3_op
BASIS                     STO-3G
GEOM_OPT_MAX_CYCLES       100
GEOM_OPT_TOL_GRADIENT     300
GEOM_OPT_TOL_DISPLACEMENT 1200
GEOM_OPT_TOL_ENERGY       100
SYMMETRY                  False
THRESH                    12
SCF_CONVERGENCE           8
MAX_SUB_FILE_NUM          128
MEM_STATIC                400
MEM_TOTAL                 4000
$end
