$molecule
0  1
O -3.94934 -3.66094 2.70899
C -3.26408 -4.56952 2.26188
C -3.36658 -6.02376 2.66595
C -2.3403 -6.54361 3.68593
C -1.43805 -5.50936 4.32183
O -0.86508 -6.02407 5.44974
C 0.02691 -5.10962 6.0958
C -0.72442 -4.2933 7.14234
O -2.08773 -4.10624 6.73093
C -3.02419 -4.38683 7.67085
C -4.43577 -4.28441 7.14396
C -5.19138 -5.61827 7.05367
C -4.5811 -6.77642 7.81717
O -3.83696 -7.62341 7.34449
O -2.26464 -4.2682 1.39072
O -4.85615 -6.87086 9.14982
O -2.77938 -4.73002 8.82203
C -4.36124 -7.84979 9.98609
C -5.32984 -3.4088 8.02576
C -6.52343 -2.90498 7.21536
C -7.33193 -4.17646 7.10204
C -6.43515 -5.14617 7.88639
O -5.90272 -4.33331 8.90447
H -4.36133 -3.84479 6.12234
H -5.75705 -5.92644 6.16299
H -4.7822 -2.55848 8.48831
H -7.09065 -2.17397 7.83445
H -6.241 -2.43494 6.24854
H -8.28189 -4.03417 7.66497
H -7.56115 -4.50877 6.06675
H -7.05633 -6.00172 8.23758
O -1.35672 -4.33121 3.99583
C -1.99435 -2.99744 0.92776
C -4.65119 -6.39937 3.39613
C -4.98919 -7.86913 3.15955
C -3.86502 -8.54022 3.92144
C -3.22231 -7.31944 4.60075
O -4.25948 -6.41195 4.73345
H -3.36797 -6.59492 1.70931
H -1.62554 -7.24668 3.20252
H -1.73777 -2.32705 1.77575
H -5.521 -5.75488 3.14233
H -5.94651 -8.05939 3.69671
H -5.09846 -8.18576 2.10013
H -4.3109 -9.23643 4.66568
H -3.1252 -9.07906 3.2904
H -2.63605 -7.63355 5.47677
H -2.87435 -2.59391 0.38269
H -1.13137 -3.03971 0.23213
H -4.74812 -7.68106 11.01185
H -3.25135 -7.80608 10.01045
H -4.69124 -8.85219 9.639
H -0.64163 -4.87961 8.08383
H -0.20916 -3.32446 7.31511
H 0.49807 -4.41104 5.3658
H 0.89203 -5.64116 6.54663
$end

$opt
CONSTRAINT
tors           1           2           3           4     -99.387
tors           3           4           5           6    +162.713
tors           4           5           6           7    +178.830
tors           5           6           7           8     +91.509
tors           6           7           8           9     -31.192
tors           7           8           9          10    +131.146
tors           8           9          10          11    -175.113
tors           9          10          11          12    +112.122
tors          11          12          13          14     -95.651
ENDCONSTRAINT
$end

$rem
JOBTYPE                   OPT
METHOD                    B3LYP
DFT_D                     d3_op
BASIS                     STO-3G
GEOM_OPT_MAX_CYCLES       100
GEOM_OPT_TOL_GRADIENT     300
GEOM_OPT_TOL_DISPLACEMENT 1200
GEOM_OPT_TOL_ENERGY       100
SYMMETRY                  False
THRESH                    12
SCF_CONVERGENCE           8
MAX_SUB_FILE_NUM          128
MEM_STATIC                400
MEM_TOTAL                 4000
$end
