$molecule
0  1
O -3.94934 -3.66094 2.70899
C -3.26408 -4.56952 2.26188
C -3.36658 -6.02376 2.66595
C -2.38109 -6.52764 3.73308
C -1.52153 -5.48022 4.40552
O -0.97624 -5.99149 5.54863
C -0.10421 -5.07324 6.21617
C -0.87536 -4.2903 7.27374
O -2.23062 -4.08949 6.84265
C -3.18389 -4.37362 7.76444
C -4.58673 -4.20623 7.2309
C -5.40932 -5.5008 7.15533
C -4.86146 -6.67834 7.93634
O -4.01621 -7.46442 7.53362
O -2.25358 -4.26654 1.40452
O -5.36646 -6.90166 9.18314
O -2.96043 -4.73784 8.91357
C -4.97296 -7.92711 10.01763
C -5.4538 -3.28924 8.10183
C -6.59309 -2.71122 7.26536
C -7.4511 -3.94268 7.0805
C -6.66002 -4.95844 7.91802
O -6.1161 -4.17988 8.9561
H -4.49425 -3.7693 6.20928
H -5.85837 -5.81595 6.20576
H -4.8747 -2.47481 8.58985
H -7.14406 -1.98335 7.90303
H -6.27297 -2.21116 6.32585
H -8.44022 -3.75086 7.55342
H -7.59394 -4.27264 6.02894
H -7.34764 -5.77384 8.23669
O -1.43115 -4.30467 4.07262
C -1.97564 -2.99448 0.94979
C -4.69084 -6.35855 3.35669
C -5.02793 -7.83657 3.17803
C -3.96637 -8.4714 4.04809
C -3.33637 -7.21859 4.67301
O -4.37195 -6.29066 4.7132
H -3.34106 -6.60953 1.71907
H -1.66254 -7.26813 3.31666
H -1.72829 -2.32778 1.80342
H -5.54464 -5.73025 3.0201
H -6.02125 -7.99568 3.65658
H -5.06509 -8.20387 2.13001
H -4.47084 -9.09504 4.81917
H -3.20814 -9.07588 3.50457
H -2.82414 -7.48701 5.60924
H -2.84832 -2.58739 0.39564
H -1.10433 -3.03548 0.26456
H -5.54758 -7.86598 10.96443
H -3.89018 -7.83655 10.24949
H -5.17478 -8.90909 9.53891
H -0.81273 -4.90944 8.1957
H -0.36381 -3.32769 7.48777
H 0.35702 -4.34701 5.50758
H 0.76932 -5.59759 6.65903
$end

$opt
CONSTRAINT
tors           1           2           3           4     -96.690
tors           3           4           5           6    +163.698
tors           4           5           6           7    +177.675
tors           5           6           7           8     +93.371
tors           6           7           8           9     -32.719
tors           7           8           9          10    +132.429
tors           8           9          10          11    -177.246
tors           9          10          11          12    +115.190
tors          11          12          13          14     -84.924
ENDCONSTRAINT
$end

$rem
JOBTYPE                   OPT
METHOD                    B3LYP
DFT_D                     d3_op
BASIS                     STO-3G
GEOM_OPT_MAX_CYCLES       100
GEOM_OPT_TOL_GRADIENT     300
GEOM_OPT_TOL_DISPLACEMENT 1200
GEOM_OPT_TOL_ENERGY       100
SYMMETRY                  False
THRESH                    12
SCF_CONVERGENCE           8
MAX_SUB_FILE_NUM          128
MEM_STATIC                400
MEM_TOTAL                 4000
$end
