$molecule
0  1
O -3.94934 -3.66094 2.70899
C -3.26408 -4.56952 2.26188
C -3.36658 -6.02376 2.66595
C -2.05424 -6.81773 2.77194
C -0.77335 -6.02476 2.63554
O -0.66856 -5.52695 1.36802
C -0.93615 -6.50313 0.35573
C -2.43588 -6.58949 0.09214
O -2.97196 -7.77567 0.69915
C -2.10571 -8.81229 0.8182
C -2.34907 -9.90215 -0.19848
C -2.60479 -11.29536 0.39469
C -2.93194 -11.33386 1.87394
O -2.84637 -10.38792 2.64364
O -2.50026 -4.13615 1.22841
O -3.28668 -12.54665 2.37543
O -1.03149 -8.90063 1.41085
C -3.60131 -12.77773 3.69828
C -3.62278 -9.75298 -1.07458
C -3.45677 -10.54608 -2.37094
C -3.5575 -11.96284 -1.85133
C -3.87603 -11.69061 -0.37841
O -4.60813 -10.49074 -0.39782
H -1.46741 -9.89501 -0.87955
H -1.75906 -11.99888 0.23108
H -3.89138 -8.70808 -1.33265
H -4.35293 -10.33688 -2.99869
H -2.5409 -10.31769 -2.95731
H -4.41649 -12.46101 -2.35359
H -2.63909 -12.57863 -1.96547
H -4.39557 -12.56746 0.06668
O -0.07116 -5.59294 3.54076
C -2.39466 -2.83718 0.76522
C -3.92586 -6.01591 4.1055
C -4.43239 -7.40144 4.52013
C -3.13291 -8.02818 4.91093
C -2.14991 -6.96861 4.37781
O -2.76461 -5.80092 4.8434
H -4.17997 -6.45632 2.05102
H -2.01876 -7.86496 2.8815
H -2.00786 -2.17524 1.56908
H -4.74751 -5.28363 4.26684
H -5.09281 -7.37476 5.41515
H -4.95771 -7.89515 3.67376
H -3.04323 -7.98834 6.02219
H -2.99752 -9.08247 4.61595
H -1.17691 -7.20124 4.87529
H -3.38435 -2.47216 0.41697
H -1.68646 -2.81391 -0.0882
H -3.85399 -13.8497 3.83037
H -4.4783 -12.16358 3.99542
H -2.73364 -12.53149 4.34708
H -3.1673 -5.77983 0.00061
H -2.45319 -6.85758 -0.98964
H -0.16969 -7.29254 0.26639
H -0.59848 -5.94786 -0.54839
$end

$opt
CONSTRAINT
tors           1           2           3           4    -142.105
tors           3           4           5           6     -66.316
tors           4           5           6           7     -47.368
tors           5           6           7           8     +85.263
tors           6           7           8           9    -104.211
tors           7           8           9          10     -28.421
tors           8           9          10          11    -104.211
tors           9          10          11          12    -123.158
tors          11          12          13          14      -9.474
ENDCONSTRAINT
$end

$rem
JOBTYPE                   OPT
METHOD                    B3LYP
DFT_D                     d3_op
BASIS                     STO-3G
GEOM_OPT_MAX_CYCLES       100
GEOM_OPT_TOL_GRADIENT     300
GEOM_OPT_TOL_DISPLACEMENT 1200
GEOM_OPT_TOL_ENERGY       100
SYMMETRY                  False
THRESH                    12
SCF_CONVERGENCE           8
MAX_SUB_FILE_NUM          128
MEM_STATIC                400
MEM_TOTAL                 4000
$end
