$molecule
0  1
O -3.94934 -3.66094 2.70899
C -3.26408 -4.56952 2.26188
C -3.36658 -6.02376 2.66595
C -2.09215 -6.69516 3.20345
C -0.90361 -5.79095 3.44399
O -1.33324 -4.52844 3.73882
C -2.37481 -4.50293 4.72051
C -1.95998 -3.63574 5.90458
O -2.02017 -4.40247 7.11759
C -3.26134 -4.7936 7.49921
C -4.20777 -4.96614 6.33509
C -3.90419 -4.08113 5.11736
C -2.53276 -3.43664 5.09436
O -1.97939 -2.98282 4.10319
O -2.37701 -4.28471 1.26746
O -3.0802 -1.91286 5.64173
O -3.47746 -5.24286 8.61433
C -2.47641 -0.67993 5.44853
C -4.66821 -6.63278 6.20879
C -6.12322 -7.74451 5.13605
C -6.61316 -6.3418 3.56359
C -5.25207 -4.74409 4.14067
O -4.38776 -5.43831 5.28528
H -5.11126 -4.45247 6.92026
H -4.57857 -3.20825 5.36444
H -3.83097 -7.21618 6.65805
H -5.82986 -8.79821 4.97625
H -7.02355 -7.84075 5.78368
H -6.63516 -6.6352 2.49641
H -7.65078 -5.97795 3.74213
H -6.07401 -4.02713 4.41862
O 0.2405 -6.02121 3.0767
C -2.18723 -3.03037 0.72619
C -4.41679 -6.94066 3.75233
C -4.6895 -8.15494 2.72005
C -3.31568 -8.86072 2.6569
C -2.49765 -8.05224 3.67745
O -3.47446 -7.72476 4.54308
H -3.55826 -6.39985 1.63456
H -1.63954 -7.02601 2.23738
H -1.84665 -2.31979 1.50835
H -6.15647 -5.89333 5.30538
H -5.41404 -8.93512 3.00806
H -5.06097 -7.8708 1.71173
H -3.43925 -9.8938 3.05365
H -2.85123 -8.9146 1.64877
H -1.641 -8.61955 4.10001
H -3.13223 -2.66334 0.27198
H -1.41037 -3.08938 -0.06324
H -2.26738 -0.22057 6.43617
H -3.16541 -0.0209 4.88194
H -1.51959 -0.76812 4.89432
H -0.71103 -3.91589 5.94451
H -1.07297 -2.80133 6.37469
H -2.18026 -5.60125 5.24504
H -2.18026 -5.60125 5.24504
$end

$opt
CONSTRAINT
tors           1           2           3           4    -123.158
tors           3           4           5           6     +28.421
tors           4           5           6           7     +47.368
tors           5           6           7           8    +123.158
tors           6           7           8           9    -123.158
tors           7           8           9          10     -66.316
tors           8           9          10          11     +28.421
tors           9          10          11          12     -28.421
tors          11          12          13          14    +161.053
ENDCONSTRAINT
$end

$rem
JOBTYPE                   OPT
METHOD                    B3LYP
DFT_D                     d3_op
BASIS                     STO-3G
GEOM_OPT_MAX_CYCLES       100
GEOM_OPT_TOL_GRADIENT     300
GEOM_OPT_TOL_DISPLACEMENT 1200
GEOM_OPT_TOL_ENERGY       100
SYMMETRY                  False
THRESH                    12
SCF_CONVERGENCE           8
MAX_SUB_FILE_NUM          128
MEM_STATIC                400
MEM_TOTAL                 4000
$end
