$molecule
0  1
O -3.94934 -3.66094 2.70899
C -3.26408 -4.56952 2.26188
C -3.36658 -6.02376 2.66595
C -2.27333 -6.57303 3.59705
C -1.29943 -5.56331 4.16282
O -1.31408 -5.61869 5.52743
C -1.62362 -4.36181 6.13873
C -1.62152 -4.5013 7.6575
O -2.67381 -3.70439 8.22362
C -2.27772 -2.54877 8.81251
C -3.23907 -1.40834 8.57611
C -2.77449 -0.37425 7.5402
C -1.62381 -0.80073 6.65096
O -1.54057 -1.8695 6.06327
O -2.27744 -4.26934 1.37729
O -0.58482 0.07055 6.5655
O -1.16788 -2.37625 9.29972
C 0.55929 -0.15732 5.8297
C -4.606 -1.80538 7.96292
C -5.64925 -0.73339 8.27927
C -5.18206 0.38997 7.37892
C -4.0285 -0.30598 6.65031
O -4.43134 -1.65178 6.57749
H -3.43782 -0.96107 9.57573
H -2.52512 0.61306 7.98931
H -4.97898 -2.79487 8.30604
H -6.62781 -1.10641 7.89993
H -5.751 -0.47024 9.35407
H -6.00202 0.63407 6.66737
H -4.84422 1.31072 7.90204
H -3.82641 0.19447 5.67698
O -0.56588 -4.83113 3.51463
C -2.00322 -2.99661 0.92227
C -4.6209 -6.3216 3.52506
C -5.02862 -7.78166 3.34988
C -3.90046 -8.47442 4.08041
C -3.16263 -7.26117 4.66319
O -4.17009 -6.30222 4.85749
H -3.46779 -6.59848 1.71747
H -1.63941 -7.31043 3.05747
H -1.72616 -2.33783 1.77314
H -5.48727 -5.66389 3.29387
H -5.96802 -7.92129 3.93224
H -5.1963 -8.12042 2.30494
H -4.34038 -9.10646 4.8836
H -3.22532 -9.08429 3.44177
H -2.60408 -7.58422 5.56808
H -2.88819 -2.57925 0.39599
H -1.15211 -3.03975 0.21224
H 1.2393 0.71267 5.93521
H 0.30436 -0.2848 4.75578
H 1.07919 -1.06586 6.20242
H -1.90997 -5.54587 7.9033
H -0.60466 -4.36947 8.09141
H -2.62375 -4.03523 5.767
H -0.7265 -3.77605 5.86863
$end

$opt
CONSTRAINT
tors           1           2           3           4    -104.211
tors           3           4           5           6    +123.158
tors           4           5           6           7    -123.158
tors           5           6           7           8    -180.000
tors           6           7           8           9    -142.105
tors           7           8           9          10    -104.211
tors           8           9          10          11    +142.105
tors           9          10          11          12    -104.211
tors          11          12          13          14     +47.368
ENDCONSTRAINT
$end

$rem
JOBTYPE                   OPT
METHOD                    B3LYP
DFT_D                     d3_op
BASIS                     STO-3G
GEOM_OPT_MAX_CYCLES       100
GEOM_OPT_TOL_GRADIENT     300
GEOM_OPT_TOL_DISPLACEMENT 1200
GEOM_OPT_TOL_ENERGY       100
SYMMETRY                  False
THRESH                    12
SCF_CONVERGENCE           8
MAX_SUB_FILE_NUM          128
MEM_STATIC                400
MEM_TOTAL                 4000
$end
