$molecule
0  1
O -3.94934 -3.66094 2.70899
C -3.26408 -4.56952 2.26188
C -3.36658 -6.02376 2.66595
C -2.57813 -6.46456 3.91009
C -1.91791 -5.36653 4.71416
O -0.7029 -5.79197 5.1704
C 0.37884 -4.94763 4.76272
C -0.10607 -3.93239 3.73302
O -1.03645 -3.02355 4.34235
C -0.94645 -1.73433 3.93129
C -1.94928 -0.82988 4.60728
C -1.8876 0.64241 4.17504
C -1.10702 0.92682 2.90756
O 0.10112 1.10256 2.84354
O -2.49068 -4.31466 1.17324
O -1.81897 1.05151 1.75239
O -0.1224 -1.39152 3.09678
C -1.26556 1.29507 0.51282
C -3.43491 -1.14067 4.43419
C -4.24006 -0.53513 5.58656
C -4.17729 0.93251 5.23629
C -3.40149 0.86491 3.91949
O -3.81976 -0.35101 3.34072
H -1.70671 -0.91894 5.69061
H -1.52396 1.34785 4.95443
H -3.64182 -2.21677 4.41111
H -5.29393 -0.87992 5.4816
H -3.86942 -0.7959 6.6014
H -5.21306 1.29294 5.04614
H -3.6812 1.58272 5.98887
H -3.60428 1.78441 3.32692
O -2.5973 -4.56614 5.34672
C -2.36832 -3.07585 0.57799
C -4.79784 -6.40941 3.0857
C -4.99648 -7.91958 2.95421
C -4.17841 -8.4146 4.12828
C -3.7264 -7.08263 4.73452
O -4.80679 -6.21748 4.47852
H -3.07253 -6.62464 1.77511
H -1.81181 -7.23374 3.65807
H -1.96538 -2.3384 1.30225
H -5.58048 -5.8685 2.50946
H -6.06982 -8.13801 3.15466
H -4.71315 -8.34006 1.96534
H -4.8604 -8.93705 4.83579
H -3.32406 -9.0765 3.86898
H -3.45148 -7.21981 5.80387
H -3.35669 -2.73021 0.20693
H -1.67029 -3.15162 -0.28058
H -2.07569 1.34506 -0.24322
H -0.57046 0.473 0.23775
H -0.72086 2.26321 0.51937
H 0.82837 -3.43005 3.39638
H -0.53705 -4.42063 2.83465
H 1.15112 -5.58699 4.28381
H 0.82794 -4.4463 5.64658
$end

$opt
CONSTRAINT
tors           1           2           3           4     -85.263
tors           3           4           5           6    -142.105
tors           4           5           6           7    +123.158
tors           5           6           7           8      -9.474
tors           6           7           8           9     +66.316
tors           7           8           9          10    +142.105
tors           8           9          10          11    -180.000
tors           9          10          11          12    -180.000
tors          11          12          13          14     -85.263
ENDCONSTRAINT
$end

$rem
JOBTYPE                   OPT
METHOD                    B3LYP
DFT_D                     d3_op
BASIS                     STO-3G
GEOM_OPT_MAX_CYCLES       100
GEOM_OPT_TOL_GRADIENT     300
GEOM_OPT_TOL_DISPLACEMENT 1200
GEOM_OPT_TOL_ENERGY       100
SYMMETRY                  False
THRESH                    12
SCF_CONVERGENCE           8
MAX_SUB_FILE_NUM          128
MEM_STATIC                400
MEM_TOTAL                 4000
$end
