$molecule
0  1
O -3.94934 -3.66094 2.70899
C -3.26408 -4.56952 2.26188
C -3.36658 -6.02376 2.66595
C -2.97353 -6.38153 4.10864
C -2.69204 -5.22192 5.03825
O -1.86302 -4.32631 4.42503
C -0.55241 -4.84784 4.18094
C -0.61832 -5.97778 3.15868
O -1.73584 -5.77734 2.27899
C -2.90968 -5.47486 2.88706
C -3.91073 -4.84032 1.95115
C -5.044 -5.76823 1.48967
C -5.21742 -7.04598 2.2859
O -5.86529 -7.15636 3.31674
O -2.04877 -3.7616 1.53676
O -5.19234 -8.1653 1.48697
O -3.60031 -3.71584 4.54319
C -6.21476 -9.09901 1.41059
C -5.91736 -4.37309 2.41216
C -6.28205 -3.19854 1.47327
C -6.48657 -4.02815 0.2324
C -6.42307 -5.39477 0.91739
O -6.97758 -5.2128 2.10748
H -3.96567 -4.52032 0.46053
H -4.65641 -6.26467 0.53849
H -6.03469 -4.03886 3.47562
H -7.26388 -2.79174 1.8109
H -5.55544 -2.36516 1.37172
H -7.49218 -3.81472 -0.19207
H -5.72245 -3.93629 -0.56562
H -6.9028 -6.21934 0.34211
O -2.87702 -5.16721 6.26303
C -2.00833 -2.396 1.34114
C -4.08907 -7.14706 4.51385
C -4.2355 -8.76253 4.3009
C -2.82676 -9.12583 4.54638
C -2.466 -7.67114 5.00565
O -3.44931 -7.3965 5.76191
H -3.12688 -7.1581 1.79099
H -2.13752 -7.22505 3.79281
H -2.04093 -1.87308 2.31952
H -4.99814 -6.62458 5.05663
H -4.85179 -9.1534 5.14743
H -4.5991 -9.28466 3.41812
H -2.71441 -9.90483 5.33292
H -2.25413 -9.38005 3.62586
H -1.48783 -7.6031 5.59334
H -2.87038 -2.08053 0.71689
H -1.0664 -2.1298 0.81993
H -5.92058 -9.90388 0.70684
H -7.13747 -8.61416 1.02916
H -6.45084 -9.55276 2.39438
H 0.28513 -5.83103 2.52854
H -0.27321 -6.99938 3.45442
H -0.02068 -5.15212 5.10889
H 0.01636 -4.00605 3.72891
$end

$opt
CONSTRAINT
tors           1           2           3           4     -66.316
tors           3           4           5           6     -47.368
tors           4           5           6           7     -66.316
tors           5           6           7           8     +66.316
tors           6           7           8           9     +28.421
tors           7           8           9          10     -47.368
tors           8           9          10          11    +161.053
tors           9          10          11          12    +104.211
tors          11          12          13          14     +85.263
ENDCONSTRAINT
$end

$rem
JOBTYPE                   OPT
METHOD                    B3LYP
DFT_D                     d3_op
BASIS                     STO-3G
GEOM_OPT_MAX_CYCLES       100
GEOM_OPT_TOL_GRADIENT     300
GEOM_OPT_TOL_DISPLACEMENT 1200
GEOM_OPT_TOL_ENERGY       100
SYMMETRY                  False
THRESH                    12
SCF_CONVERGENCE           8
MAX_SUB_FILE_NUM          128
MEM_STATIC                400
MEM_TOTAL                 4000
$end
