$molecule
0  1
O -3.94934 -3.66094 2.70899
C -3.26408 -4.56952 2.26188
C -3.36658 -6.02376 2.66595
C -3.85957 -6.32399 4.09097
C -4.36389 -5.14454 4.89263
O -3.7372 -4.00252 4.48219
C -4.4342 -2.81068 4.86029
C -3.494 -1.61117 4.80249
O -2.7642 -1.62053 3.56549
C -1.63531 -0.86921 3.54878
C -0.37606 -1.69711 3.64631
C 0.74237 -1.0766 4.49623
C 0.32937 0.07092 5.39586
O 0.75428 0.27572 6.52372
O -2.50464 -4.33486 1.15889
O -0.2528 1.13743 4.78886
O -1.64264 0.19986 2.9582
C -0.59658 2.31725 5.41778
C -0.47616 -3.08179 4.33181
C 0.65054 -3.98964 3.83952
C 1.84318 -3.35337 4.51756
C 1.13958 -2.28557 5.36093
O -0.10902 -2.85296 5.66925
H -0.04544 -1.8647 2.59641
H 1.57145 -0.68897 3.86406
H -1.42884 -3.60381 4.16827
H 0.48016 -4.99274 4.29348
H 0.7313 -4.10037 2.73667
H 2.32676 -4.11643 5.1672
H 2.59439 -2.90236 3.83343
H 1.77721 -2.00548 6.22767
O -5.04454 -5.23845 5.90679
C -2.4168 -3.12568 0.50288
C -4.43937 -6.73506 1.82553
C -4.19773 -8.2438 1.83422
C -4.62524 -8.58588 3.24432
C -5.07701 -7.20862 3.73933
O -5.60868 -6.59783 2.59005
H -2.36897 -6.48114 2.47778
H -3.13971 -6.88653 4.72521
H -2.0061 -2.34904 1.17484
H -4.49204 -6.36133 0.77893
H -4.91779 -8.70851 1.12332
H -3.16289 -8.54551 1.56371
H -5.5023 -9.26887 3.18831
H -3.83726 -9.03469 3.88697
H -5.78185 -7.33162 4.59115
H -3.41866 -2.81547 0.13686
H -1.73628 -3.23356 -0.36625
H -1.06045 3.00118 4.678
H 0.30714 2.80687 5.83936
H -1.32977 2.11677 6.22824
H -4.02701 -0.64865 4.95971
H -2.77066 -1.75207 5.63897
H -4.79564 -2.84774 5.91359
H -5.33503 -2.64633 4.22454
$end

$opt
CONSTRAINT
tors           1           2           3           4     -28.421
tors           3           4           5           6     -28.421
tors           4           5           6           7    +161.053
tors           5           6           7           8    +161.053
tors           6           7           8           9     +47.368
tors           7           8           9          10    -161.053
tors           8           9          10          11    +104.211
tors           9          10          11          12    -142.105
tors          11          12          13          14    +142.105
ENDCONSTRAINT
$end

$rem
JOBTYPE                   OPT
METHOD                    B3LYP
DFT_D                     d3_op
BASIS                     STO-3G
GEOM_OPT_MAX_CYCLES       100
GEOM_OPT_TOL_GRADIENT     300
GEOM_OPT_TOL_DISPLACEMENT 1200
GEOM_OPT_TOL_ENERGY       100
SYMMETRY                  False
THRESH                    12
SCF_CONVERGENCE           8
MAX_SUB_FILE_NUM          128
MEM_STATIC                400
MEM_TOTAL                 4000
$end
