$molecule
0  1
O -3.94934 -3.66094 2.70899
C -3.26408 -4.56952 2.26188
C -3.36658 -6.02376 2.66595
C -4.73745 -6.52338 3.15068
C -5.89497 -5.55994 3.00924
O -6.91778 -5.93966 3.83088
C -7.03046 -5.12552 5.00294
C -6.96744 -3.64915 4.62546
O -8.28149 -3.07237 4.68455
C -9.03363 -3.21928 3.56569
C -9.77571 -4.5339 3.52401
C -10.12554 -5.12361 4.89811
C -10.01197 -4.17345 6.07327
O -10.24716 -4.45665 7.23905
O -2.19234 -4.2412 1.49186
O -10.38122 -2.88261 5.79376
O -9.44672 -2.23051 2.97918
C -10.50288 -1.83316 6.68905
C -11.17567 -4.45528 2.87578
C -11.59763 -5.84065 2.38636
C -11.87041 -6.5329 3.70427
C -11.63517 -5.37248 4.67751
O -12.04648 -4.23781 3.95478
H -9.1519 -5.2202 2.91312
H -9.64272 -6.09435 5.13104
H -11.23956 -3.72727 2.03829
H -12.56227 -5.72144 1.84265
H -10.86443 -6.35012 1.72467
H -12.93998 -6.83969 3.7238
H -11.22096 -7.40675 3.92767
H -12.17698 -5.56 5.63133
O -6.14763 -5.02301 1.93881
C -1.89484 -2.96052 1.07488
C -3.18737 -6.96023 1.44181
C -2.74297 -8.3481 1.90436
C -4.02549 -8.86367 2.51876
C -4.97011 -7.70333 2.19303
O -4.48978 -7.20178 0.97263
H -2.52977 -6.22506 3.37134
H -4.68974 -6.85069 4.21373
H -1.72279 -2.30121 1.95233
H -2.46664 -6.57976 0.68608
H -2.52626 -8.94609 0.98998
H -1.85393 -8.36473 2.57076
H -4.33484 -9.78147 1.97079
H -3.98151 -9.06903 3.61031
H -6.02725 -8.0506 2.19681
H -2.72672 -2.55703 0.45864
H -0.97263 -2.98365 0.45888
H -9.83602 -1.0069 6.36731
H -10.22331 -2.11699 7.72596
H -11.55061 -1.46877 6.68371
H -6.45361 -3.17175 5.4884
H -6.37198 -3.29248 3.7614
H -6.08207 -5.31871 5.55693
H -7.76238 -5.43688 5.75546
$end

$opt
CONSTRAINT
tors           1           2           3           4     +28.421
tors           3           4           5           6    -161.053
tors           4           5           6           7    +104.211
tors           5           6           7           8     +47.368
tors           6           7           8           9    +104.211
tors           7           8           9          10     -85.263
tors           8           9          10          11     +85.263
tors           9          10          11          12     +28.421
tors          11          12          13          14    -180.000
ENDCONSTRAINT
$end

$rem
JOBTYPE                   OPT
METHOD                    B3LYP
DFT_D                     d3_op
BASIS                     STO-3G
GEOM_OPT_MAX_CYCLES       100
GEOM_OPT_TOL_GRADIENT     300
GEOM_OPT_TOL_DISPLACEMENT 1200
GEOM_OPT_TOL_ENERGY       100
SYMMETRY                  False
THRESH                    12
SCF_CONVERGENCE           8
MAX_SUB_FILE_NUM          128
MEM_STATIC                400
MEM_TOTAL                 4000
$end
