$molecule
0  1
O -3.94934 -3.66094 2.70899
C -3.26408 -4.56952 2.26188
C -3.36658 -6.02376 2.66595
C -4.77372 -6.64113 2.71769
C -5.90468 -5.78727 2.1886
O -5.55781 -5.255 0.97956
C -6.02339 -3.91319 0.80057
C -6.47206 -3.70047 -0.64151
O -5.73803 -4.57184 -1.51603
C -6.04993 -4.47473 -2.83225
C -7.23379 -5.32802 -3.22088
C -7.91166 -4.93207 -4.54072
C -7.11867 -4.00345 -5.43824
O -7.49962 -2.91585 -5.84636
O -2.37956 -4.27374 1.27033
O -5.91131 -4.45984 -5.87789
O -5.59244 -3.53384 -3.46031
C -5.07916 -3.76987 -6.73465
C -6.88875 -6.80176 -3.50855
C -8.13243 -7.6659 -3.30148
C -8.97945 -7.23328 -4.48471
C -7.98835 -6.31555 -5.21238
O -6.72842 -6.86695 -4.90491
H -7.97593 -5.29438 -2.39494
H -8.90549 -4.46015 -4.37357
H -6.04179 -7.18257 -2.89701
H -7.81706 -8.72267 -3.45759
H -8.62436 -7.5771 -2.30898
H -9.2144 -8.1334 -5.09481
H -9.91452 -6.69051 -4.2263
H -8.23825 -6.24008 -6.29378
O -6.90033 -5.48777 2.83517
C -2.1072 -3.00438 0.80298
C -2.66151 -7.00983 1.7101
C -2.36247 -8.32546 2.4333
C -3.74642 -8.93533 2.4967
C -4.56154 -7.85298 1.7879
O -3.67518 -7.37012 0.8052
H -2.90148 -6.06667 3.67585
H -5.06312 -6.97406 3.73995
H -1.71726 -2.37014 1.62738
H -1.7224 -6.61384 1.26809
H -1.73035 -8.95759 1.76958
H -1.85484 -8.19303 3.41301
H -3.75353 -9.85701 1.87245
H -4.11844 -9.17074 3.51715
H -5.52089 -8.27566 1.41516
H -3.01682 -2.5405 0.37115
H -1.33628 -3.06938 0.00814
H -4.16798 -4.37428 -6.92119
H -4.77967 -2.80137 -6.28024
H -5.59276 -3.58839 -7.70289
H -7.54108 -3.99623 -0.67669
H -6.40147 -2.62809 -0.93447
H -5.1369 -3.26402 0.82455
H -6.74281 -3.50241 1.54466
$end

$opt
CONSTRAINT
tors           1           2           3           4     +47.368
tors           3           4           5           6     +47.368
tors           4           5           6           7    -142.105
tors           5           6           7           8    -142.105
tors           6           7           8           9     -28.421
tors           7           8           9          10    -180.000
tors           8           9          10          11     -85.263
tors           9          10          11          12    +161.053
tors          11          12          13          14    -123.158
ENDCONSTRAINT
$end

$rem
JOBTYPE                   OPT
METHOD                    B3LYP
DFT_D                     d3_op
BASIS                     STO-3G
GEOM_OPT_MAX_CYCLES       100
GEOM_OPT_TOL_GRADIENT     300
GEOM_OPT_TOL_DISPLACEMENT 1200
GEOM_OPT_TOL_ENERGY       100
SYMMETRY                  False
THRESH                    12
SCF_CONVERGENCE           8
MAX_SUB_FILE_NUM          128
MEM_STATIC                400
MEM_TOTAL                 4000
$end
