$molecule
0  1
O -3.94934 -3.66094 2.70899
C -3.26408 -4.56952 2.26188
C -3.36658 -6.02376 2.66595
C -4.66266 -6.76517 2.29943
C -5.63801 -6.02118 1.41441
O -6.44257 -5.22426 2.17796
C -7.39654 -4.48481 1.40827
C -8.78134 -5.10848 1.54786
O -9.43113 -4.59944 2.72324
C -9.05908 -3.35119 3.10086
C -9.04444 -2.36926 1.95358
C -10.42144 -2.06123 1.34756
C -11.61769 -2.48104 2.17789
O -12.51112 -1.73899 2.55959
O -2.32599 -4.25259 1.32826
O -11.80687 -3.81659 2.33657
O -8.90588 -3.04811 4.27406
C -12.87378 -4.38512 3.00096
C -8.64123 -0.93181 2.40692
C -8.06057 -0.1423 1.23187
C -9.30026 0.02121 0.37303
C -10.37008 -0.51764 1.33504
O -9.85415 -0.25106 2.61401
H -8.50885 -2.50404 1.00551
H -10.57167 -2.51478 0.34036
H -7.92639 -0.91297 3.25826
H -7.77034 0.85402 1.63745
H -7.184 -0.59137 0.71696
H -9.43615 1.10431 0.15938
H -9.30283 -0.56225 -0.57331
H -11.35761 -0.06168 1.10272
O -5.82271 -6.29214 0.2316
C -2.10683 -2.98118 0.84032
C -2.32117 -6.92823 1.97315
C -2.10535 -8.20622 2.78462
C -3.38699 -8.94741 2.48447
C -4.05875 -7.9612 1.52593
O -2.98284 -7.3903 0.82454
H -3.17827 -6.03883 3.7625
H -5.22835 -7.14833 3.17881
H -1.81084 -2.29968 1.66628
H -1.33891 -6.43384 1.81092
H -1.25884 -8.7662 2.32639
H -1.89465 -8.03497 3.86225
H -3.13195 -9.88166 1.93558
H -4.01676 -9.18989 3.36751
H -4.81227 -8.50072 0.91052
H -3.02552 -2.59761 0.34692
H -1.28746 -3.01465 0.09337
H -12.7685 -5.48914 2.97882
H -13.82774 -4.10658 2.50436
H -12.88743 -4.04808 4.05951
H -9.40493 -4.78438 0.68543
H -8.75788 -6.21844 1.52419
H -7.20263 -4.52932 0.31275
H -7.00606 -3.48015 1.62554
$end

$opt
CONSTRAINT
tors           1           2           3           4     +66.316
tors           3           4           5           6     -85.263
tors           4           5           6           7    -180.000
tors           5           6           7           8    +104.211
tors           6           7           8           9     +85.263
tors           7           8           9          10     +28.421
tors           8           9          10          11     +47.368
tors           9          10          11          12     +66.316
tors          11          12          13          14    +123.158
ENDCONSTRAINT
$end

$rem
JOBTYPE                   OPT
METHOD                    B3LYP
DFT_D                     d3_op
BASIS                     STO-3G
GEOM_OPT_MAX_CYCLES       100
GEOM_OPT_TOL_GRADIENT     300
GEOM_OPT_TOL_DISPLACEMENT 1200
GEOM_OPT_TOL_ENERGY       100
SYMMETRY                  False
THRESH                    12
SCF_CONVERGENCE           8
MAX_SUB_FILE_NUM          128
MEM_STATIC                400
MEM_TOTAL                 4000
$end
