$molecule
0  1
O -3.94934 -3.66094 2.70899
C -3.26408 -4.56952 2.26188
C -3.36658 -6.02376 2.66595
C -4.41631 -6.88207 1.94122
C -5.12384 -6.23632 0.77054
O -4.23523 -6.01139 -0.24198
C -4.05286 -7.1473 -1.09387
C -3.83299 -8.40269 -0.25614
O -3.65354 -8.0453 1.12333
C -4.7397 -7.50853 1.73268
C -4.38647 -6.39907 2.69444
C -4.0061 -6.86415 4.10769
C -3.68934 -8.33881 4.25516
O -4.48859 -9.25304 4.11396
O -2.98485 -4.18797 0.95676
O -2.62301 -8.6381 5.04888
O -5.71253 -8.56344 1.78144
C -2.27135 -9.90604 5.46613
C -5.51784 -5.20596 3.87998
C -6.54675 -5.85985 4.92344
C -5.60927 -6.25087 6.07243
C -4.27809 -5.95627 5.37219
O -4.56789 -4.73 4.81792
H -5.33348 -5.31454 2.7506
H -4.98814 -7.31824 4.20461
H -6.21267 -4.18544 3.76718
H -7.27863 -5.13441 5.34981
H -7.13557 -6.70565 4.51302
H -5.70899 -5.52872 6.91456
H -5.72957 -7.29221 6.44165
H -3.40651 -5.93005 6.05959
O -6.2967 -5.84473 0.63966
C -3.01261 -2.91143 0.41979
C -1.75031 -6.07676 1.83419
C -0.62629 -5.86921 2.83601
C -1.07069 -7.04866 3.5858
C -2.17304 -7.54667 2.5119
O -1.50956 -7.29939 1.40789
H -2.75403 -5.28569 3.51848
H -6.30626 -6.82442 2.57527
H -2.29873 -2.25698 0.96362
H -1.40801 -5.51013 0.93608
H 0.35902 -6.03326 2.33767
H -0.62991 -4.90466 3.38989
H -0.21394 -7.75628 3.66601
H -1.41743 -6.76921 4.6007
H -2.09564 -8.67046 2.59035
H -4.03797 -2.48739 0.47712
H -2.7125 -2.96211 -0.64672
H -1.35701 -9.84144 6.09067
H -2.0605 -10.55158 4.58701
H -3.08788 -10.35058 6.07433
H -4.6984 -9.09358 -0.3639
H -2.94253 -8.95055 -0.63052
H -3.15311 -6.94476 -1.71271
H -4.91742 -7.28468 -1.7796
$end

$opt
CONSTRAINT
tors           1           2           3           4     +85.263
tors           3           4           5           6     +66.316
tors           4           5           6           7     +85.263
tors           5           6           7           8     -47.368
tors           6           7           8           9      -9.474
tors           7           8           9          10     +66.316
tors           8           9          10          11    -142.105
tors           9          10          11          12     -85.263
tors          11          12          13          14     -66.316
ENDCONSTRAINT
$end

$rem
JOBTYPE                   OPT
METHOD                    B3LYP
DFT_D                     d3_op
BASIS                     STO-3G
GEOM_OPT_MAX_CYCLES       100
GEOM_OPT_TOL_GRADIENT     300
GEOM_OPT_TOL_DISPLACEMENT 1200
GEOM_OPT_TOL_ENERGY       100
SYMMETRY                  False
THRESH                    12
SCF_CONVERGENCE           8
MAX_SUB_FILE_NUM          128
MEM_STATIC                400
MEM_TOTAL                 4000
$end
