$molecule
0  1
O -3.94934 -3.66094 2.70899
C -3.26408 -4.56952 2.26188
C -3.36658 -6.02376 2.66595
C -4.06137 -6.97914 1.68189
C -4.41791 -6.40938 0.32677
O -4.62628 -7.42435 -0.56308
C -3.53937 -7.60379 -1.47724
C -2.23107 -7.15829 -0.83226
O -2.40425 -5.87561 -0.20966
C -1.56055 -4.90256 -0.63451
C -1.46444 -3.74467 0.33023
C -0.91195 -2.44452 -0.27196
C -0.87677 -2.3801 -1.78567
O -1.65476 -1.74917 -2.48654
O -1.97809 -4.32542 2.65051
O 0.20745 -2.94199 -2.38571
O -0.68189 -5.11278 -1.45926
C 0.43015 -2.94734 -3.7471
C -2.81399 -2.70966 0.55488
C -2.74018 -1.7192 1.81012
C -1.68675 -0.78597 1.4282
C -1.67097 -1.16675 -0.00614
O -2.90254 -1.66791 -0.36171
H -0.65699 -3.94382 1.06262
H 0.14966 -2.27822 0.03447
H -3.7736 -3.24635 0.42745
H -3.71494 -1.16852 1.7795
H -2.62191 -1.91517 2.88245
H -2.02686 0.25452 1.63105
H -0.68594 -0.97206 1.87738
H -1.30919 -0.28529 -0.59177
O -5.08714 -5.39077 0.23391
C -1.49013 -3.87665 3.88156
C -2.18064 -6.91802 3.14873
C -2.68261 -7.96768 4.14441
C -3.43901 -8.89899 3.22046
C -3.17197 -8.23215 1.8653
O -1.87472 -7.70417 2.03609
H -4.04698 -5.93581 3.5457
H -5.07273 -7.24967 2.06516
H -0.861 -2.97218 3.75021
H -1.32099 -6.39615 3.60923
H -1.79623 -8.51291 4.5418
H -3.2681 -7.55981 4.99633
H -2.94286 -9.89518 3.24846
H -4.52097 -9.01846 3.44363
H -3.32205 -8.98833 1.0657
H -2.30591 -3.6879 4.61112
H -2.30591 -3.6879 4.61112
H 1.38228 -3.476 -3.9577
H 0.50554 -1.90666 -4.12822
H -0.39592 -3.47936 -4.26605
H -1.83933 -7.91846 -0.16429
H -1.47658 -7.19656 -1.64701
H -3.73646 -6.95313 -2.3572
H -3.48172 -8.6562 -1.82677
$end

$opt
CONSTRAINT
tors           1           2           3           4    +104.211
tors           3           4           5           6    +161.053
tors           4           5           6           7    -104.211
tors           5           6           7           8     +28.421
tors           6           7           8           9     -47.368
tors           7           8           9          10    -123.158
tors           8           9          10          11    -161.053
tors           9          10          11          12    -161.053
tors          11          12          13          14    +104.211
ENDCONSTRAINT
$end

$rem
JOBTYPE                   OPT
METHOD                    B3LYP
DFT_D                     d3_op
BASIS                     STO-3G
GEOM_OPT_MAX_CYCLES       100
GEOM_OPT_TOL_GRADIENT     300
GEOM_OPT_TOL_DISPLACEMENT 1200
GEOM_OPT_TOL_ENERGY       100
SYMMETRY                  False
THRESH                    12
SCF_CONVERGENCE           8
MAX_SUB_FILE_NUM          128
MEM_STATIC                400
MEM_TOTAL                 4000
$end
