$molecule
0  1
O -3.94934 -3.66094 2.70899
C -3.26408 -4.56952 2.26188
C -3.36658 -6.02376 2.66595
C -3.63629 -7.04588 1.54953
C -3.59671 -6.52161 0.1312
O -4.8678 -6.39416 -0.35202
C -5.04403 -5.23592 -1.17461
C -6.52581 -4.8936 -1.28989
O -6.68157 -3.5318 -1.71898
C -7.4055 -3.35671 -2.8523
C -6.64542 -2.61741 -3.92764
C -6.52177 -3.36505 -5.26332
C -7.45324 -4.54611 -5.44817
O -7.90235 -5.24214 -4.54906
O -2.26759 -4.24411 1.39654
O -7.62989 -4.97066 -6.72863
O -8.61097 -3.56894 -2.88144
C -8.384 -6.06751 -7.09029
C -7.33267 -1.31206 -4.35897
C -6.30276 -0.36805 -4.97509
C -6.0108 -1.08482 -6.27627
C -7.02611 -2.23189 -6.19236
O -8.10307 -1.68372 -5.47182
H -5.63322 -2.3785 -3.52561
H -5.49181 -3.68722 -5.53129
H -7.87622 -0.80726 -3.53037
H -6.83123 0.58533 -5.20362
H -5.4144 -0.15184 -4.34339
H -6.25965 -0.39819 -7.11586
H -4.97253 -1.46541 -6.38881
H -7.26655 -2.58552 -7.2185
O -2.6029 -6.06315 -0.4201
C -2.01139 -2.96708 0.94253
C -2.03333 -6.56515 3.21626
C -2.28779 -7.78818 4.09736
C -2.64542 -8.82248 3.0494
C -2.45233 -8.00258 1.76972
O -1.3988 -7.12607 2.09192
H -4.14706 -6.07664 3.45871
H -4.61486 -7.55578 1.70655
H -1.76409 -2.2996 1.79543
H -1.45314 -5.79948 3.77691
H -1.31651 -8.0758 4.55983
H -3.04561 -7.63783 4.8961
H -1.89238 -9.64075 3.09232
H -3.66973 -9.24654 3.12905
H -2.28382 -8.67411 0.89886
H -2.89481 -2.57062 0.39785
H -1.14699 -2.99526 0.24802
H -8.358 -6.1789 -8.19364
H -9.43852 -5.92824 -6.7693
H -7.96852 -6.98824 -6.62783
H -7.0413 -5.64059 -1.93633
H -6.97456 -4.95558 -0.27506
H -4.56242 -5.34722 -2.17078
H -4.58715 -4.36211 -0.65174
$end

$opt
CONSTRAINT
tors           1           2           3           4    +123.158
tors           3           4           5           6    -104.211
tors           4           5           6           7    +142.105
tors           5           6           7           8    -161.053
tors           6           7           8           9    +161.053
tors           7           8           9          10    +123.158
tors           8           9          10          11    -123.158
tors           9          10          11          12    +123.158
tors          11          12          13          14     -28.421
ENDCONSTRAINT
$end

$rem
JOBTYPE                   OPT
METHOD                    B3LYP
DFT_D                     d3_op
BASIS                     STO-3G
GEOM_OPT_MAX_CYCLES       100
GEOM_OPT_TOL_GRADIENT     300
GEOM_OPT_TOL_DISPLACEMENT 1200
GEOM_OPT_TOL_ENERGY       100
SYMMETRY                  False
THRESH                    12
SCF_CONVERGENCE           8
MAX_SUB_FILE_NUM          128
MEM_STATIC                400
MEM_TOTAL                 4000
$end
