$molecule
0  1
O -3.94934 -3.66094 2.70899
C -3.26408 -4.56952 2.26188
C -3.36658 -6.02376 2.66595
C -3.18715 -7.07505 1.5585
C -2.74922 -6.56083 0.20502
O -2.79973 -5.19606 0.18862
C -3.78507 -4.6583 1.07697
C -5.00042 -4.18246 0.2879
O -6.20278 -4.47693 1.01626
C -6.56822 -3.55095 1.93721
C -5.50768 -2.50106 2.16882
C -4.90565 -1.89641 0.89201
C -5.67687 -2.15182 -0.38733
O -5.18014 -2.37582 -1.4817
O -1.87007 -4.2221 2.32582
O -7.03707 -2.03898 -0.34266
O -7.66752 -3.57237 2.47021
C -7.87638 -2.22333 -1.42137
C -6.2228 -1.14196 2.64359
C -5.24144 -0.21823 3.39712
C -4.36373 0.21227 2.25394
C -5.15979 -0.38217 1.08653
O -6.48185 -0.36714 1.51481
H -5.44332 -2.53648 3.31078
H -3.80646 -1.90319 0.77827
H -7.13419 -1.28511 3.27799
H -5.83753 0.65924 3.73964
H -4.70263 -0.64299 4.27157
H -4.34838 1.32438 2.22466
H -3.3263 -0.17936 2.2715
H -4.95563 0.20359 0.15986
O -2.34691 -7.23662 -0.72857
C -1.32578 -2.95322 2.39881
C -2.25381 -6.48132 3.64534
C -2.68455 -7.73767 4.40441
C -2.5591 -8.77793 3.31488
C -2.0422 -7.91266 2.16341
O -1.23551 -6.95633 2.80238
H -4.33009 -6.13725 3.21962
H -4.08564 -7.71245 1.39321
H -0.72144 -2.87032 3.32503
H -1.96416 -5.69005 4.37167
H -1.91705 -7.94865 5.18308
H -3.68507 -7.66557 4.8825
H -1.7714 -9.50574 3.61293
H -3.49597 -9.31983 3.06215
H -1.53237 -8.55327 1.41035
H -2.09768 -2.16099 2.41009
H -0.6664 -2.79088 1.52147
H -8.92561 -2.07244 -1.09491
H -7.76874 -3.25651 -1.81545
H -7.64026 -1.48842 -2.22022
H -5.10663 -4.61312 -0.76891
H -5.10663 -4.61312 -0.76891
H -3.47943 -3.77067 0.32342
H -4.57348 -5.55559 0.87364
$end

$opt
CONSTRAINT
tors           1           2           3           4    +142.105
tors           3           4           5           6      -9.474
tors           4           5           6           7     -28.421
tors           5           6           7           8    -104.211
tors           6           7           8           9    +142.105
tors           7           8           9          10     +85.263
tors           8           9          10          11      -9.474
tors           9          10          11          12     +47.368
tors          11          12          13          14    -142.105
ENDCONSTRAINT
$end

$rem
JOBTYPE                   OPT
METHOD                    B3LYP
DFT_D                     d3_op
BASIS                     STO-3G
GEOM_OPT_MAX_CYCLES       100
GEOM_OPT_TOL_GRADIENT     300
GEOM_OPT_TOL_DISPLACEMENT 1200
GEOM_OPT_TOL_ENERGY       100
SYMMETRY                  False
THRESH                    12
SCF_CONVERGENCE           8
MAX_SUB_FILE_NUM          128
MEM_STATIC                400
MEM_TOTAL                 4000
$end
