$molecule
0  1
O -3.94934 -3.66094 2.70899
C -3.26408 -4.56952 2.26188
C -3.36658 -6.02376 2.66595
C -2.76261 -7.06348 1.7078
C -1.9673 -6.5228 0.54022
O -0.67699 -6.29287 0.92447
C 0.03527 -7.49087 1.2512
C -0.56231 -8.13412 2.4983
O -0.9645 -9.48219 2.20878
C -0.04954 -10.23465 1.54863
C 0.31204 -11.50213 2.28579
C 0.5298 -12.7314 1.3915
C 0.70789 -12.44979 -0.0869
O 1.1714 -11.42319 -0.5621
O -2.12741 -4.17066 1.63163
O 0.18184 -13.37644 -0.93014
O 0.93885 -9.76453 1.00665
C 0.2049 -13.27771 -2.30561
C 1.66103 -11.4416 3.03635
C 1.68729 -12.49047 4.14733
C 1.80095 -13.76045 3.33061
C 1.91151 -13.17159 1.9199
O 2.5881 -11.95348 2.11427
H -0.49257 -11.6926 3.03322
H -0.22216 -13.54177 1.52009
H 1.88366 -10.4342 3.45131
H 2.63457 -12.34733 4.7151
H 0.82824 -12.45346 4.85128
H 2.74862 -14.27254 3.60996
H 0.94629 -14.46508 3.42266
H 2.40919 -13.89824 1.23926
O -2.45632 -5.86231 -0.37315
C -1.82212 -2.86932 1.28598
C -3.82107 -6.82746 3.91197
C -5.23802 -7.37179 3.7304
C -4.98475 -8.33665 2.56456
C -3.41983 -8.31107 2.46737
O -3.09955 -8.03695 3.81116
H -4.36145 -5.90443 2.17102
H -3.51662 -7.29689 0.92121
H -1.76751 -2.2321 2.19421
H -3.65281 -6.27881 4.86236
H -5.47658 -7.95447 4.64928
H -6.0373 -6.61933 3.55645
H -5.35819 -9.33773 2.87525
H -5.46846 -8.05294 1.60524
H -3.14469 -9.29886 2.06049
H -2.59093 -2.46993 0.59043
H -0.8366 -2.85092 0.77724
H -0.28924 -14.16946 -2.74274
H 1.25441 -13.23658 -2.66807
H -0.34212 -12.36818 -2.63398
H 0.33757 -8.28941 3.13882
H -1.00941 -7.50906 3.28384
H 1.08836 -7.18514 1.44456
H -0.02657 -8.03389 0.28342
$end

$opt
CONSTRAINT
tors           1           2           3           4    +161.053
tors           3           4           5           6     +85.263
tors           4           5           6           7     +66.316
tors           5           6           7           8     -66.316
tors           6           7           8           9    +123.158
tors           7           8           9          10     +47.368
tors           8           9          10          11    +123.158
tors           9          10          11          12    +142.105
tors          11          12          13          14     +28.421
ENDCONSTRAINT
$end

$rem
JOBTYPE                   OPT
METHOD                    B3LYP
DFT_D                     d3_op
BASIS                     STO-3G
GEOM_OPT_MAX_CYCLES       100
GEOM_OPT_TOL_GRADIENT     300
GEOM_OPT_TOL_DISPLACEMENT 1200
GEOM_OPT_TOL_ENERGY       100
SYMMETRY                  False
THRESH                    12
SCF_CONVERGENCE           8
MAX_SUB_FILE_NUM          128
MEM_STATIC                400
MEM_TOTAL                 4000
$end
