$molecule
0  1
O -3.94934 -3.66094 2.70899
C -3.26408 -4.56952 2.26188
C -3.36658 -6.02376 2.66595
C -2.40867 -7.01244 1.98128
C -1.33566 -6.41165 1.10049
O -0.17315 -7.11483 1.2402
C -0.38357 -8.48722 1.58879
C 0.63011 -9.37301 0.87188
O 0.41446 -10.74836 1.22513
C 0.95786 -11.65949 0.38031
C 2.46783 -11.63389 0.37946
C 3.09313 -10.34868 -0.18223
C 2.15749 -9.16463 -0.3212
O 1.63104 -8.56474 0.60484
O -2.42674 -4.19509 1.29875
O 1.94617 -8.74682 -1.59498
O 0.2916 -12.52738 -0.16105
C 1.16059 -7.66113 -1.91779
C 3.19052 -11.71949 1.74899
C 4.60487 -12.2655 1.53727
C 5.28127 -11.07791 0.86989
C 4.13865 -10.05697 0.91459
O 3.46837 -10.3731 2.09667
H 2.77522 -12.51515 -0.22906
H 3.55021 -10.53555 -1.18025
H 2.63403 -12.30646 2.50362
H 5.06693 -12.42613 2.53792
H 4.6496 -13.21477 0.95705
H 6.11302 -10.72939 1.52239
H 5.65072 -11.2614 -0.159
H 4.52762 -9.01057 0.85188
O -1.51674 -5.86759 0.02015
C -2.23863 -2.94972 0.76843
C -3.14812 -6.19066 4.18145
C -3.71804 -7.53536 4.69146
C -2.80703 -8.50665 4.02073
C -1.86952 -7.47703 3.42799
O -1.83688 -6.35673 4.2466
H -4.42727 -6.29988 2.46852
H -3.01119 -7.74062 1.39128
H -1.85485 -2.30328 1.57538
H -3.43875 -5.3333 4.82302
H -3.50883 -7.62887 5.78033
H -4.77675 -7.67961 4.44058
H -2.25103 -9.14882 4.74762
H -3.26905 -9.1905 3.2545
H -0.92564 -7.77643 3.76112
H -3.19102 -2.59374 0.3268
H -1.47661 -3.05886 -0.02986
H 1.07083 -7.59529 -3.01767
H 1.62423 -6.74523 -1.50214
H 0.14498 -7.79166 -1.4977
H -0.06362 -9.50569 -0.10662
H 1.21816 -9.90688 1.89951
H -1.35775 -8.96877 1.33102
H -0.03056 -8.75366 2.56348
$end

$opt
CONSTRAINT
tors           1           2           3           4    -180.000
tors           3           4           5           6    +142.105
tors           4           5           6           7     +28.421
tors           5           6           7           8    +142.105
tors           6           7           8           9    -180.000
tors           7           8           9          10    +161.053
tors           8           9          10          11     +66.316
tors           9          10          11          12     -66.316
tors          11          12          13          14     +66.316
ENDCONSTRAINT
$end

$rem
JOBTYPE                   OPT
METHOD                    B3LYP
DFT_D                     d3_op
BASIS                     STO-3G
GEOM_OPT_MAX_CYCLES       100
GEOM_OPT_TOL_GRADIENT     300
GEOM_OPT_TOL_DISPLACEMENT 1200
GEOM_OPT_TOL_ENERGY       100
SYMMETRY                  False
THRESH                    12
SCF_CONVERGENCE           8
MAX_SUB_FILE_NUM          128
MEM_STATIC                400
MEM_TOTAL                 4000
$end
