$molecule
0  1
O -3.94934 -3.66094 2.70899
C -3.26408 -4.56952 2.26188
C -3.36658 -6.02376 2.66595
C -2.42323 -7.01568 1.96593
C -1.36108 -6.41841 1.06971
O -1.45995 -6.94965 -0.18465
C -0.52648 -6.38403 -1.11092
C -1.10996 -5.12402 -1.74185
O -0.061 -4.34362 -2.33645
C 0.67047 -4.97742 -3.28639
C 0.89813 -4.13069 -4.51598
C 2.08441 -4.56388 -5.38969
C 2.63336 -5.95016 -5.11843
O 3.2649 -6.63059 -5.91388
O -2.37831 -4.13603 1.32805
O 2.98325 -6.16173 -3.81538
O 0.53772 -6.17245 -3.50648
C 3.62674 -7.27251 -3.29788
C -0.25592 -4.19688 -5.53474
C -0.24068 -2.94302 -6.4064
C 1.0046 -3.19081 -7.23367
C 1.37442 -4.60177 -6.75885
O 0.13661 -5.19352 -6.4451
H 1.01937 -3.07829 -4.1701
H 2.93879 -3.85258 -5.358
H -1.25306 -4.32936 -5.06055
H -1.12982 -3.00398 -7.0744
H -0.26131 -1.97637 -5.85866
H 0.71527 -3.19575 -8.30804
H 1.83836 -2.47525 -7.06492
H 1.97598 -5.11997 -7.5377
O -0.44337 -5.70543 1.4686
C -2.15841 -2.80132 1.01566
C -2.95426 -6.23735 4.13346
C -3.56727 -7.53303 4.66464
C -2.72109 -8.56256 3.94405
C -1.74656 -7.64861 3.1946
O -1.58459 -6.55217 4.06276
H -4.4328 -6.3074 2.51818
H -3.00255 -7.77129 1.38612
H -1.84828 -2.24417 1.9257
H -3.22812 -5.3842 4.79232
H -3.34174 -7.59079 5.75357
H -4.66384 -7.62511 4.50973
H -2.16934 -9.15838 4.70506
H -3.27593 -9.24211 3.26164
H -0.82043 -8.20447 2.92771
H -3.08077 -2.34768 0.59407
H -1.33962 -2.70699 0.27596
H 2.99008 -7.72204 -2.50808
H 4.58889 -6.95799 -2.84414
H 3.82732 -8.05036 -4.06497
H -1.90845 -5.38214 -2.47151
H -1.56544 -4.49879 -0.96843
H -0.32866 -7.20801 -1.81559
H 0.45489 -6.16886 -0.62818
$end

$opt
CONSTRAINT
tors           1           2           3           4    +179.103
tors           3           4           5           6    -124.201
tors           4           5           6           7    +177.134
tors           5           6           7           8     -86.726
tors           6           7           8           9    +162.424
tors           7           8           9          10     +58.049
tors           8           9          10          11    +134.643
tors           9          10          11          12    +159.602
tors          11          12          13          14    +156.702
ENDCONSTRAINT
$end

$rem
JOBTYPE                   OPT
METHOD                    B3LYP
DFT_D                     d3_op
BASIS                     STO-3G
GEOM_OPT_MAX_CYCLES       100
GEOM_OPT_TOL_GRADIENT     300
GEOM_OPT_TOL_DISPLACEMENT 1200
GEOM_OPT_TOL_ENERGY       100
SYMMETRY                  False
THRESH                    12
SCF_CONVERGENCE           8
MAX_SUB_FILE_NUM          128
MEM_STATIC                400
MEM_TOTAL                 4000
$end
