$molecule
0  1
O -3.94934 -3.66094 2.70899
C -3.26408 -4.56952 2.26188
C -3.36658 -6.02376 2.66595
C -3.29396 -7.07174 1.54331
C -2.94899 -6.55846 0.16286
O -1.59416 -6.44 0.03703
C -1.13608 -6.61498 -1.30788
C 0.08665 -7.52627 -1.33233
O -0.24913 -8.77936 -1.94869
C 0.79057 -9.62575 -2.15313
C 0.50421 -11.03305 -1.68608
C 0.72871 -12.12418 -2.74311
C 1.52813 -11.70904 -3.96184
O 2.32054 -12.41816 -4.565
O -2.19887 -4.23034 1.48783
O 1.04778 -10.62776 -4.63523
O 1.91516 -9.24132 -2.45164
C 1.5445 -10.16361 -5.83591
C 1.44473 -11.51662 -0.5659
C 0.7603 -12.62428 0.23218
C 0.76155 -13.7468 -0.78661
C 1.58415 -13.09944 -1.90884
O 2.45846 -12.22578 -1.2352
H -0.5434 -11.06103 -1.30459
H -0.22622 -12.55864 -3.11203
H 1.77971 -10.69995 0.11057
H 1.45321 -12.8946 1.06131
H -0.23476 -12.37205 0.6579
H 1.29555 -14.61782 -0.34617
H -0.241 -14.05681 -1.15344
H 2.06506 -13.88624 -2.53023
O -3.74312 -6.59264 -0.76973
C -1.90569 -2.94787 1.07404
C -2.17078 -6.48216 3.53157
C -2.58413 -7.67418 4.39416
C -2.69481 -8.75952 3.3421
C -2.19642 -7.9988 2.10781
O -1.27019 -7.07678 2.62919
H -4.2897 -6.1162 3.2824
H -4.26869 -7.60015 1.44361
H -1.7297 -2.29187 1.95313
H -1.75815 -5.67082 4.17069
H -1.71903 -7.90941 5.05514
H -3.48985 -7.52512 5.02043
H -1.99425 -9.58138 3.60999
H -3.71725 -9.16607 3.18466
H -1.81072 -8.70649 1.34073
H -2.74106 -2.54381 0.46321
H -0.98664 -2.9684 0.45319
H 0.96776 -9.26811 -6.14556
H 1.44327 -10.94297 -6.62108
H 2.61256 -9.87979 -5.72206
H 0.83011 -7.03149 -1.99988
H 0.5565 -7.64148 -0.32988
H -0.76934 -5.60365 -1.59155
H -1.87131 -6.88602 -2.09906
$end

$opt
CONSTRAINT
tors           1           2           3           4    +137.582
tors           3           4           5           6     +83.420
tors           4           5           6           7    +150.860
tors           5           6           7           8    -134.913
tors           6           7           8           9    +111.090
tors           7           8           9          10    +173.554
tors           8           9          10          11    +132.068
tors           9          10          11          12    +126.354
tors          11          12          13          14    +144.066
ENDCONSTRAINT
$end

$rem
JOBTYPE                   OPT
METHOD                    B3LYP
DFT_D                     d3_op
BASIS                     STO-3G
GEOM_OPT_MAX_CYCLES       100
GEOM_OPT_TOL_GRADIENT     300
GEOM_OPT_TOL_DISPLACEMENT 1200
GEOM_OPT_TOL_ENERGY       100
SYMMETRY                  False
THRESH                    12
SCF_CONVERGENCE           8
MAX_SUB_FILE_NUM          128
MEM_STATIC                400
MEM_TOTAL                 4000
$end
