$molecule
0  1
O -3.94934 -3.66094 2.70899
C -3.26408 -4.56952 2.26188
C -3.36658 -6.02376 2.66595
C -3.74518 -6.32235 4.12587
C -4.15248 -5.13714 4.9729
O -3.28764 -4.9965 6.02061
C -3.20092 -3.65134 6.50256
C -4.59765 -3.06265 6.67204
O -4.50681 -1.73422 7.21046
C -3.89292 -1.63418 8.41556
C -3.63723 -0.20429 8.82872
C -3.8786 0.09282 10.31592
C -3.9853 -1.11684 11.22258
O -3.04577 -1.68382 11.76146
O -2.22198 -4.25506 1.44806
O -5.22671 -1.65826 11.33359
O -3.50109 -2.59175 9.07032
C -5.51838 -2.78942 12.06652
C -2.14812 0.18194 8.69961
C -2.02507 1.6973 8.54909
C -2.42092 2.14839 9.93986
C -2.53798 0.78895 10.64144
O -1.60514 -0.02595 9.97659
H -4.2127 0.46568 8.14873
H -4.74133 0.76389 10.52145
H -1.63162 -0.33207 7.85915
H -0.94337 1.9159 8.39749
H -2.60703 2.15362 7.71967
H -1.58695 2.75103 10.36305
H -3.37523 2.71493 10.00281
H -2.38454 0.90621 11.73748
O -5.35422 -4.91735 5.06743
C -1.92858 -2.97757 1.01881
C -4.54609 -6.70653 1.93734
C -4.30344 -8.21237 1.85351
C -4.50438 -8.60786 3.30001
C -4.94937 -7.26464 3.89188
O -5.62391 -6.63016 2.83544
H -2.43253 -6.5337 2.33601
H -2.93056 -6.87256 4.65082
H -1.71448 -2.32059 1.88886
H -4.73012 -6.29544 0.91997
H -5.13593 -8.64058 1.2499
H -3.33391 -8.52057 1.40648
H -5.32781 -9.35467 3.34829
H -3.60181 -9.00224 3.81498
H -5.53849 -7.43497 4.82016
H -2.7803 -2.56496 0.43675
H -1.0321 -3.00987 0.3663
H -6.60326 -3.00582 11.98514
H -5.26449 -2.62818 13.13607
H -4.94975 -3.65846 11.67175
H -5.10487 -2.86857 5.70931
H -5.22005 -3.69716 7.3433
H -2.65324 -3.02528 5.76349
H -2.55973 -3.70531 7.39568
$end

$opt
CONSTRAINT
tors           1           2           3           4     -33.434
tors           3           4           5           6    -118.446
tors           4           5           6           7    +153.648
tors           5           6           7           8     +46.831
tors           6           7           8           9    +177.510
tors           7           8           9          10     -59.262
tors           8           9          10          11    +171.098
tors           9          10          11          12    +139.968
tors          11          12          13          14     +87.151
ENDCONSTRAINT
$end

$rem
JOBTYPE                   OPT
METHOD                    B3LYP
DFT_D                     d3_op
BASIS                     STO-3G
GEOM_OPT_MAX_CYCLES       100
GEOM_OPT_TOL_GRADIENT     300
GEOM_OPT_TOL_DISPLACEMENT 1200
GEOM_OPT_TOL_ENERGY       100
SYMMETRY                  False
THRESH                    12
SCF_CONVERGENCE           8
MAX_SUB_FILE_NUM          128
MEM_STATIC                400
MEM_TOTAL                 4000
$end
