$molecule
0  1
O -3.94934 -3.66094 2.70899
C -3.26408 -4.56952 2.26188
C -3.36658 -6.02376 2.66595
C -2.89438 -6.3947 4.08133
C -2.53877 -5.24424 4.99679
O -1.26872 -4.81675 4.73289
C -0.98462 -4.72593 3.33279
C -1.01267 -3.2685 2.88421
O -0.67012 -3.17816 1.49231
C -1.01589 -4.24941 0.73599
C -0.6296 -4.09405 -0.71566
C -1.81021 -4.00272 -1.69347
C -3.16334 -3.72237 -1.07127
O -3.59144 -2.61648 -0.77413
O -3.06254 -3.96498 1.18456
O -4.04468 -4.76092 -1.12181
O -1.03317 -5.43909 0.99443
C -5.38443 -4.66744 -0.8029
C 0.12196 -2.78963 -1.101
C 0.93598 -3.01676 -2.37673
C -0.17043 -3.11422 -3.40644
C -1.38543 -2.78595 -2.53277
O -0.87903 -1.91194 -1.55398
H 0.06167 -4.93124 -0.98103
H -1.90721 -4.93632 -2.29204
H 0.79426 -2.40183 -0.30574
H 1.51058 -2.08093 -2.56334
H 1.64162 -3.87504 -2.35621
H -0.0067 -2.32539 -4.17383
H -0.27969 -4.1066 -3.89535
H -2.22068 -2.39418 -3.1545
O -3.12068 -4.95457 6.03152
C -2.93634 -2.33521 1.3015
C -4.83966 -6.47435 2.72815
C -4.93243 -7.99342 2.5842
C -4.40427 -8.43241 3.93097
C -4.18575 -7.07083 4.59998
O -5.20658 -6.26573 4.06724
H -2.87041 -6.63195 1.88239
H -2.07398 -7.14767 4.11381
H -2.93331 -1.76578 2.24702
H -5.4808 -5.98393 1.96527
H -6.01143 -8.26132 2.52247
H -4.39881 -8.41291 1.70408
H -5.21064 -8.98913 4.45876
H -3.47794 -9.04611 3.90383
H -4.1915 -7.19829 5.70503
H -3.95049 -1.86829 1.16824
H -2.17469 -1.80566 0.67791
H -5.8514 -5.66931 -0.89815
H -5.89298 -3.96405 -1.49534
H -5.51248 -4.31163 0.24051
H -1.77524 -2.70829 3.42214
H -0.16891 -2.75456 3.40365
H -0.79016 -5.76246 3.01263
H 0.12768 -4.80217 3.29863
$end

$opt
CONSTRAINT
tors           1           2           3           4     -69.868
tors           3           4           5           6     -81.856
tors           4           5           6           7     +43.168
tors           5           6           7           8    +103.621
tors           6           7           8           9    +177.510
tors           7           8           9          10     +30.330
tors           8           9          10          11    -180.000
tors           9          10          11          12    -114.017
tors          11          12          13          14     +83.378
ENDCONSTRAINT
$end

$rem
JOBTYPE                   OPT
METHOD                    B3LYP
DFT_D                     d3_op
BASIS                     STO-3G
GEOM_OPT_MAX_CYCLES       100
GEOM_OPT_TOL_GRADIENT     300
GEOM_OPT_TOL_DISPLACEMENT 1200
GEOM_OPT_TOL_ENERGY       100
SYMMETRY                  False
THRESH                    12
SCF_CONVERGENCE           8
MAX_SUB_FILE_NUM          128
MEM_STATIC                400
MEM_TOTAL                 4000
$end
