$molecule
0  1
O -3.94934 -3.66094 2.70899
C -3.26408 -4.56952 2.26188
C -3.36658 -6.02376 2.66595
C -2.19568 -6.94363 2.28296
C -0.97418 -6.27165 1.69605
O -0.05792 -7.21493 1.32711
C 0.82037 -6.77061 0.28767
C 0.02018 -6.1092 -0.82964
O 0.84526 -5.16449 -1.52937
C 2.09162 -5.59808 -1.84201
C 2.90857 -4.56112 -2.57547
C 2.25495 -4.00387 -3.84848
C 0.77358 -4.28176 -4.00665
O -0.12919 -3.58945 -3.55915
O -2.71869 -4.33821 1.03522
O 0.45951 -5.47378 -4.57812
O 2.4816 -6.75626 -1.79255
C -0.82814 -5.93542 -4.75398
C 3.14299 -3.27781 -1.7606
C 4.39 -2.56321 -2.27797
C 3.89256 -2.06749 -3.62068
C 2.42172 -2.49606 -3.54351
O 2.11491 -2.41452 -2.17205
H 3.89424 -5.02686 -2.80722
H 2.76641 -4.27426 -4.79852
H 3.22288 -3.46199 -0.66677
H 4.55995 -1.68494 -1.6145
H 5.31431 -3.1791 -2.31308
H 3.97942 -0.95834 -3.63775
H 4.39986 -2.50451 -4.50788
H 1.80265 -1.86282 -4.21739
O -0.57618 -5.17723 2.07993
C -2.67576 -3.11122 0.40404
C -3.33234 -6.17125 4.20234
C -3.96652 -7.49907 4.61537
C -2.89404 -8.47104 4.1747
C -1.82559 -7.49443 3.67445
O -1.97532 -6.37154 4.50609
H -4.34884 -6.38941 2.29189
H -2.50401 -7.7505 1.58083
H -2.10637 -2.38473 1.02211
H -3.8321 -5.33412 4.73746
H -4.01823 -7.51144 5.72782
H -4.97951 -7.68562 4.1984
H -2.52457 -9.01681 5.07147
H -3.20044 -9.1951 3.38901
H -0.82579 -7.98163 3.69258
H -3.70528 -2.73244 0.22887
H -2.16652 -3.22355 -0.57515
H -0.79417 -6.93127 -5.24128
H -1.39907 -5.23769 -5.40316
H -1.33746 -6.03512 -3.77181
H -0.37135 -6.8965 -1.50916
H -0.85254 -5.50276 -0.52911
H 1.44215 -7.63385 -0.01587
H 1.48141 -6.00144 0.74987
$end

$opt
CONSTRAINT
tors           1           2           3           4    -164.211
tors           3           4           5           6    -176.112
tors           4           5           6           7    +154.648
tors           5           6           7           8     -46.950
tors           6           7           8           9    +153.954
tors           7           8           9          10     +45.166
tors           8           9          10          11    -180.000
tors           9          10          11          12     -54.894
tors          11          12          13          14     +87.151
ENDCONSTRAINT
$end

$rem
JOBTYPE                   OPT
METHOD                    B3LYP
DFT_D                     d3_op
BASIS                     STO-3G
GEOM_OPT_MAX_CYCLES       100
GEOM_OPT_TOL_GRADIENT     300
GEOM_OPT_TOL_DISPLACEMENT 1200
GEOM_OPT_TOL_ENERGY       100
SYMMETRY                  False
THRESH                    12
SCF_CONVERGENCE           8
MAX_SUB_FILE_NUM          128
MEM_STATIC                400
MEM_TOTAL                 4000
$end
