$molecule
0  1
O -3.94934 -3.66094 2.70899
C -3.26408 -4.56952 2.26188
C -3.36658 -6.02376 2.66595
C -2.19568 -6.94363 2.28296
C -0.97418 -6.27165 1.69605
O -0.5765 -6.93384 0.56965
C -1.62202 -7.07806 -0.39749
C -2.7312 -7.96656 0.15607
O -3.81118 -8.04624 -0.78741
C -4.01671 -6.9328 -1.53385
C -5.06038 -7.1287 -2.60765
C -5.81126 -8.46676 -2.54412
C -5.67554 -9.23973 -1.24767
O -6.36545 -10.19257 -0.91499
O -2.45368 -4.24108 1.22075
O -5.90679 -8.34898 -0.20064
O -3.96491 -5.81847 -1.02575
C -6.20461 -8.64514 1.12442
C -6.2474 -6.13383 -2.60242
C -6.86256 -6.0627 -3.99999
C -7.5364 -7.41718 -4.0824
C -7.26223 -7.94552 -2.67078
O -7.25485 -6.78587 -1.87314
H -4.51135 -7.01811 -3.56925
H -5.54981 -9.16682 -3.36743
H -5.98003 -5.11074 -2.26129
H -7.65133 -5.27671 -3.9704
H -6.15144 -5.83471 -4.82273
H -8.62729 -7.25718 -4.23331
H -7.13909 -8.10125 -4.86302
H -8.0131 -8.71838 -2.39526
O -0.23727 -5.49151 2.28516
C -2.29472 -2.97028 0.70724
C -3.37395 -6.0441 4.20317
C -3.87047 -7.39264 4.72952
C -2.62527 -8.21055 4.54866
C -1.74197 -7.19545 3.79363
O -2.01402 -6.01363 4.49382
H -4.35063 -6.37386 2.29199
H -2.08394 -8.05308 2.2758
H -1.9002 -2.28867 1.49083
H -3.98442 -5.22982 4.65285
H -4.11003 -7.34813 5.8153
H -4.75691 -7.74454 4.15801
H -2.1525 -8.35739 5.54709
H -2.7748 -9.20606 4.07747
H -0.68031 -7.53537 3.8888
H -3.26508 -2.58658 0.32629
H -1.57061 -3.00686 -0.13224
H -6.29016 -7.70107 1.69829
H -5.39786 -9.26751 1.56832
H -7.17184 -9.18473 1.1989
H -2.28025 -8.98098 0.23963
H -3.51126 -7.98006 0.93413
H -1.1983 -7.57789 -1.29532
H -1.83581 -6.04397 -0.70896
$end

$opt
CONSTRAINT
tors           1           2           3           4    -164.211
tors           3           4           5           6    -132.226
tors           4           5           6           7     +54.181
tors           5           6           7           8     -65.040
tors           6           7           8           9    +176.745
tors           7           8           9          10     -32.690
tors           8           9          10          11    +173.655
tors           9          10          11          12      +7.368
tors          11          12          13          14    +166.680
ENDCONSTRAINT
$end

$rem
JOBTYPE                   OPT
METHOD                    B3LYP
DFT_D                     d3_op
BASIS                     STO-3G
GEOM_OPT_MAX_CYCLES       100
GEOM_OPT_TOL_GRADIENT     300
GEOM_OPT_TOL_DISPLACEMENT 1200
GEOM_OPT_TOL_ENERGY       100
SYMMETRY                  False
THRESH                    12
SCF_CONVERGENCE           8
MAX_SUB_FILE_NUM          128
MEM_STATIC                400
MEM_TOTAL                 4000
$end
