$molecule
0  1
O -3.94934 -3.66094 2.70899
C -3.26408 -4.56952 2.26188
C -3.36658 -6.02376 2.66595
C -2.2504 -6.96643 2.18702
C -1.06454 -6.31744 1.50831
O -1.3631 -6.05746 0.20114
C -0.59576 -4.98117 -0.34844
C -1.03592 -4.69994 -1.78137
O -0.7467 -3.33526 -2.12329
C 0.49887 -2.90522 -1.8027
C 0.7411 -1.46496 -2.18694
C 0.07415 -1.0238 -3.49798
C -1.00241 -1.94568 -4.03451
O -2.04959 -2.21894 -3.4659
O -2.99389 -4.34063 0.95023
O -0.78336 -2.45506 -5.2751
O 1.45064 -3.64378 -1.58686
C -1.65046 -3.30521 -5.92881
C 0.09383 -0.45897 -1.20953
C 0.83343 0.87586 -1.29112
C 0.40924 1.35035 -2.66827
C -0.61543 0.26642 -3.027
O -1.14695 -0.12917 -1.78506
H 1.84166 -1.28852 -2.17662
H 0.82757 -0.8678 -4.302
H 0.06464 -0.82345 -0.15921
H 0.37054 1.54179 -0.52751
H 1.93081 0.83813 -1.12053
H -0.07435 2.34657 -2.56237
H 1.22167 1.39603 -3.4257
H -1.34828 0.64478 -3.77385
O 0.02663 -6.10576 2.02586
C -3.22919 -3.1209 0.31542
C -3.24949 -6.18132 4.19278
C -3.88029 -7.50165 4.63249
C -2.84641 -8.48492 4.13106
C -1.80171 -7.5211 3.55946
O -1.87944 -6.40154 4.40602
H -4.36869 -6.36753 2.32484
H -2.59855 -7.80753 1.54636
H -2.61947 -2.32048 0.78771
H -3.70256 -5.33785 4.75869
H -3.87914 -7.52395 5.74585
H -4.9144 -7.66635 4.26036
H -2.4209 -9.02327 5.0074
H -3.20955 -9.21711 3.37791
H -0.81269 -8.02865 3.51182
H -4.30635 -2.85438 0.3738
H -2.97456 -3.1694 -0.75339
H -1.22584 -3.56686 -6.9196
H -2.63271 -2.80856 -6.08004
H -1.78733 -4.23762 -5.33998
H -0.55077 -5.41769 -2.47785
H -2.13052 -4.83787 -1.88989
H 0.48113 -5.24368 -0.30069
H -0.74832 -4.0736 0.273
$end

$opt
CONSTRAINT
tors           1           2           3           4    -168.938
tors           3           4           5           6     -81.203
tors           4           5           6           7    +154.648
tors           5           6           7           8    -176.920
tors           6           7           8           9    +154.452
tors           7           8           9          10     +47.340
tors           8           9          10          11    -180.000
tors           9          10          11          12     -36.213
tors          11          12          13          14     +62.191
ENDCONSTRAINT
$end

$rem
JOBTYPE                   OPT
METHOD                    B3LYP
DFT_D                     d3_op
BASIS                     STO-3G
GEOM_OPT_MAX_CYCLES       100
GEOM_OPT_TOL_GRADIENT     300
GEOM_OPT_TOL_DISPLACEMENT 1200
GEOM_OPT_TOL_ENERGY       100
SYMMETRY                  False
THRESH                    12
SCF_CONVERGENCE           8
MAX_SUB_FILE_NUM          128
MEM_STATIC                400
MEM_TOTAL                 4000
$end
