$molecule
0  1
O -3.94934 -3.66094 2.70899
C -3.26408 -4.56952 2.26188
C -3.36658 -6.02376 2.66595
C -2.29944 -6.98322 2.11414
C -1.14731 -6.3515 1.36473
O -0.84326 -7.10076 0.26401
C -0.02324 -6.40569 -0.68135
C -0.84087 -6.03577 -1.91454
O -0.08015 -5.16009 -2.76152
C 1.16891 -5.58811 -3.071
C 1.87584 -4.68136 -4.05014
C 3.40878 -4.76868 -4.02264
C 3.98941 -5.97012 -3.30424
O 3.7621 -7.13916 -3.58037
O -2.52408 -4.23703 1.17029
O 4.84894 -5.69553 -2.2882
O 1.40711 -6.78736 -3.07178
C 5.4761 -6.65445 -1.52066
C 1.6056 -5.026 -5.52921
C 1.84327 -3.78794 -6.39281
C 3.35291 -3.66756 -6.30624
C 3.68631 -4.94482 -5.52517
O 2.67968 -5.85188 -5.90846
H 1.52228 -3.64267 -3.8541
H 3.86896 -3.85114 -3.5922
H 0.58616 -5.43371 -5.70521
H 1.56851 -4.06679 -7.43556
H 1.2776 -2.87774 -6.09892
H 3.76762 -3.71038 -7.33772
H 3.72811 -2.76332 -5.77967
H 4.73343 -5.26547 -5.72207
O -0.40857 -5.4978 1.84786
C -2.40456 -2.96919 0.63715
C -3.10951 -6.18305 4.17995
C -3.72404 -7.48991 4.68105
C -2.7623 -8.49686 4.08861
C -1.74725 -7.5557 3.43282
O -1.73076 -6.43407 4.27946
H -4.40755 -6.34655 2.44122
H -2.74683 -7.7898 1.48881
H -1.96777 -2.27842 1.38951
H -3.49362 -5.33051 4.78237
H -3.61494 -7.50764 5.7892
H -4.79271 -7.63705 4.41422
H -2.28047 -9.05535 4.92197
H -3.20705 -9.21032 3.36161
H -0.77357 -8.07615 3.29273
H -3.39838 -2.59433 0.31191
H -1.73216 -3.00913 -0.24442
H 6.11827 -6.15446 -0.76693
H 6.11313 -7.30125 -2.16115
H 4.72099 -7.27521 -0.99241
H -1.14309 -6.95776 -2.45804
H -1.76073 -5.49356 -1.60843
H 0.85576 -7.04779 -0.87303
H 0.38418 -5.44267 -0.29644
$end

$opt
CONSTRAINT
tors           1           2           3           4    -172.686
tors           3           4           5           6    -138.924
tors           4           5           6           7    +164.345
tors           5           6           7           8    -107.789
tors           6           7           8           9    +170.892
tors           7           8           9          10     +51.162
tors           8           9          10          11    +175.401
tors           9          10          11          12    +157.046
tors          11          12          13          14     +58.045
ENDCONSTRAINT
$end

$rem
JOBTYPE                   OPT
METHOD                    B3LYP
DFT_D                     d3_op
BASIS                     STO-3G
GEOM_OPT_MAX_CYCLES       100
GEOM_OPT_TOL_GRADIENT     300
GEOM_OPT_TOL_DISPLACEMENT 1200
GEOM_OPT_TOL_ENERGY       100
SYMMETRY                  False
THRESH                    12
SCF_CONVERGENCE           8
MAX_SUB_FILE_NUM          128
MEM_STATIC                400
MEM_TOTAL                 4000
$end
