$molecule
0  1
O -3.94934 -3.66094 2.70899
C -3.26408 -4.56952 2.26188
C -3.36658 -6.02376 2.66595
C -2.89052 -6.39538 4.07985
C -2.53128 -5.2454 4.99451
O -1.41285 -4.61443 4.52928
C -1.32572 -3.24623 4.9412
C -2.70911 -2.60422 4.92806
O -2.84251 -1.70624 6.04104
C -2.08942 -2.00847 7.12763
C -2.27361 -1.02881 8.26209
C -1.68622 0.36803 8.01293
C -1.33185 0.68894 6.57482
O -2.06708 1.2428 5.7703
O -2.39784 -4.29246 1.25202
O -0.15177 0.17883 6.13524
O -1.75756 -3.14254 7.45721
C 0.31337 0.3005 4.84269
C -3.74797 -0.68733 8.55659
C -3.88567 -0.2009 9.99808
C -3.20101 1.14701 9.90519
C -2.9254 1.21048 8.39759
O -3.98728 0.48671 7.82476
H -1.83257 -1.48684 9.17851
H -0.814 0.63146 8.6508
H -4.44089 -1.53596 8.36555
H -4.97188 -0.03695 10.18192
H -3.48302 -0.88443 10.77623
H -3.93015 1.93109 10.20787
H -2.26434 1.24731 10.49516
H -2.82858 2.27001 8.07159
O -3.03158 -5.06807 6.10045
C -2.1832 -3.03108 0.73725
C -4.8235 -6.51381 2.71009
C -4.86958 -8.0322 2.54885
C -4.32683 -8.4747 3.89146
C -4.15682 -7.11898 4.58616
O -5.19966 -6.33689 4.05452
H -2.79371 -6.60696 1.90876
H -2.00912 -7.07512 4.06093
H -1.80091 -2.35431 1.53121
H -5.47093 -6.02474 1.94931
H -5.94138 -8.3277 2.4855
H -4.32639 -8.42593 1.66293
H -5.11173 -9.07252 4.40634
H -3.37624 -9.04955 3.85497
H -4.16215 -7.26062 5.68898
H -3.12724 -2.6226 0.31744
H -1.42863 -3.09254 -0.07343
H 1.29443 -0.21031 4.75959
H 0.44353 1.3727 4.58259
H -0.39805 -0.17364 4.13328
H -2.78891 -1.98375 4.00881
H -3.64846 -3.1805 4.94651
H -0.78465 -2.72234 4.12313
H -0.50121 -3.1084 5.6673
$end

$opt
CONSTRAINT
tors           1           2           3           4     -70.043
tors           3           4           5           6     -67.452
tors           4           5           6           7    +154.648
tors           5           6           7           8     -37.910
tors           6           7           8           9    +142.210
tors           7           8           9          10     -27.790
tors           8           9          10          11    -180.000
tors           9          10          11          12     -70.081
tors          11          12          13          14     +92.817
ENDCONSTRAINT
$end

$rem
JOBTYPE                   OPT
METHOD                    B3LYP
DFT_D                     d3_op
BASIS                     STO-3G
GEOM_OPT_MAX_CYCLES       100
GEOM_OPT_TOL_GRADIENT     300
GEOM_OPT_TOL_DISPLACEMENT 1200
GEOM_OPT_TOL_ENERGY       100
SYMMETRY                  False
THRESH                    12
SCF_CONVERGENCE           8
MAX_SUB_FILE_NUM          128
MEM_STATIC                400
MEM_TOTAL                 4000
$end
