$molecule
0  1
O -3.94934 -3.66094 2.70899
C -3.26408 -4.56952 2.26188
C -3.36658 -6.02376 2.66595
C -2.07712 -6.85959 2.6155
C -0.79533 -6.10594 2.33781
O 0.13218 -6.95093 1.79825
C 1.28808 -6.27183 1.29629
C 1.57586 -5.03226 2.13698
O 2.46689 -5.36653 3.21271
C 3.29098 -6.41852 2.98176
C 4.40818 -6.52371 3.99244
C 3.97188 -6.37573 5.45737
C 2.48482 -6.50361 5.72008
O 1.94509 -7.43417 6.30086
O -2.55548 -4.32362 1.12701
O 1.76707 -5.35737 5.57878
O 2.93238 -7.52526 2.60105
C 0.49957 -5.16502 6.08597
C 5.16333 -7.87397 4.05069
C 6.55806 -7.66377 4.63809
C 6.21472 -7.38788 6.08566
C 4.69754 -7.60286 6.05434
O 4.51222 -8.58974 5.06896
H 5.1372 -5.73461 3.70126
H 4.31683 -5.43347 5.9381
H 5.245 -8.38106 3.06452
H 7.08934 -8.64093 4.57956
H 7.17155 -6.88346 4.1385
H 6.70546 -8.16289 6.71565
H 6.48088 -6.37341 6.45372
H 4.33273 -7.85702 7.07405
O -0.60767 -5.23782 3.17757
C -2.41031 -3.07999 0.54878
C -3.76885 -6.22092 4.14171
C -4.39656 -7.60235 4.33162
C -3.17373 -8.48877 4.21153
C -2.07832 -7.43108 4.04833
O -2.54514 -6.34968 4.81996
H -4.1554 -6.45474 2.00931
H -2.15951 -7.67003 1.85512
H -1.91374 -2.38529 1.25957
H -4.45878 -5.43596 4.52047
H -4.77159 -7.65963 5.37861
H -5.2262 -7.83791 3.63083
H -3.03622 -9.03007 5.17413
H -3.19127 -9.21354 3.3691
H -1.08805 -7.84976 4.33384
H -3.40201 -2.67418 0.25562
H -1.77939 -3.17305 -0.35883
H 0.13774 -4.15746 5.79573
H 0.51954 -5.2341 7.19442
H -0.19002 -5.93145 5.68626
H 2.25054 -4.4854 1.43804
H 0.95531 -4.13034 2.30932
H 0.91254 -5.80643 0.3545
H 2.02964 -6.91283 0.77776
$end

$opt
CONSTRAINT
tors           1           2           3           4    -148.962
tors           3           4           5           6    -155.715
tors           4           5           6           7    +169.910
tors           5           6           7           8     +32.484
tors           6           7           8           9     +90.679
tors           7           8           9          10     +27.016
tors           8           9          10          11    +166.604
tors           9          10          11          12     +46.577
tors          11          12          13          14    +110.140
ENDCONSTRAINT
$end

$rem
JOBTYPE                   OPT
METHOD                    B3LYP
DFT_D                     d3_op
BASIS                     STO-3G
GEOM_OPT_MAX_CYCLES       100
GEOM_OPT_TOL_GRADIENT     300
GEOM_OPT_TOL_DISPLACEMENT 1200
GEOM_OPT_TOL_ENERGY       100
SYMMETRY                  False
THRESH                    12
SCF_CONVERGENCE           8
MAX_SUB_FILE_NUM          128
MEM_STATIC                400
MEM_TOTAL                 4000
$end
