$molecule
0  1
O -3.94934 -3.66094 2.70899
C -3.26408 -4.56952 2.26188
C -3.36658 -6.02376 2.66595
C -2.13978 -6.91333 2.40619
C -0.88529 -6.21141 1.93539
O -0.11297 -7.07607 1.21337
C 1.09071 -6.47853 0.72008
C 0.76367 -5.22508 -0.08493
O 1.97685 -4.5543 -0.46059
C 3.1247 -5.17521 -0.09174
C 4.3633 -4.42185 -0.5148
C 4.15819 -2.91789 -0.74784
C 2.87541 -2.33212 -0.19281
O 2.75493 -1.79774 0.90011
O -2.6071 -4.32132 1.09648
O 1.89992 -2.10484 -1.11656
O 3.37978 -6.37129 -0.02722
C 0.72938 -1.42229 -0.85948
C 5.46846 -4.39541 0.56312
C 6.82409 -4.17113 -0.10425
C 6.68662 -2.72685 -0.54078
C 5.33427 -2.37789 0.09357
O 5.27557 -3.18291 1.24556
H 4.76248 -4.92409 -1.42758
H 4.24391 -2.62071 -1.81687
H 5.49736 -5.31097 1.19333
H 7.59173 -4.22794 0.70086
H 7.08991 -4.887 -0.91156
H 7.51002 -2.14063 -0.07578
H 6.67128 -2.56123 -1.63985
H 5.25934 -1.28053 0.2619
O -0.43 -5.24562 2.54265
C -2.53599 -3.08847 0.48176
C -3.47456 -6.16537 4.20106
C -4.10469 -7.51104 4.56105
C -2.96369 -8.4506 4.23753
C -1.88486 -7.4433 3.82965
O -2.14753 -6.32187 4.63489
H -4.30152 -6.4158 2.20726
H -2.36772 -7.74474 1.70061
H -2.03981 -2.35589 1.15341
H -4.04933 -5.34352 4.68145
H -4.2674 -7.52068 5.66273
H -5.06438 -7.73103 4.0458
H -2.66221 -8.97307 5.17277
H -3.17057 -9.19423 3.43776
H -0.87401 -7.89592 3.93804
H -3.55453 -2.72996 0.22105
H -1.94506 -3.18287 -0.45193
H 0.10733 -1.4052 -1.77763
H 0.95416 -0.37698 -0.55824
H 0.16503 -1.92842 -0.04971
H 0.17966 -5.49268 -0.99088
H 0.18297 -4.46808 0.46803
H 1.46652 -7.29433 0.06601
H 1.71814 -6.26537 1.62071
$end

$opt
CONSTRAINT
tors           1           2           3           4    -158.399
tors           3           4           5           6    -153.795
tors           4           5           6           7    +179.408
tors           5           6           7           8     -54.751
tors           6           7           8           9    +174.098
tors           7           8           9          10      +2.733
tors           8           9          10          11    -180.000
tors           9          10          11          12     +23.320
tors          11          12          13          14     +94.129
ENDCONSTRAINT
$end

$rem
JOBTYPE                   OPT
METHOD                    B3LYP
DFT_D                     d3_op
BASIS                     STO-3G
GEOM_OPT_MAX_CYCLES       100
GEOM_OPT_TOL_GRADIENT     300
GEOM_OPT_TOL_DISPLACEMENT 1200
GEOM_OPT_TOL_ENERGY       100
SYMMETRY                  False
THRESH                    12
SCF_CONVERGENCE           8
MAX_SUB_FILE_NUM          128
MEM_STATIC                400
MEM_TOTAL                 4000
$end
