$molecule
0  1
O -3.94934 -3.66094 2.70899
C -3.26408 -4.56952 2.26188
C -3.36658 -6.02376 2.66595
C -2.06889 -6.84826 2.65836
C -0.7856 -6.08389 2.41963
O -0.14561 -6.58319 1.3212
C 0.71172 -5.62848 0.68656
C -0.10875 -4.68189 -0.18346
O 0.47529 -3.36987 -0.16468
C 1.3914 -3.15331 0.81153
C 1.98986 -1.76773 0.7599
C 1.83065 -1.04354 -0.58489
C 0.81429 -1.63778 -1.53914
O -0.25638 -1.13038 -1.84044
O -3.01473 -4.43563 0.9438
O 1.29797 -2.62747 -2.3471
O 1.26769 -3.53306 1.96885
C 0.6233 -3.14602 -3.43369
C 1.31323 -0.74314 1.70657
C 2.29738 0.37921 2.02933
C 2.3596 1.08957 0.69452
C 1.28842 0.31029 -0.07798
O 0.36648 -0.08321 0.90678
H 3.05768 -1.87442 1.05805
H 2.78542 -0.91534 -1.14133
H 0.92608 -1.18125 2.65168
H 1.79313 1.04776 2.76397
H 3.27766 0.05826 2.44264
H 2.05264 2.14821 0.84645
H 3.34268 1.04616 0.17754
H 0.88284 0.93863 -0.90165
O -0.42125 -5.12176 3.08096
C -3.23872 -3.28467 0.20236
C -3.74952 -6.16981 4.15838
C -4.3673 -7.54574 4.41075
C -3.14112 -8.42704 4.31393
C -2.05574 -7.36722 4.10498
O -2.51995 -6.2589 4.83415
H -4.17945 -6.47462 2.05262
H -2.13164 -7.68776 1.92799
H -2.63087 -2.44635 0.6064
H -4.44572 -5.38082 4.51744
H -4.72924 -7.56122 5.46388
H -5.20406 -7.81629 3.7314
H -2.99457 -8.93524 5.29308
H -3.15842 -9.17907 3.49564
H -1.06087 -7.76745 4.40226
H -4.31601 -3.01419 0.22239
H -2.94203 -3.46367 -0.85169
H 1.23772 -3.94545 -3.89592
H 0.44632 -2.34966 -4.18769
H -0.34925 -3.57706 -3.11574
H -0.26121 -5.06897 -1.2135
H -1.04028 -4.56491 0.26382
H 1.28178 -6.18375 -0.0892
H 1.60754 -5.51183 1.32425
$end

$opt
CONSTRAINT
tors           1           2           3           4    -147.072
tors           3           4           5           6    -121.833
tors           4           5           6           7    +154.648
tors           5           6           7           8     -79.602
tors           6           7           8           9    +145.752
tors           7           8           9          10     -14.592
tors           8           9          10          11    +178.748
tors           9          10          11          12     -19.071
tors          11          12          13          14    +109.898
ENDCONSTRAINT
$end

$rem
JOBTYPE                   OPT
METHOD                    B3LYP
DFT_D                     d3_op
BASIS                     STO-3G
GEOM_OPT_MAX_CYCLES       100
GEOM_OPT_TOL_GRADIENT     300
GEOM_OPT_TOL_DISPLACEMENT 1200
GEOM_OPT_TOL_ENERGY       100
SYMMETRY                  False
THRESH                    12
SCF_CONVERGENCE           8
MAX_SUB_FILE_NUM          128
MEM_STATIC                400
MEM_TOTAL                 4000
$end
