$molecule
0  1
O -3.94934 -3.66094 2.70899
C -3.26408 -4.56952 2.26188
C -3.36658 -6.02376 2.66595
C -2.33388 -6.54625 3.67807
C -1.42485 -5.51418 4.30783
O -0.12157 -5.81035 4.02649
C 0.78488 -4.76369 4.38996
C 0.63734 -3.58487 3.43354
O 1.38674 -2.46132 3.92231
C 2.2101 -2.72015 4.96836
C 2.99137 -1.50782 5.41617
C 3.99122 -0.96483 4.3848
C 3.81602 -1.46814 2.96611
O 4.35009 -0.99292 1.97439
O -2.25456 -4.26677 1.40468
O 3.60229 -2.80602 2.82143
O 2.88378 -3.73031 5.13526
C 3.65495 -3.5146 1.63482
C 2.10998 -0.25987 5.63602
C 2.80979 0.70155 6.59522
C 3.94675 1.19198 5.72175
C 3.58059 0.51976 4.39268
O 2.17611 0.44272 4.42017
H 3.47561 -1.75417 6.39065
H 5.05129 -1.13799 4.67224
H 1.09022 -0.50309 6.00729
H 2.10612 1.54689 6.77105
H 3.115 0.27326 7.5741
H 3.87577 2.29958 5.64399
H 4.96487 0.8953 6.0552
H 4.01858 1.08649 3.5415
O -1.81605 -4.54683 4.95294
C -2.01795 -3.00594 0.89704
C -4.66102 -6.30171 3.47
C -5.02242 -7.78544 3.39189
C -3.95898 -8.38158 4.28828
C -3.25822 -7.10753 4.76917
O -4.28716 -6.15144 4.8172
H -3.4216 -6.61741 1.72598
H -1.70661 -7.34642 3.2216
H -1.82274 -2.28623 1.71978
H -5.5267 -5.69039 3.13224
H -6.01178 -7.91202 3.88741
H -5.07103 -8.2062 2.36457
H -4.46159 -8.88924 5.14155
H -3.25557 -9.08356 3.79035
H -2.7193 -7.29686 5.72414
H -2.89334 -2.66364 0.3049
H -1.1291 -3.04171 0.23436
H 3.42058 -4.57968 1.83779
H 4.67221 -3.45309 1.19302
H 2.90777 -3.11281 0.91756
H 0.92499 -3.85008 2.39553
H -0.4167 -3.25214 3.41558
H 1.75187 -5.27355 4.20389
H 0.61593 -4.52679 5.46965
$end

$opt
CONSTRAINT
tors           1           2           3           4     -99.826
tors           3           4           5           6    -120.522
tors           4           5           6           7    +169.960
tors           5           6           7           8     -72.027
tors           6           7           8           9    +170.846
tors           7           8           9          10      +9.784
tors           8           9          10          11    +178.748
tors           9          10          11          12     -64.887
tors          11          12          13          14    +166.809
ENDCONSTRAINT
$end

$rem
JOBTYPE                   OPT
METHOD                    B3LYP
DFT_D                     d3_op
BASIS                     STO-3G
GEOM_OPT_MAX_CYCLES       100
GEOM_OPT_TOL_GRADIENT     300
GEOM_OPT_TOL_DISPLACEMENT 1200
GEOM_OPT_TOL_ENERGY       100
SYMMETRY                  False
THRESH                    12
SCF_CONVERGENCE           8
MAX_SUB_FILE_NUM          128
MEM_STATIC                400
MEM_TOTAL                 4000
$end
