$molecule
0  1
O -3.94934 -3.66094 2.70899
C -3.26408 -4.56952 2.26188
C -3.36658 -6.02376 2.66595
C -2.07138 -6.72217 3.11153
C -0.85187 -5.842 3.27337
O 0.27303 -6.5423 2.94232
C 1.44114 -5.72007 2.84896
C 1.04291 -4.26363 2.63371
O 2.17965 -3.41001 2.83875
C 3.33945 -4.0455 3.13902
C 4.50193 -3.09731 3.31294
C 4.90806 -2.3317 2.0452
C 3.90108 -2.34732 0.91274
O 3.5108 -1.36551 0.29769
O -2.40196 -4.29884 1.24663
O 3.6048 -3.56823 0.39163
O 3.75939 -5.06744 2.60553
C 2.78849 -3.77736 -0.7008
C 4.21298 -1.9148 4.26471
C 5.52661 -1.397 4.84757
C 6.15186 -0.76908 3.61753
C 4.99294 -0.9054 2.62069
O 3.83776 -0.85163 3.4223
H 5.34936 -3.677 3.75105
H 5.86446 -2.71462 1.62661
H 3.50105 -2.16936 5.08014
H 5.25706 -0.58708 5.56326
H 6.16014 -2.14538 5.37042
H 6.37304 0.29757 3.84328
H 7.06362 -1.27818 3.23616
H 5.07578 -0.12933 1.82863
O -0.90117 -5.08152 4.23599
C -2.1781 -3.04041 0.72946
C -4.25801 -6.2599 3.90135
C -4.76613 -7.7022 3.91278
C -3.50272 -8.44474 4.29433
C -2.53487 -7.27266 4.47861
O -3.35482 -6.24282 4.97902
H -3.803 -6.53875 1.78064
H -1.80675 -7.55558 2.42014
H -1.78463 -2.36739 1.5211
H -5.11677 -5.55711 3.96728
H -5.49729 -7.79906 4.74703
H -5.24327 -8.03025 2.96425
H -3.67204 -8.94569 5.27367
H -3.14144 -9.18592 3.54913
H -1.67964 -7.57586 5.12222
H -3.12003 -2.62339 0.31351
H -1.42715 -3.11039 -0.0841
H 2.7128 -4.86697 -0.89415
H 3.21526 -3.28207 -1.59881
H 1.77142 -3.37796 -0.501
H 0.64788 -4.13662 1.60328
H 0.35511 -3.7152 3.28046
H 1.96336 -6.10939 1.94671
H 1.96194 -5.91605 3.81574
$end

$opt
CONSTRAINT
tors           1           2           3           4    -127.266
tors           3           4           5           6    -146.873
tors           4           5           6           7    +169.960
tors           5           6           7           8     -20.941
tors           6           7           8           9    +167.145
tors           7           8           9          10      +1.451
tors           8           9          10          11    +178.748
tors           9          10          11          12     -64.887
tors          11          12          13          14    +130.736
ENDCONSTRAINT
$end

$rem
JOBTYPE                   OPT
METHOD                    B3LYP
DFT_D                     d3_op
BASIS                     STO-3G
GEOM_OPT_MAX_CYCLES       100
GEOM_OPT_TOL_GRADIENT     300
GEOM_OPT_TOL_DISPLACEMENT 1200
GEOM_OPT_TOL_ENERGY       100
SYMMETRY                  False
THRESH                    12
SCF_CONVERGENCE           8
MAX_SUB_FILE_NUM          128
MEM_STATIC                400
MEM_TOTAL                 4000
$end
