$molecule
0  1
O -3.94934 -3.66094 2.70899
C -3.26408 -4.56952 2.26188
C -3.36658 -6.02376 2.66595
C -2.15427 -6.92213 2.37085
C -0.90786 -6.22884 1.86695
O -0.00381 -7.15652 1.43391
C 1.10381 -6.57957 0.73422
C 0.76005 -6.40502 -0.74141
O 1.07213 -5.06756 -1.16174
C 1.29159 -4.17828 -0.16166
C 1.6189 -2.79335 -0.66713
C 2.76846 -2.73008 -1.68339
C 3.17374 -4.05114 -2.3057
O 3.32175 -4.25535 -3.50192
O -2.76225 -4.38334 1.01203
O 3.68213 -4.97231 -1.44101
O 0.54383 -4.09405 0.78532
C 4.2721 -6.16032 -1.82087
C 0.50251 -2.10384 -1.47819
C 0.67575 -0.58825 -1.40392
C 1.92049 -0.40571 -2.2482
C 2.11894 -1.83876 -2.75826
O 0.81659 -2.36603 -2.82428
H 1.85594 -2.16425 0.22414
H 3.69019 -2.29516 -1.23763
H -0.51276 -2.38414 -1.15142
H -0.18935 -0.14131 -1.94491
H 0.72781 -0.15494 -0.38197
H 1.679 0.28934 -3.0827
H 2.81853 -0.04811 -1.69914
H 2.69255 -1.82908 -3.7108
O -0.52747 -5.26308 2.51363
C -2.84047 -3.20596 0.30047
C -3.45142 -6.18823 4.1993
C -4.09889 -7.52899 4.54568
C -2.98349 -8.4846 4.17777
C -1.88876 -7.49089 3.77779
O -2.12011 -6.38036 4.60909
H -4.30566 -6.40898 2.20901
H -2.40946 -7.71626 1.63313
H -2.26912 -2.40561 0.8173
H -4.00185 -5.36321 4.70206
H -4.23539 -7.55553 5.65066
H -5.0749 -7.7226 4.05096
H -2.68144 -9.04142 5.0927
H -3.21873 -9.19854 3.35896
H -0.88577 -7.96429 3.86295
H -3.90134 -2.89837 0.18121
H -2.42576 -3.37767 -0.71045
H 4.57781 -6.72047 -0.91359
H 5.1732 -5.9588 -2.43844
H 3.55502 -6.77885 -2.40055
H 1.37941 -7.09328 -1.35752
H -0.30293 -6.63835 -0.96644
H 1.81956 -7.42967 0.69217
H 1.7822 -5.95092 1.35397
$end

$opt
CONSTRAINT
tors           1           2           3           4    -160.041
tors           3           4           5           6    -169.657
tors           4           5           6           7    +169.960
tors           5           6           7           8     -86.297
tors           6           7           8           9    +130.147
tors           7           8           9          10     -14.592
tors           8           9          10          11    +179.807
tors           9          10          11          12     -52.873
tors          11          12          13          14    +130.736
ENDCONSTRAINT
$end

$rem
JOBTYPE                   OPT
METHOD                    B3LYP
DFT_D                     d3_op
BASIS                     STO-3G
GEOM_OPT_MAX_CYCLES       100
GEOM_OPT_TOL_GRADIENT     300
GEOM_OPT_TOL_DISPLACEMENT 1200
GEOM_OPT_TOL_ENERGY       100
SYMMETRY                  False
THRESH                    12
SCF_CONVERGENCE           8
MAX_SUB_FILE_NUM          128
MEM_STATIC                400
MEM_TOTAL                 4000
$end
