$molecule
0  1
O -3.94934 -3.66094 2.70899
C -3.26408 -4.56952 2.26188
C -3.36658 -6.02376 2.66595
C -2.07434 -6.71771 3.12682
C -0.85954 -5.83356 3.30182
O 0.27657 -6.55401 3.06597
C 1.45245 -5.74142 2.98701
C 1.61812 -5.19251 1.57372
O 1.73786 -3.76184 1.61527
C 1.37912 -3.18045 2.78678
C 1.55561 -1.68064 2.7776
C 2.96515 -1.19248 3.14256
C 4.0571 -2.24287 3.11061
O 5.1633 -2.10033 2.61003
O -2.39299 -4.29642 1.25468
O 3.88397 -3.31272 3.93158
O 1.22796 -3.58529 3.92683
C 4.80057 -4.33051 4.09728
C 1.40392 -1.01846 1.38424
C 0.99611 0.44395 1.55279
C 2.27304 1.02737 2.12227
C 3.20487 -0.18569 2.00324
O 2.7156 -0.89331 0.89087
H 0.75255 -1.2482 3.4198
H 2.98555 -0.748 4.16157
H 0.67891 -1.53942 0.72177
H 0.84599 0.85007 0.52638
H 0.08009 0.63214 2.15301
H 2.60159 1.86107 1.46299
H 2.2074 1.37422 3.17645
H 4.26349 0.14918 1.94342
O -0.90492 -4.78143 3.91882
C -2.14961 -3.03401 0.7563
C -4.26478 -6.23258 3.89932
C -4.75072 -7.68187 3.96004
C -3.48549 -8.38367 4.40296
C -2.53259 -7.19251 4.52243
O -3.36528 -6.15201 4.97532
H -3.79571 -6.54541 1.7815
H -1.79994 -7.59464 2.49618
H -1.75179 -2.37724 1.55961
H -5.13574 -5.54243 3.93218
H -5.50453 -7.7664 4.77504
H -5.19023 -8.04847 3.00738
H -3.65754 -8.81108 5.41633
H -3.11464 -9.17745 3.71922
H -1.67732 -7.45462 5.18449
H -3.08332 -2.59853 0.34088
H -1.39477 -3.10283 -0.05361
H 4.399 -5.06726 4.82261
H 5.75709 -3.92634 4.49195
H 4.97836 -4.84364 3.12799
H 2.56963 -5.55888 1.12112
H 0.79561 -5.49485 0.88988
H 2.17869 -6.57721 2.87957
H 2.00863 -5.57323 3.93596
$end

$opt
CONSTRAINT
tors           1           2           3           4    -126.587
tors           3           4           5           6    -150.676
tors           4           5           6           7    +169.960
tors           5           6           7           8     -85.011
tors           6           7           8           9    +125.690
tors           7           8           9          10     -14.592
tors           8           9          10          11    +178.748
tors           9          10          11          12     -85.505
tors          11          12          13          14    +134.890
ENDCONSTRAINT
$end

$rem
JOBTYPE                   OPT
METHOD                    B3LYP
DFT_D                     d3_op
BASIS                     STO-3G
GEOM_OPT_MAX_CYCLES       100
GEOM_OPT_TOL_GRADIENT     300
GEOM_OPT_TOL_DISPLACEMENT 1200
GEOM_OPT_TOL_ENERGY       100
SYMMETRY                  False
THRESH                    12
SCF_CONVERGENCE           8
MAX_SUB_FILE_NUM          128
MEM_STATIC                400
MEM_TOTAL                 4000
$end
