$molecule
0  1
O -3.94934 -3.66094 2.70899
C -3.26408 -4.56952 2.26188
C -3.36658 -6.02376 2.66595
C -2.18334 -6.93769 2.30746
C -0.95418 -6.25979 1.74379
O -0.5839 -6.86585 0.57717
C 0.05933 -5.97524 -0.34061
C -0.95132 -4.98232 -0.90525
O -0.43565 -3.64593 -0.80014
C 0.53058 -3.46557 0.13421
C 1.03811 -2.04427 0.18898
C 1.76361 -1.56674 -1.07747
C 1.56789 -2.42184 -2.31327
O 1.16041 -2.0223 -3.39442
O -2.86613 -4.30052 1.00159
O 2.04396 -3.69368 -2.23597
O 0.95737 -4.1726 1.01804
C 2.02459 -4.59909 -3.27621
C -0.04138 -0.95533 0.32498
C 0.56679 0.29776 0.95538
C 1.44966 0.78459 -0.17562
C 1.06009 -0.20948 -1.27621
O -0.28283 -0.52788 -0.99379
H 1.71781 -1.9601 1.071
H 2.86192 -1.48432 -0.92173
H -0.91869 -1.28348 0.914
H -0.26584 1.02435 1.09419
H 1.08372 0.14901 1.92789
H 1.13919 1.81921 -0.44213
H 2.5424 0.75308 0.02659
H 1.25927 0.23317 -2.27669
O -0.27392 -5.52079 2.42962
C -3.2544 -3.14785 0.31241
C -3.37361 -6.1883 4.20101
C -4.01935 -7.52049 4.58115
C -2.93613 -8.49016 4.15799
C -1.85199 -7.51079 3.69719
O -2.02459 -6.39742 4.53932
H -4.33126 -6.39439 2.25234
H -2.50453 -7.74138 1.60506
H -2.9311 -2.24014 0.85944
H -3.88578 -5.35572 4.73116
H -4.10058 -7.54569 5.6916
H -5.0212 -7.7006 4.13547
H -2.59117 -9.04653 5.05793
H -3.22375 -9.20553 3.35746
H -0.85169 -7.99717 3.72518
H -4.36039 -3.12594 0.20843
H -2.8378 -3.11372 -0.71
H 2.46462 -5.55729 -2.93182
H 2.6231 -4.21503 -4.12955
H 0.97979 -4.78332 -3.60452
H -0.92378 -5.13358 -2.00855
H -2.0114 -5.21568 -0.77197
H 0.17734 -6.67544 -1.1986
H 1.16849 -5.90387 -0.29002
$end

$opt
CONSTRAINT
tors           1           2           3           4    -163.036
tors           3           4           5           6    -128.156
tors           4           5           6           7    +150.047
tors           5           6           7           8     -70.515
tors           6           7           8           9    +130.728
tors           7           8           9          10     -21.980
tors           8           9          10          11    +179.578
tors           9          10          11          12     -64.887
tors          11          12          13          14    +125.010
ENDCONSTRAINT
$end

$rem
JOBTYPE                   OPT
METHOD                    B3LYP
DFT_D                     d3_op
BASIS                     STO-3G
GEOM_OPT_MAX_CYCLES       100
GEOM_OPT_TOL_GRADIENT     300
GEOM_OPT_TOL_DISPLACEMENT 1200
GEOM_OPT_TOL_ENERGY       100
SYMMETRY                  False
THRESH                    12
SCF_CONVERGENCE           8
MAX_SUB_FILE_NUM          128
MEM_STATIC                400
MEM_TOTAL                 4000
$end
