$molecule
0  1
O -3.94934 -3.66094 2.70899
C -3.26408 -4.56952 2.26188
C -3.36658 -6.02376 2.66595
C -2.06769 -6.72818 3.09084
C -0.84209 -5.85339 3.23485
O 0.19218 -6.38179 2.51617
C 1.39139 -5.60458 2.60037
C 1.29784 -4.39234 1.67957
O 2.31015 -3.43455 2.02703
C 2.82324 -3.55571 3.27652
C 3.88822 -2.52813 3.57743
C 4.78817 -2.16131 2.38839
C 4.2847 -2.585 1.02321
O 4.22002 -1.86554 0.03693
O -2.4256 -4.30275 1.2261
O 4.34561 -3.93083 0.79612
O 2.10026 -3.71702 4.25374
C 4.19829 -4.52568 -0.44089
C 3.32746 -1.12735 3.92914
C 4.34969 -0.37055 4.77447
C 5.42643 -0.10692 3.74232
C 4.72557 -0.62418 2.47932
O 3.35899 -0.40463 2.72375
H 4.46644 -2.90204 4.45403
H 5.81815 -2.56661 2.49813
H 2.34736 -1.15456 4.45311
H 3.87717 0.59949 5.05134
H 4.69434 -0.88257 5.69853
H 5.60033 0.99071 3.69021
H 6.38708 -0.64039 3.91092
H 5.14678 -0.12483 1.57936
O -0.77997 -4.85425 3.94368
C -2.23651 -3.04988 0.68137
C -4.2266 -6.23444 3.92727
C -4.72899 -7.67797 3.98811
C -3.4576 -8.40322 4.37425
C -2.48683 -7.22539 4.48737
O -3.29357 -6.18101 4.97785
H -3.8268 -6.5408 1.79429
H -1.82678 -7.58919 2.42489
H -1.84482 -2.35301 1.45305
H -5.0871 -5.53402 3.9966
H -5.45087 -7.75927 4.8319
H -5.21246 -8.02977 3.05133
H -3.60285 -8.85483 5.38119
H -3.11627 -9.18225 3.65885
H -1.61398 -7.50658 5.11771
H -3.19378 -2.6604 0.27388
H -1.49833 -3.12007 -0.14371
H 4.27096 -5.6265 -0.32591
H 5.00178 -4.18337 -1.12725
H 3.20815 -4.27345 -0.87528
H 1.36578 -4.69881 0.61536
H 0.32825 -3.8733 1.81563
H 2.2311 -6.20397 2.18698
H 1.61075 -5.6652 3.67625
$end

$opt
CONSTRAINT
tors           1           2           3           4    -128.182
tors           3           4           5           6    -128.156
tors           4           5           6           7    +179.844
tors           5           6           7           8     -78.516
tors           6           7           8           9    +164.219
tors           7           8           9          10     -20.126
tors           8           9          10          11    +179.578
tors           9          10          11          12     -35.817
tors          11          12          13          14    +131.040
ENDCONSTRAINT
$end

$rem
JOBTYPE                   OPT
METHOD                    B3LYP
DFT_D                     d3_op
BASIS                     STO-3G
GEOM_OPT_MAX_CYCLES       100
GEOM_OPT_TOL_GRADIENT     300
GEOM_OPT_TOL_DISPLACEMENT 1200
GEOM_OPT_TOL_ENERGY       100
SYMMETRY                  False
THRESH                    12
SCF_CONVERGENCE           8
MAX_SUB_FILE_NUM          128
MEM_STATIC                400
MEM_TOTAL                 4000
$end
