$molecule
0  1
O -3.94934 -3.66094 2.70899
C -3.26408 -4.56952 2.26188
C -3.36658 -6.02376 2.66595
C -2.22677 -6.59655 3.5242
C -1.20156 -5.60673 4.03142
O 0.03113 -5.91901 3.53304
C 1.05811 -5.0213 3.96741
C 0.94598 -3.69475 3.22321
O 1.64688 -2.66871 3.94353
C 1.73345 -2.8529 5.28433
C 2.48928 -1.74747 5.98248
C 3.66997 -1.16919 5.18885
C 3.70507 -1.51159 3.71297
O 4.30775 -0.88434 2.85396
O -2.28644 -4.27397 1.36603
O 3.90818 -2.86105 3.55143
O 0.78112 -3.26564 5.93831
C 4.33293 -3.48584 2.39255
C 1.64207 -0.47264 6.19389
C 2.21874 0.33633 7.35395
C 3.50303 0.84203 6.73129
C 3.32956 0.33132 5.29558
O 1.93904 0.34248 5.0894
H 2.79776 -2.13949 6.97876
H 4.66539 -1.41077 5.62308
H 0.56392 -0.67881 6.37098
H 1.53617 1.20192 7.51365
H 2.34042 -0.21335 8.31204
H 3.49356 1.95416 6.76367
H 4.43895 0.45336 7.18819
H 3.92722 0.95611 4.59576
O -1.46057 -4.65513 4.76008
C -2.04533 -3.01064 0.86783
C -4.55537 -6.28136 3.62248
C -4.96302 -7.75436 3.57174
C -3.81364 -8.39148 4.32272
C -3.01854 -7.14491 4.72116
O -4.00571 -6.16175 4.91177
H -3.54037 -6.59952 1.72929
H -1.69675 -7.40932 2.97567
H -1.79436 -2.31185 1.69389
H -5.44002 -5.64316 3.40611
H -5.88737 -7.86615 4.18278
H -5.14681 -8.15523 2.55176
H -4.21984 -8.89068 5.23062
H -3.2025 -9.11122 3.73627
H -2.36656 -7.36251 5.59619
H -2.93899 -2.63859 0.32265
H -1.18912 -3.05476 0.16398
H 4.37471 -4.58071 2.5646
H 5.34769 -3.13162 2.11253
H 3.62346 -3.2786 1.56387
H 1.28518 -3.77574 2.16953
H -0.10739 -3.35569 3.18634
H 2.04618 -5.43477 3.67364
H 1.08056 -5.18049 5.05703
$end

$opt
CONSTRAINT
tors           1           2           3           4    -107.965
tors           3           4           5           6    -118.300
tors           4           5           6           7    +179.844
tors           5           6           7           8     -75.043
tors           6           7           8           9    +160.674
tors           7           8           9          10     -27.668
tors           8           9          10          11    +179.578
tors           9          10          11          12     -35.817
tors          11          12          13          14    +158.573
ENDCONSTRAINT
$end

$rem
JOBTYPE                   OPT
METHOD                    B3LYP
DFT_D                     d3_op
BASIS                     STO-3G
GEOM_OPT_MAX_CYCLES       100
GEOM_OPT_TOL_GRADIENT     300
GEOM_OPT_TOL_DISPLACEMENT 1200
GEOM_OPT_TOL_ENERGY       100
SYMMETRY                  False
THRESH                    12
SCF_CONVERGENCE           8
MAX_SUB_FILE_NUM          128
MEM_STATIC                400
MEM_TOTAL                 4000
$end
