$molecule
0  1
O -3.94934 -3.66094 2.70899
C -3.26408 -4.56952 2.26188
C -3.36658 -6.02376 2.66595
C -2.11891 -6.66889 3.29123
C -0.96609 -5.74152 3.60603
O 0.12996 -6.09851 2.87346
C 1.25341 -5.2368 3.08453
C 0.98217 -3.86233 2.48172
O 1.55983 -2.84164 3.31082
C 1.82042 -3.20792 4.5903
C 2.43516 -2.09623 5.40695
C 2.91129 -0.88325 4.5944
C 2.39435 -0.79631 3.17246
O 2.02765 0.22692 2.6129
O -2.38452 -4.29258 1.26409
O 3.17751 -1.57419 2.34636
O 1.15763 -3.98685 5.26344
C 3.23526 -1.47794 0.96844
C 1.45046 -1.41338 6.38621
C 2.23247 -0.76381 7.5257
C 2.88473 0.38954 6.79529
C 2.23629 0.23927 5.41375
O 0.96628 -0.29844 5.68362
H 3.26306 -2.55848 5.99073
H 4.01751 -0.76117 4.57301
H 0.67896 -2.09525 6.80453
H 1.48279 -0.35324 8.23998
H 2.92933 -1.43402 8.07349
H 2.56593 1.33758 7.28293
H 3.99363 0.34679 6.73107
H 2.2461 1.21985 4.88918
O -1.0625 -4.77525 4.35026
C -2.2287 -3.04706 0.69066
C -4.38336 -6.25632 3.80505
C -4.84913 -7.71309 3.8062
C -3.61697 -8.40385 4.35089
C -2.7116 -7.19643 4.60837
O -3.61056 -6.17876 4.97809
H -3.70218 -6.56972 1.75576
H -1.74313 -7.50229 2.65331
H -1.92528 -2.30358 1.45849
H -5.26595 -5.58219 3.75269
H -5.66604 -7.80738 4.55707
H -5.20827 -8.08465 2.82238
H -3.88256 -8.88576 5.3183
H -3.15031 -9.15067 3.67277
H -1.92638 -7.45254 5.35395
H -3.17933 -2.72422 0.2151
H -1.43945 -3.10097 -0.08699
H 3.93058 -2.24949 0.57931
H 3.6108 -0.47674 0.66788
H 2.22867 -1.64606 0.53028
H 1.38448 -3.79948 1.44737
H -0.09312 -3.62707 2.39831
H 2.05702 -5.62235 2.42023
H 1.81349 -5.56128 3.98256
$end

$opt
CONSTRAINT
tors           1           2           3           4    -119.158
tors           3           4           5           6    -117.697
tors           4           5           6           7    +178.058
tors           5           6           7           8     -69.528
tors           6           7           8           9    +143.680
tors           7           8           9          10     -20.126
tors           8           9          10          11    +179.578
tors           9          10          11          12     -11.909
tors          11          12          13          14    +139.492
ENDCONSTRAINT
$end

$rem
JOBTYPE                   OPT
METHOD                    B3LYP
DFT_D                     d3_op
BASIS                     STO-3G
GEOM_OPT_MAX_CYCLES       100
GEOM_OPT_TOL_GRADIENT     300
GEOM_OPT_TOL_DISPLACEMENT 1200
GEOM_OPT_TOL_ENERGY       100
SYMMETRY                  False
THRESH                    12
SCF_CONVERGENCE           8
MAX_SUB_FILE_NUM          128
MEM_STATIC                400
MEM_TOTAL                 4000
$end
