$molecule
0  1
O -3.94934 -3.66094 2.70899
C -3.26408 -4.56952 2.26188
C -3.36658 -6.02376 2.66595
C -2.06769 -6.72818 3.09084
C -0.84209 -5.85339 3.23485
O 0.09591 -6.21288 2.30946
C 1.19987 -5.30388 2.24421
C 0.81536 -4.06693 1.43907
O 1.8702 -3.09423 1.50261
C 2.71026 -3.21333 2.56056
C 3.80185 -2.16975 2.56548
C 4.1636 -1.60488 1.18405
C 3.16951 -1.88446 0.07485
O 2.76393 -1.06499 -0.73664
O -2.48224 -4.31328 1.18055
O 3.25051 -3.1708 -0.39284
O 2.32718 -3.46469 3.69588
C 2.71257 -3.61374 -1.58543
C 3.4179 -0.8614 3.30109
C 4.68632 -0.15394 3.77329
C 5.25792 0.30854 2.44996
C 4.1195 -0.09696 1.50519
O 2.96005 0.00328 2.29277
H 4.67661 -2.62167 3.08679
H 5.16419 -1.93779 0.82943
H 2.72894 -1.01129 4.16037
H 4.35751 0.74038 4.3504
H 5.37486 -0.75862 4.40187
H 5.37723 1.41411 2.48731
H 6.21565 -0.17072 2.15202
H 4.14381 0.53686 0.59171
O -0.76321 -4.89121 3.99166
C -2.41739 -3.08948 0.54437
C -4.21793 -6.23838 3.9346
C -4.73137 -7.67823 3.98644
C -3.4607 -8.41973 4.3451
C -2.48196 -7.24999 4.47683
O -3.27976 -6.20611 4.98287
H -3.83843 -6.542 1.80102
H -1.82714 -7.56693 2.39692
H -2.07047 -2.30506 1.25064
H -5.07273 -5.53252 4.01767
H -5.43874 -7.75799 4.84268
H -5.23641 -8.01986 3.05733
H -3.60233 -8.89948 5.33933
H -3.1263 -9.17833 3.6048
H -1.6072 -7.54481 5.09798
H -3.41625 -2.81402 0.14381
H -1.70102 -3.15479 -0.30003
H 2.90904 -4.70014 -1.6917
H 3.1827 -3.0802 -2.4387
H 1.61548 -3.4425 -1.60075
H 0.59779 -4.34665 0.38789
H -0.08151 -3.59117 1.87567
H 2.00589 -5.79193 1.65426
H 1.58679 -5.36342 3.2711
$end

$opt
CONSTRAINT
tors           1           2           3           4    -128.182
tors           3           4           5           6    -115.473
tors           4           5           6           7    +171.012
tors           5           6           7           8     -79.012
tors           6           7           8           9    +173.546
tors           7           8           9          10     -22.229
tors           8           9          10          11    +179.578
tors           9          10          11          12     -25.728
tors          11          12          13          14    +134.368
ENDCONSTRAINT
$end

$rem
JOBTYPE                   OPT
METHOD                    B3LYP
DFT_D                     d3_op
BASIS                     STO-3G
GEOM_OPT_MAX_CYCLES       100
GEOM_OPT_TOL_GRADIENT     300
GEOM_OPT_TOL_DISPLACEMENT 1200
GEOM_OPT_TOL_ENERGY       100
SYMMETRY                  False
THRESH                    12
SCF_CONVERGENCE           8
MAX_SUB_FILE_NUM          128
MEM_STATIC                400
MEM_TOTAL                 4000
$end
