$molecule
0  1
O -3.94934 -3.66094 2.70899
C -3.26408 -4.56952 2.26188
C -3.36658 -6.02376 2.66595
C -2.07609 -6.7152 3.13542
C -0.86402 -5.8288 3.31781
O 0.22566 -6.40622 2.73078
C 1.41616 -5.62163 2.85872
C 1.3835 -4.45326 1.87894
O 2.25208 -3.40541 2.33769
C 2.72156 -3.54878 3.60188
C 3.62896 -2.41793 4.02432
C 4.54961 -1.87947 2.91944
C 4.19031 -2.28486 1.50407
O 4.09902 -1.52507 0.55069
O -2.40709 -4.29913 1.2424
O 4.41505 -3.60172 1.22034
O 1.97153 -3.77994 4.54343
C 4.41259 -4.14157 -0.0502
C 2.88126 -1.10936 4.3981
C 3.74744 -0.28459 5.34778
C 4.84994 0.15736 4.40845
C 4.29897 -0.36783 3.07653
O 2.90344 -0.32318 3.23299
H 4.1925 -2.76183 4.92318
H 5.61143 -2.16874 3.08078
H 1.87934 -1.27416 4.85051
H 3.14454 0.60773 5.63292
H 4.08931 -0.80047 6.27069
H 4.89581 1.26889 4.4204
H 5.85394 -0.27082 4.61952
H 4.71479 0.22486 2.23242
O -0.84561 -4.80915 3.99944
C -2.20104 -3.04291 0.712
C -4.26684 -6.23464 3.8986
C -4.75586 -7.68302 3.95403
C -3.49171 -8.39019 4.39239
C -2.53746 -7.20101 4.52391
O -3.37024 -6.1612 4.97845
H -3.79517 -6.54717 1.78215
H -1.80432 -7.58513 2.49354
H -1.81605 -2.35604 1.49592
H -5.13677 -5.54324 3.93268
H -5.50772 -7.76678 4.77096
H -5.19967 -8.04669 3.00227
H -3.66637 -8.82916 5.4003
H -3.11937 -9.17595 3.70022
H -1.6837 -7.46756 5.18611
H -3.14924 -2.64308 0.29342
H -1.45078 -3.11095 -0.10227
H 4.60075 -5.23256 0.0179
H 5.21397 -3.67755 -0.66368
H 3.42931 -3.97515 -0.5385
H 1.63354 -4.79223 0.85223
H 0.37313 -3.99952 1.84019
H 2.2848 -6.22885 2.52359
H 1.5608 -5.70602 3.94385
$end

$opt
CONSTRAINT
tors           1           2           3           4    -126.205
tors           3           4           5           6    -133.273
tors           4           5           6           7    +179.844
tors           5           6           7           8     -76.573
tors           6           7           8           9    +157.251
tors           7           8           9          10     -10.805
tors           8           9          10          11    +179.927
tors           9          10          11          12     -37.290
tors          11          12          13          14    +131.040
ENDCONSTRAINT
$end

$rem
JOBTYPE                   OPT
METHOD                    B3LYP
DFT_D                     d3_op
BASIS                     STO-3G
GEOM_OPT_MAX_CYCLES       100
GEOM_OPT_TOL_GRADIENT     300
GEOM_OPT_TOL_DISPLACEMENT 1200
GEOM_OPT_TOL_ENERGY       100
SYMMETRY                  False
THRESH                    12
SCF_CONVERGENCE           8
MAX_SUB_FILE_NUM          128
MEM_STATIC                400
MEM_TOTAL                 4000
$end
