$molecule
0  1
O -3.94934 -3.66094 2.70899
C -3.26408 -4.56952 2.26188
C -3.36658 -6.02376 2.66595
C -2.0498 -6.78725 2.88277
C -0.78001 -5.96609 2.84499
O 0.2221 -6.6878 2.2616
C 1.44932 -5.95929 2.15004
C 1.3351 -4.90135 1.05741
O 2.44027 -3.98803 1.14305
C 3.06319 -3.93767 2.34662
C 4.22094 -2.96827 2.36981
C 5.13314 -3.01975 1.1355
C 4.57381 -3.74892 -0.06956
O 4.56023 -3.3199 -1.21425
O -2.49367 -4.31707 1.17041
O 4.42671 -5.09504 0.09254
O 2.41355 -3.84477 3.38254
C 4.1497 -5.98175 -0.92806
C 3.79776 -1.48069 2.33324
C 4.89963 -0.62518 2.95432
C 5.979 -0.74723 1.89777
C 5.21361 -1.51521 0.81198
O 3.87668 -1.1118 0.97827
H 4.78666 -3.15301 3.31294
H 6.11939 -3.48031 1.3641
H 2.82691 -1.28084 2.83687
H 4.52298 0.42315 2.95897
H 5.21117 -0.90318 3.9841
H 6.25143 0.27586 1.556
H 6.88961 -1.30269 2.21096
H 5.66376 -1.31569 -0.18509
O -0.61841 -4.92193 3.46874
C -2.32153 -3.06922 0.60907
C -4.0412 -6.20588 4.03738
C -4.57882 -7.63137 4.17626
C -3.29108 -8.39718 4.38778
C -2.27468 -7.25459 4.33693
O -2.96124 -6.18131 4.93526
H -3.96598 -6.50914 1.86371
H -1.94013 -7.67351 2.2158
H -1.86547 -2.37796 1.34974
H -4.85721 -5.47557 4.2285
H -5.18285 -7.6926 5.10948
H -5.19379 -7.96319 3.31203
H -3.30091 -8.82281 5.41638
H -3.08768 -9.20373 3.65078
H -1.32914 -7.5654 4.83497
H -3.29749 -2.66418 0.26624
H -1.64287 -3.15426 -0.26428
H 4.06609 -7.00486 -0.50782
H 4.96886 -5.96849 -1.67823
H 3.19085 -5.71571 -1.42053
H 1.28837 -5.38259 0.05859
H 0.41624 -4.29266 1.17844
H 2.24626 -6.65538 1.81004
H 1.70659 -5.81282 3.2085
$end

$opt
CONSTRAINT
tors           1           2           3           4    -137.284
tors           3           4           5           6    -143.769
tors           4           5           6           7    +178.101
tors           5           6           7           8     -73.089
tors           6           7           8           9    +167.365
tors           7           8           9          10     -21.277
tors           8           9          10          11    +179.578
tors           9          10          11          12     -43.485
tors          11          12          13          14    +131.040
ENDCONSTRAINT
$end

$rem
JOBTYPE                   OPT
METHOD                    B3LYP
DFT_D                     d3_op
BASIS                     STO-3G
GEOM_OPT_MAX_CYCLES       100
GEOM_OPT_TOL_GRADIENT     300
GEOM_OPT_TOL_DISPLACEMENT 1200
GEOM_OPT_TOL_ENERGY       100
SYMMETRY                  False
THRESH                    12
SCF_CONVERGENCE           8
MAX_SUB_FILE_NUM          128
MEM_STATIC                400
MEM_TOTAL                 4000
$end
