$molecule
0  1
O -3.94934 -3.66094 2.70899
C -3.26408 -4.56952 2.26188
C -3.36658 -6.02376 2.66595
C -2.06004 -6.83259 2.71698
C -0.77685 -6.0535 2.53123
O 0.12237 -6.80173 1.82627
C 1.35464 -6.11625 1.57953
C 1.14935 -5.02641 0.53252
O 2.2081 -4.05968 0.61829
C 2.89281 -4.04709 1.78884
C 4.00035 -3.0207 1.81161
C 5.02653 -3.1504 0.67653
C 4.61557 -4.02792 -0.48872
O 4.73599 -3.73912 -1.67052
O -2.55588 -4.32762 1.12633
O 4.39383 -5.33646 -0.18437
O 2.27284 -4.00138 2.8472
C 4.1586 -6.32714 -1.1156
C 3.53198 -1.56462 1.60664
C 4.54902 -0.61102 2.22953
C 5.71501 -0.77925 1.27514
C 5.07399 -1.68135 0.21212
O 3.71287 -1.32252 0.23206
H 4.51 -3.10618 2.80097
H 6.00136 -3.54169 1.04245
H 2.51497 -1.36645 2.00999
H 4.13696 0.41694 2.11045
H 4.78508 -0.78619 3.30117
H 5.97021 0.21907 0.85559
H 6.6205 -1.25497 1.71052
H 5.5984 -1.55689 -0.76043
O -0.5038 -5.0259 3.14329
C -2.42159 -3.08652 0.53927
C -3.86268 -6.18622 4.11525
C -4.43716 -7.58865 4.32194
C -3.16673 -8.40954 4.35614
C -2.11847 -7.308 4.18393
O -2.67738 -6.21312 4.86834
H -4.08978 -6.48111 1.95452
H -2.06307 -7.71283 2.03338
H -1.92825 -2.38334 1.24395
H -4.61579 -5.42452 4.41272
H -4.90991 -7.6286 5.32921
H -5.17872 -7.89015 3.55103
H -3.06281 -8.85341 5.37169
H -3.09335 -9.20912 3.58777
H -1.13082 -7.66158 4.55575
H -3.41708 -2.69022 0.24599
H -1.79328 -3.18016 -0.37008
H 4.00607 -7.29183 -0.59001
H 5.02962 -6.42637 -1.79788
H 3.24659 -6.09093 -1.70384
H 1.07319 -5.46585 -0.48444
H 0.2156 -4.4596 0.71704
H 2.08053 -6.82585 1.12907
H 1.75917 -6.02944 2.59882
$end

$opt
CONSTRAINT
tors           1           2           3           4    -144.503
tors           3           4           5           6    -143.769
tors           4           5           6           7    +178.492
tors           5           6           7           8     -72.375
tors           6           7           8           9    +159.961
tors           7           8           9          10     -19.450
tors           8           9          10          11    +179.401
tors           9          10          11          12     -56.117
tors          11          12          13          14    +133.810
ENDCONSTRAINT
$end

$rem
JOBTYPE                   OPT
METHOD                    B3LYP
DFT_D                     d3_op
BASIS                     STO-3G
GEOM_OPT_MAX_CYCLES       100
GEOM_OPT_TOL_GRADIENT     300
GEOM_OPT_TOL_DISPLACEMENT 1200
GEOM_OPT_TOL_ENERGY       100
SYMMETRY                  False
THRESH                    12
SCF_CONVERGENCE           8
MAX_SUB_FILE_NUM          128
MEM_STATIC                400
MEM_TOTAL                 4000
$end
