$molecule
0  1
O -3.94934 -3.66094 2.70899
C -3.26408 -4.56952 2.26188
C -3.36658 -6.02376 2.66595
C -2.06682 -6.72967 3.08568
C -0.83975 -5.85623 3.22523
O 0.26623 -6.53952 2.80648
C 1.46595 -5.76097 2.86803
C 1.58569 -4.88099 1.6281
O 2.68472 -3.96882 1.7796
C 3.32772 -4.02351 2.97238
C 4.4778 -3.04925 3.06602
C 5.39439 -3.00948 1.83453
C 4.84468 -3.65891 0.58043
O 4.81691 -3.1466 -0.52923
O -2.418 -4.30223 1.23216
O 4.69462 -5.01216 0.6468
O 3.63968 -5.0278 3.60524
C 4.41701 -5.8219 -0.43599
C 4.02005 -1.57402 3.112
C 5.0937 -0.72827 3.79547
C 6.1926 -0.77433 2.75249
C 5.45459 -1.48585 1.61006
O 4.10753 -1.11988 1.78354
H 5.04623 -3.23752 4.01005
H 6.38311 -3.47676 2.03647
H 3.03814 -1.43186 3.61432
H 4.69264 0.30974 3.84576
H 5.3974 -1.04725 4.81576
H 6.46118 0.27045 2.48079
H 7.10263 -1.3414 3.04632
H 5.91245 -1.21585 0.63325
O -0.82828 -4.78336 3.82062
C -2.20401 -3.04577 0.70613
C -4.22957 -6.22422 3.925
C -4.72285 -7.67014 4.00386
C -3.45037 -8.37802 4.41441
C -2.48583 -7.19297 4.49776
O -3.29708 -6.14533 4.97229
H -3.82443 -6.53991 1.79278
H -1.82302 -7.61838 2.45874
H -1.79971 -2.36865 1.48875
H -5.09475 -5.52841 3.98193
H -5.4553 -7.74898 4.83863
H -5.18912 -8.03541 3.06347
H -3.59517 -8.79582 5.43602
H -3.1069 -9.18088 3.72697
H -1.61282 -7.45895 5.13479
H -3.15281 -2.63184 0.30288
H -1.4657 -3.11826 -0.1186
H 4.32473 -6.87195 -0.09078
H 5.2392 -5.75958 -1.1802
H 3.46263 -5.51455 -0.91334
H 1.7095 -5.50871 0.72223
H 0.66673 -4.26969 1.50881
H 2.26517 -6.53437 2.8158
H 1.44552 -5.24169 3.85851
$end

$opt
CONSTRAINT
tors           1           2           3           4    -128.410
tors           3           4           5           6    -143.769
tors           4           5           6           7    +178.101
tors           5           6           7           8     -82.585
tors           6           7           8           9    +171.920
tors           7           8           9          10      -3.064
tors           8           9          10          11    +179.578
tors           9          10          11          12     -45.287
tors          11          12          13          14    +130.109
ENDCONSTRAINT
$end

$rem
JOBTYPE                   OPT
METHOD                    B3LYP
DFT_D                     d3_op
BASIS                     STO-3G
GEOM_OPT_MAX_CYCLES       100
GEOM_OPT_TOL_GRADIENT     300
GEOM_OPT_TOL_DISPLACEMENT 1200
GEOM_OPT_TOL_ENERGY       100
SYMMETRY                  False
THRESH                    12
SCF_CONVERGENCE           8
MAX_SUB_FILE_NUM          128
MEM_STATIC                400
MEM_TOTAL                 4000
$end
