$molecule
0  1
O -3.94934 -3.66094 2.70899
C -3.26408 -4.56952 2.26188
C -3.36658 -6.02376 2.66595
C -2.05607 -6.75296 3.00458
C -0.80841 -5.90053 3.07375
O 0.28389 -6.64865 2.73815
C 1.5071 -5.90575 2.77156
C 1.57147 -4.94567 1.58825
O 2.63976 -4.00479 1.77896
C 3.05013 -3.84047 3.06104
C 4.1804 -2.84781 3.1944
C 5.36009 -3.07782 2.23852
C 5.09579 -4.01328 1.07586
O 5.3617 -3.7818 -0.09473
O -2.44683 -4.30803 1.20745
O 4.84062 -5.30719 1.41742
O 2.2243 -3.65619 3.94906
C 4.74858 -6.35021 0.51869
C 3.80065 -1.39695 2.82341
C 4.74012 -0.42827 3.53813
C 6.03482 -0.69183 2.79512
C 5.53491 -1.64419 1.70067
O 4.20167 -1.25056 1.48267
H 4.51656 -2.87226 4.25792
H 6.25441 -3.47105 2.7702
H 2.74125 -1.14456 3.04738
H 4.38869 0.59866 3.28777
H 4.79837 -0.5328 4.64289
H 6.39205 0.26917 2.36312
H 6.84051 -1.16466 3.39771
H 6.20908 -1.59816 0.81756
O -0.75357 -4.82318 3.65853
C -2.24563 -3.05444 0.66958
C -4.1578 -6.21802 3.97178
C -4.66817 -7.65679 4.0716
C -3.38532 -8.38668 4.40462
C -2.39877 -7.21768 4.4367
O -3.16425 -6.1601 4.96294
H -3.87956 -6.52807 1.81684
H -1.86158 -7.63849 2.35648
H -1.81898 -2.37428 1.43757
H -5.00681 -5.50902 4.08282
H -5.35285 -7.73001 4.94645
H -5.19288 -8.00892 3.15735
H -3.47693 -8.80648 5.43159
H -3.09517 -9.19175 3.69556
H -1.4944 -7.50063 5.02042
H -3.20449 -2.64089 0.29046
H -1.53029 -3.13211 -0.17468
H 4.52082 -7.28566 1.06945
H 5.71193 -6.47732 -0.01961
H 3.93551 -6.15707 -0.21251
H 1.70107 -5.51048 0.64146
H 0.63964 -4.34972 1.49868
H 2.35493 -6.61084 2.63476
H 1.58142 -5.65721 3.84003
$end

$opt
CONSTRAINT
tors           1           2           3           4    -131.974
tors           3           4           5           6    -150.939
tors           4           5           6           7    +179.591
tors           5           6           7           8     -72.747
tors           6           7           8           9    +167.365
tors           7           8           9          10     -21.277
tors           8           9          10          11    +179.578
tors           9          10          11          12     -49.862
tors          11          12          13          14    +131.092
ENDCONSTRAINT
$end

$rem
JOBTYPE                   OPT
METHOD                    B3LYP
DFT_D                     d3_op
BASIS                     STO-3G
GEOM_OPT_MAX_CYCLES       100
GEOM_OPT_TOL_GRADIENT     300
GEOM_OPT_TOL_DISPLACEMENT 1200
GEOM_OPT_TOL_ENERGY       100
SYMMETRY                  False
THRESH                    12
SCF_CONVERGENCE           8
MAX_SUB_FILE_NUM          128
MEM_STATIC                400
MEM_TOTAL                 4000
$end
