$molecule
0  1
O -3.94934 -3.66094 2.70899
C -3.26408 -4.56952 2.26188
C -3.36658 -6.02376 2.66595
C -2.05346 -6.76137 2.97497
C -0.79946 -5.91657 3.01828
O 0.26713 -6.64632 2.57637
C 1.4885 -5.90007 2.55148
C 1.51341 -4.97294 1.34072
O 2.59062 -4.03141 1.46736
C 3.07472 -3.86466 2.72314
C 4.20384 -2.86405 2.79039
C 5.32669 -3.08532 1.76642
C 5.00091 -4.0222 0.62064
O 5.24884 -3.81337 -0.55812
O -2.45765 -4.31014 1.19858
O 4.75346 -5.31239 0.98309
O 2.30302 -3.66679 3.65567
C 4.62485 -6.36424 0.09907
C 3.79192 -1.41589 2.44235
C 4.7653 -0.43968 3.0991
C 6.01463 -0.69364 2.27934
C 5.45702 -1.65105 1.21775
O 4.11023 -1.26787 1.07993
H 4.60289 -2.88516 3.83216
H 6.25422 -3.47134 2.24373
H 2.74616 -1.17055 2.7294
H 4.39164 0.58447 2.87051
H 4.8908 -0.54349 4.19832
H 6.33719 0.26968 1.82576
H 6.8592 -1.15917 2.83234
H 6.07631 -1.6002 0.29561
O -0.71295 -4.84683 3.61284
C -2.26221 -3.05771 0.65578
C -4.13095 -6.21418 3.98802
C -4.64664 -7.65031 4.09843
C -3.36108 -8.38656 4.40569
C -2.36772 -7.22294 4.41483
O -3.11592 -6.16121 4.95731
H -3.89973 -6.52351 1.82664
H -1.88043 -7.65105 2.32633
H -1.82768 -2.37582 1.41778
H -4.9736 -5.5007 4.11718
H -5.31432 -7.72074 4.98653
H -5.19081 -7.99917 3.19434
H -3.43295 -8.80319 5.43553
H -3.09091 -9.19531 3.69295
H -1.45249 -7.51067 4.97902
H -3.22494 -2.64507 0.28562
H -1.55566 -3.13718 -0.1957
H 4.41223 -7.29272 0.66742
H 5.56784 -6.50191 -0.47169
H 3.78719 -6.17433 -0.60476
H 1.60531 -5.56363 0.40529
H 0.57754 -4.37928 1.27863
H 2.32882 -6.60935 2.39019
H 1.61298 -5.64699 3.61456
$end

$opt
CONSTRAINT
tors           1           2           3           4    -133.269
tors           3           4           5           6    -147.093
tors           4           5           6           7    +178.300
tors           5           6           7           8     -77.231
tors           6           7           8           9    +167.811
tors           7           8           9          10     -19.315
tors           8           9          10          11    +179.991
tors           9          10          11          12     -49.862
tors          11          12          13          14    +134.485
ENDCONSTRAINT
$end

$rem
JOBTYPE                   OPT
METHOD                    B3LYP
DFT_D                     d3_op
BASIS                     STO-3G
GEOM_OPT_MAX_CYCLES       100
GEOM_OPT_TOL_GRADIENT     300
GEOM_OPT_TOL_DISPLACEMENT 1200
GEOM_OPT_TOL_ENERGY       100
SYMMETRY                  False
THRESH                    12
SCF_CONVERGENCE           8
MAX_SUB_FILE_NUM          128
MEM_STATIC                400
MEM_TOTAL                 4000
$end
