$molecule
0  1
O -3.94934 -3.66094 2.70899
C -3.26408 -4.56952 2.26188
C -3.36658 -6.02376 2.66595
C -2.06624 -6.7307 3.08214
C -0.83817 -5.85818 3.21863
O 0.28719 -6.60724 3.02396
C 1.48858 -5.82884 3.02293
C 1.53753 -4.93938 1.78495
O 2.46266 -3.86073 1.99358
C 2.75653 -3.58686 3.28887
C 3.73293 -2.445 3.44194
C 5.0054 -2.5628 2.59033
C 4.95978 -3.5845 1.47195
O 5.20379 -3.35894 0.29546
O -2.4209 -4.3027 1.22964
O 4.8763 -4.88469 1.86782
O 1.84875 -3.45952 4.10486
C 4.96657 -5.96738 1.01755
C 3.1988 -1.07864 2.95712
C 3.94411 0.04215 3.67829
C 5.31749 -0.08241 3.04884
C 5.03502 -1.14743 1.9808
O 3.68374 -0.94762 1.64278
H 3.98541 -2.37025 4.5262
H 5.8996 -2.8016 3.20717
H 2.10103 -0.95968 3.08749
H 3.48346 0.9987 3.34126
H 3.92663 0.00215 4.78864
H 5.58016 0.89471 2.58625
H 6.1269 -0.41148 3.73612
H 5.7664 -1.05685 1.14801
O -0.84165 -4.76494 3.77498
C -2.20741 -3.04628 0.70326
C -4.2255 -6.22566 3.92772
C -4.72058 -7.67111 4.0047
C -3.44744 -8.38243 4.40776
C -2.48137 -7.1991 4.49327
O -3.28983 -6.15148 4.97278
H -3.82776 -6.53974 1.7944
H -1.8189 -7.61041 2.44441
H -1.80007 -2.36972 1.48481
H -5.08944 -5.52871 3.98924
H -5.44919 -7.75036 4.84279
H -5.19213 -8.03386 3.06598
H -3.58954 -8.80539 5.42763
H -3.10616 -9.18146 3.7148
H -1.60706 -7.46788 5.12726
H -3.15707 -2.63147 0.30293
H -1.47165 -3.11923 -0.1237
H 4.85245 -6.90129 1.60502
H 5.95786 -5.97814 0.51632
H 4.16255 -5.92407 0.25296
H 1.79545 -5.53494 0.88434
H 0.55964 -4.45504 1.58625
H 2.36487 -6.50722 2.94269
H 1.54638 -5.53895 4.08138
$end

$opt
CONSTRAINT
tors           1           2           3           4    -128.566
tors           3           4           5           6    -154.362
tors           4           5           6           7    +174.921
tors           5           6           7           8     -68.717
tors           6           7           8           9    +160.396
tors           7           8           9          10     -20.109
tors           8           9          10          11    +179.991
tors           9          10          11          12     -50.624
tors          11          12          13          14    +126.108
ENDCONSTRAINT
$end

$rem
JOBTYPE                   OPT
METHOD                    B3LYP
DFT_D                     d3_op
BASIS                     STO-3G
GEOM_OPT_MAX_CYCLES       100
GEOM_OPT_TOL_GRADIENT     300
GEOM_OPT_TOL_DISPLACEMENT 1200
GEOM_OPT_TOL_ENERGY       100
SYMMETRY                  False
THRESH                    12
SCF_CONVERGENCE           8
MAX_SUB_FILE_NUM          128
MEM_STATIC                400
MEM_TOTAL                 4000
$end
