$molecule
0  1
O -3.94934 -3.66094 2.70899
C -3.26408 -4.56952 2.26188
C -3.36658 -6.02376 2.66595
C -2.06091 -6.74108 3.04613
C -0.8232 -5.8779 3.15145
O 0.29138 -6.6362 2.93209
C 1.507 -5.88324 2.99968
C 1.61056 -4.94368 1.80275
O 2.55437 -3.89765 2.0819
C 2.74733 -3.62168 3.39558
C 3.74928 -2.51493 3.62329
C 5.10856 -2.72147 2.93921
C 5.1517 -3.78826 1.86366
O 5.52324 -3.61845 0.71141
O -2.4328 -4.30518 1.21928
O 4.95711 -5.06555 2.29171
O 1.78001 -3.49983 4.14101
C 5.07125 -6.18244 1.49001
C 3.33903 -1.14928 3.03332
C 4.04581 -0.03282 3.79865
C 5.47632 -0.23855 3.34042
C 5.27314 -1.33471 2.28586
O 3.9811 -1.0927 1.78235
H 3.8783 -2.4117 4.72668
H 5.91126 -2.96807 3.66862
H 2.2398 -0.98209 3.02844
H 3.67178 0.92825 3.37775
H 3.8972 -0.02953 4.89989
H 5.83404 0.70694 2.87582
H 6.18509 -0.56994 4.13009
H 6.10068 -1.30881 1.54345
O -0.80876 -4.78979 3.71773
C -2.22485 -3.05004 0.68765
C -4.19407 -6.22324 3.94874
C -4.69723 -7.66542 4.03424
C -3.41916 -8.3871 4.4021
C -2.44263 -7.21102 4.46613
O -3.23101 -6.15913 4.96943
H -3.85201 -6.53443 1.80449
H -1.83699 -7.61985 2.39852
H -1.80857 -2.37187 1.46306
H -5.05096 -5.52024 4.03471
H -5.40447 -7.74217 4.89067
H -5.19548 -8.02186 3.10696
H -3.53788 -8.81225 5.42405
H -3.10169 -9.18633 3.69816
H -1.55407 -7.48788 5.07638
H -3.1788 -2.63577 0.29708
H -1.49848 -3.12515 -0.14736
H 4.85492 -7.08729 2.09389
H 6.1034 -6.2602 1.08668
H 4.34462 -6.12872 0.65183
H 1.87031 -5.49757 0.87616
H 0.64727 -4.42759 1.61105
H 2.37018 -6.57678 2.91652
H 1.55188 -5.61251 4.06561
$end

$opt
CONSTRAINT
tors           1           2           3           4    -130.152
tors           3           4           5           6    -154.660
tors           4           5           6           7    +179.299
tors           5           6           7           8     -69.932
tors           6           7           8           9    +160.675
tors           7           8           9          10     -24.612
tors           8           9          10          11    +179.991
tors           9          10          11          12     -53.467
tors          11          12          13          14    +124.696
ENDCONSTRAINT
$end

$rem
JOBTYPE                   OPT
METHOD                    B3LYP
DFT_D                     d3_op
BASIS                     STO-3G
GEOM_OPT_MAX_CYCLES       100
GEOM_OPT_TOL_GRADIENT     300
GEOM_OPT_TOL_DISPLACEMENT 1200
GEOM_OPT_TOL_ENERGY       100
SYMMETRY                  False
THRESH                    12
SCF_CONVERGENCE           8
MAX_SUB_FILE_NUM          128
MEM_STATIC                400
MEM_TOTAL                 4000
$end
