$molecule
0  1
O -3.94934 -3.66094 2.70899
C -3.26408 -4.56952 2.26188
C -3.36658 -6.02376 2.66595
C -2.08631 -6.70193 3.18059
C -0.88947 -5.80371 3.40165
O 0.26073 -6.53636 3.32628
C 1.44411 -5.74216 3.46085
C 1.68696 -4.9406 2.18622
O 2.66224 -3.91511 2.43131
C 2.78123 -3.52038 3.72328
C 3.82096 -2.44214 3.91568
C 5.208 -2.77109 3.34455
C 5.26449 -3.93465 2.3752
O 5.78437 -3.91101 1.26897
O -2.38611 -4.29565 1.26116
O 4.95086 -5.15093 2.90071
O 1.77445 -3.27689 4.38111
C 5.07841 -6.34866 2.22767
C 3.51713 -1.12162 3.17662
C 4.22932 0.03026 3.88208
C 5.67372 -0.28057 3.54188
C 5.48266 -1.46105 2.58017
O 4.23829 -1.21146 1.97143
H 3.88556 -2.24005 5.01104
H 5.94691 -2.98697 4.14742
H 2.43015 -0.90733 3.08274
H 3.93094 0.96245 3.35037
H 4.01221 0.14482 4.96585
H 6.1071 0.60046 3.0187
H 6.31368 -0.56756 4.40436
H 6.3552 -1.54091 1.89547
O -0.96024 -4.69707 3.92634
C -2.15577 -3.03552 0.75114
C -4.30734 -6.23394 3.86763
C -4.78213 -7.68721 3.9201
C -3.5275 -8.37434 4.4127
C -2.59148 -7.17312 4.56069
O -3.44954 -6.13793 4.97574
H -3.7628 -6.55396 1.77131
H -1.77408 -7.57705 2.56557
H -1.77582 -2.36405 1.55066
H -5.1857 -5.55235 3.86404
H -5.56373 -7.77308 4.70837
H -5.18426 -8.06428 2.95511
H -3.7327 -8.79924 5.42094
H -3.12347 -9.16691 3.74657
H -1.75949 -7.42334 5.25626
H -3.09174 -2.61855 0.3218
H -1.39244 -3.10228 -0.05097
H 4.74744 -7.17499 2.88935
H 6.13974 -6.51916 1.94736
H 4.44588 -6.34472 1.3148
H 1.99861 -5.60439 1.35246
H 0.75972 -4.4176 1.8706
H 2.3175 -6.42147 3.55508
H 1.35293 -5.35259 4.48627
$end

$opt
CONSTRAINT
tors           1           2           3           4    -124.186
tors           3           4           5           6    -155.807
tors           4           5           6           7    +177.129
tors           5           6           7           8     -74.042
tors           6           7           8           9    +165.925
tors           7           8           9          10     -23.948
tors           8           9          10          11    +179.991
tors           9          10          11          12     -53.085
tors          11          12          13          14    +129.226
ENDCONSTRAINT
$end

$rem
JOBTYPE                   OPT
METHOD                    B3LYP
DFT_D                     d3_op
BASIS                     STO-3G
GEOM_OPT_MAX_CYCLES       100
GEOM_OPT_TOL_GRADIENT     300
GEOM_OPT_TOL_DISPLACEMENT 1200
GEOM_OPT_TOL_ENERGY       100
SYMMETRY                  False
THRESH                    12
SCF_CONVERGENCE           8
MAX_SUB_FILE_NUM          128
MEM_STATIC                400
MEM_TOTAL                 4000
$end
