$molecule
0  1
O -3.94934 -3.66094 2.70899
C -3.26408 -4.56952 2.26188
C -3.36658 -6.02376 2.66595
C -2.05424 -6.81773 2.77194
C -0.77335 -6.02476 2.63554
O -0.85413 -5.1953 1.55346
C -0.10052 -5.66141 0.42915
C -0.58755 -4.98378 -0.84747
O -0.57043 -5.92066 -1.93598
C -0.74021 -7.22066 -1.58915
C 0.40572 -7.76563 -0.7703
C 1.14888 -6.72292 0.07749
C 0.44042 -5.39623 0.26371
O -0.56893 -5.04245 -0.32841
O -2.89104 -4.2881 0.98021
O 1.59021 -4.30698 0.35114
O -1.41297 -7.96136 -2.28819
C 1.38773 -2.97684 0.66164
C 0.18993 -8.96693 0.17756
C 1.43144 -9.84681 0.13597
C 2.43829 -8.91072 0.77723
C 1.50749 -7.77271 1.25252
O 0.28919 -8.43294 1.47151
H 1.08854 -8.11604 -1.58069
H 2.12927 -6.47678 -0.41258
H -0.72976 -9.55101 -0.04064
H 1.23357 -10.70039 0.82427
H 1.72757 -10.24496 -0.85835
H 2.90976 -9.45196 1.62801
H 3.22226 -8.51509 0.09672
H 2.00253 -7.37042 2.16036
O -0.18073 -5.68433 3.6583
C -2.85449 -3.00511 0.42595
C -3.92016 -6.19285 4.0968
C -4.53053 -7.5848 4.25973
C -3.28063 -8.43326 4.30961
C -2.20409 -7.34659 4.22084
O -2.77259 -6.25745 4.90358
H -4.07532 -6.4858 1.94266
H -2.03525 -7.70832 2.11115
H -3.11409 -2.19782 1.14365
H -4.67193 -5.42317 4.37649
H -5.02574 -7.62646 5.25623
H -5.26336 -7.86232 3.47166
H -3.23124 -8.92608 5.30642
H -3.18935 -9.19765 3.50802
H -1.24813 -7.73925 4.63324
H -3.55067 -2.95044 -0.4344
H -1.83149 -2.76525 0.08232
H 2.0177 -2.71469 1.53692
H 0.33085 -2.7854 0.9334
H 1.67503 -2.34138 -0.19932
H -1.79357 -4.38216 -1.49911
H 0.1491 -4.00981 -1.66703
H -1.07433 -6.73477 0.56487
H 1.11776 -5.60561 1.96747
$end

$opt
CONSTRAINT
tors           1           2           3           4    -142.105
tors           3           4           5           6     -47.368
tors           4           5           6           7    -104.211
tors           5           6           7           8    +161.053
tors           6           7           8           9    -142.105
tors           7           8           9          10     +28.421
tors           8           9          10          11     -66.316
tors           9          10          11          12     +28.421
tors          11          12          13          14      -9.474
ENDCONSTRAINT
$end

$rem
JOBTYPE                   OPT
METHOD                    B3LYP
DFT_D                     d3_op
BASIS                     STO-3G
GEOM_OPT_MAX_CYCLES       100
GEOM_OPT_TOL_GRADIENT     300
GEOM_OPT_TOL_DISPLACEMENT 1200
GEOM_OPT_TOL_ENERGY       100
SYMMETRY                  False
THRESH                    12
SCF_CONVERGENCE           8
MAX_SUB_FILE_NUM          128
MEM_STATIC                400
MEM_TOTAL                 4000
$end
