$molecule
0  1
O -3.94934 -3.66094 2.70899
C -3.26408 -4.56952 2.26188
C -3.36658 -6.02376 2.66595
C -2.27333 -6.57303 3.59705
C -1.29943 -5.56331 4.16282
O -1.90323 -4.34239 4.2638
C -2.96373 -4.31641 5.22501
C -2.50805 -4.96482 6.5281
O -3.07947 -6.27709 6.64776
C -4.1134 -6.38567 7.51858
C -4.66986 -7.78727 7.59939
C -4.67121 -8.40309 9.00618
C -4.46267 -7.43354 10.15212
O -3.59533 -6.57355 10.20404
O -2.2371 -4.25916 1.42552
O -5.38353 -7.45132 11.15523
O -4.66178 -5.4363 8.06861
C -5.3731 -6.60478 12.24436
C -6.16313 -7.90552 7.23279
C -6.4489 -9.31662 6.72656
C -6.27491 -10.11345 8.00518
C -6.10599 -8.97342 9.02117
O -6.83955 -7.9068 8.46797
H -4.08797 -8.43418 6.90678
H -3.86967 -9.16775 9.10317
H -6.49849 -7.14954 6.48956
H -7.52429 -9.33457 6.43678
H -5.8377 -9.66398 5.86669
H -7.20835 -10.69104 8.18573
H -5.39371 -10.79091 8.02514
H -6.42429 -9.32042 10.02784
O -0.09544 -5.64781 3.97314
C -1.94541 -2.98248 0.99344
C -4.64241 -6.62293 3.29349
C -4.81918 -8.06171 2.80753
C -3.63755 -8.73405 3.49356
C -3.12685 -7.58144 4.38365
O -4.31073 -6.85827 4.63286
H -3.30067 -6.508 1.66318
H -1.58874 -7.19426 2.97433
H -1.70906 -2.32968 1.86087
H -5.55584 -6.01796 3.10939
H -5.76236 -8.43743 3.26664
H -4.87206 -8.20928 1.70742
H -4.02645 -9.57769 4.10498
H -2.84356 -9.1048 2.81016
H -2.55567 -8.01687 5.22864
H -2.80668 -2.56312 0.4307
H -1.06286 -3.01838 0.32248
H -6.23634 -6.84366 12.89872
H -5.45963 -5.54905 11.90927
H -4.43548 -6.73985 12.82478
H -1.40678 -4.9723 6.6764
H -2.84939 -4.29048 7.34537
H -3.98189 -4.58537 4.90657
H -3.07358 -3.23097 5.43893
$end

$opt
CONSTRAINT
tors           1           2           3           4    -104.211
tors           3           4           5           6     +28.421
tors           4           5           6           7     +66.316
tors           5           6           7           8     +47.368
tors           6           7           8           9    -104.211
tors           7           8           9          10    -104.211
tors           8           9          10          11    -180.000
tors           9          10          11          12    +123.158
tors          11          12          13          14     -47.368
ENDCONSTRAINT
$end

$rem
JOBTYPE                   OPT
METHOD                    B3LYP
DFT_D                     d3_op
BASIS                     STO-3G
GEOM_OPT_MAX_CYCLES       100
GEOM_OPT_TOL_GRADIENT     300
GEOM_OPT_TOL_DISPLACEMENT 1200
GEOM_OPT_TOL_ENERGY       100
SYMMETRY                  False
THRESH                    12
SCF_CONVERGENCE           8
MAX_SUB_FILE_NUM          128
MEM_STATIC                400
MEM_TOTAL                 4000
$end
