$molecule
0  1
O -3.94934 -3.66094 2.70899
C -3.26408 -4.56952 2.26188
C -3.36658 -6.02376 2.66595
C -2.57813 -6.46456 3.91009
C -1.91791 -5.36653 4.71416
O -1.62819 -5.82061 5.96927
C -0.38111 -5.32932 6.47193
C -0.06466 -3.97055 5.85572
O -0.70532 -2.92982 6.61025
C -0.24614 -2.75926 7.87484
C 1.26132 -2.71182 7.95203
C 1.89481 -3.75394 8.88529
C 0.99172 -4.8931 9.31357
O 0.46765 -5.00758 10.41212
O -2.28726 -4.27301 1.36529
O 1.26328 -6.0611 8.66488
O -0.98737 -2.5007 8.81072
C 0.79396 -7.304 9.04222
C 2.42013 -2.61369 6.90281
C 3.642 -1.87469 7.4718
C 4.21939 -2.9379 8.38754
C 3.21968 -4.07611 8.16739
O 2.9121 -3.93846 6.80848
H 1.33992 -1.70874 8.4294
H 2.13849 -3.27824 9.86351
H 2.10753 -2.10884 5.96185
H 4.36515 -1.7006 6.64326
H 3.40633 -0.90318 7.95678
H 5.20997 -3.24971 7.98638
H 4.33124 -2.63842 9.45193
H 3.65858 -5.04663 8.48429
O -2.29346 -4.20937 4.5884
C -2.01762 -3.00221 0.90244
C -4.80489 -6.38603 3.08648
C -5.03235 -7.88887 2.93935
C -4.20487 -8.40846 4.09244
C -3.74548 -7.08818 4.72127
O -4.81209 -6.20662 4.47861
H -3.11121 -6.62415 1.76346
H -1.79269 -7.21939 3.68566
H -1.73027 -2.34033 1.74739
H -5.58136 -5.8286 2.51723
H -6.10689 -8.08422 3.15752
H -4.77752 -8.30949 1.94284
H -4.88044 -8.9536 4.78904
H -3.34746 -9.05722 3.81075
H -3.50602 -7.26741 5.79096
H -2.90836 -2.58604 0.38494
H -1.17508 -3.0487 0.18243
H 1.16513 -8.06471 8.32541
H -0.31684 -7.3142 9.03198
H 1.16257 -7.56109 10.0581
H 0.97851 -3.95138 5.79334
H -0.12008 -3.79494 4.76289
H 0.39762 -6.07639 6.20112
H -0.54076 -5.25771 7.54112
$end

$opt
CONSTRAINT
tors           1           2           3           4     -85.263
tors           3           4           5           6    +161.053
tors           4           5           6           7    +142.105
tors           5           6           7           8     +28.421
tors           6           7           8           9     +85.263
tors           7           8           9          10     +66.316
tors           8           9          10          11     +47.368
tors           9          10          11          12    -123.158
tors          11          12          13          14    -104.211
ENDCONSTRAINT
$end

$rem
JOBTYPE                   OPT
METHOD                    B3LYP
DFT_D                     d3_op
BASIS                     STO-3G
GEOM_OPT_MAX_CYCLES       100
GEOM_OPT_TOL_GRADIENT     300
GEOM_OPT_TOL_DISPLACEMENT 1200
GEOM_OPT_TOL_ENERGY       100
SYMMETRY                  False
THRESH                    12
SCF_CONVERGENCE           8
MAX_SUB_FILE_NUM          128
MEM_STATIC                400
MEM_TOTAL                 4000
$end
