$molecule
0  1
O -3.94934 -3.66094 2.70899
C -3.26408 -4.56952 2.26188
C -3.36658 -6.02376 2.66595
C -2.97353 -6.38153 4.10864
C -2.69204 -5.22192 5.03825
O -3.68403 -4.28933 4.93032
C -3.48734 -3.15668 5.78336
C -4.69176 -2.9744 6.70112
O -5.90574 -3.0611 5.93849
C -6.10379 -2.06291 5.04209
C -6.75147 -0.84322 5.65326
C -5.7784 0.14319 6.31539
C -4.31461 -0.0386 5.96758
O -3.50944 0.86507 5.79546
O -2.3841 -4.28913 1.26487
O -3.73959 -0.70848 7.0052
O -6.13507 -2.29259 3.84336
C -2.44809 -0.62932 7.54902
C -7.43861 0.08961 4.62862
C -8.5155 0.91643 5.32967
C -7.65811 1.84674 6.15959
C -6.26334 1.45274 5.65777
O -6.47177 1.06191 4.32369
H -7.53802 -1.21068 6.35167
H -5.89475 0.17574 7.42357
H -7.88463 -0.4469 3.76315
H -9.02792 1.51404 4.54171
H -9.27501 0.33808 5.89863
H -7.90342 2.89458 5.87702
H -7.74416 1.71815 7.26048
H -5.55786 2.29839 5.8125
O -1.66229 -5.12307 5.69492
C -2.17741 -3.02911 0.74343
C -4.81707 -6.53425 2.62358
C -4.83425 -8.05836 2.50064
C -4.4013 -8.45896 3.8963
C -4.2739 -7.08236 4.55537
O -5.28537 -6.32548 3.93273
H -2.74224 -6.60158 1.94664
H -2.10699 -7.07803 4.16594
H -1.81964 -2.34022 1.5384
H -5.41475 -6.07239 1.80717
H -5.89116 -8.3764 2.35382
H -4.20927 -8.46074 1.6745
H -5.23303 -9.02452 4.37279
H -3.46186 -9.05016 3.95307
H -4.34435 -7.17477 5.6619
H -3.1195 -2.63771 0.30324
H -1.40781 -3.08669 -0.05335
H -2.01507 -1.63165 7.69869
H -2.50992 -0.16003 8.55128
H -1.73415 -0.0498 6.92646
H -4.66806 -3.92253 7.2805
H -4.86325 -2.35465 7.59506
H -3.3519 -2.27842 5.12418
H -2.59159 -3.21762 6.42609
$end

$opt
CONSTRAINT
tors           1           2           3           4     -66.316
tors           3           4           5           6     +47.368
tors           4           5           6           7    -180.000
tors           5           6           7           8    -123.158
tors           6           7           8           9     -47.368
tors           7           8           9          10     -66.316
tors           8           9          10          11     -85.263
tors           9          10          11          12     +85.263
tors          11          12          13          14    +142.105
ENDCONSTRAINT
$end

$rem
JOBTYPE                   OPT
METHOD                    B3LYP
DFT_D                     d3_op
BASIS                     STO-3G
GEOM_OPT_MAX_CYCLES       100
GEOM_OPT_TOL_GRADIENT     300
GEOM_OPT_TOL_DISPLACEMENT 1200
GEOM_OPT_TOL_ENERGY       100
SYMMETRY                  False
THRESH                    12
SCF_CONVERGENCE           8
MAX_SUB_FILE_NUM          128
MEM_STATIC                400
MEM_TOTAL                 4000
$end
