$molecule
0  1
O -3.94934 -3.66094 2.70899
C -3.26408 -4.56952 2.26188
C -3.36658 -6.02376 2.66595
C -3.41669 -6.33291 4.1712
C -3.53792 -5.14515 5.09996
O -4.64457 -5.28366 5.88835
C -5.32847 -4.04778 6.12106
C -5.92449 -3.52355 4.81872
O -5.13879 -3.97486 3.70433
C -3.8271 -4.19694 3.96754
C -2.92759 -3.10621 3.43664
C -1.5881 -3.59298 2.86473
C -1.49201 -5.07832 2.57971
O -1.51303 -5.96443 3.42169
O -3.22942 -4.5691 0.86334
O -0.85144 -5.35707 1.39417
O -1.70346 -5.22293 5.12139
C -0.25429 -6.55749 1.06007
C -2.90194 -1.60295 2.7132
C -1.78692 -0.68153 3.24379
C -0.57133 -1.29132 2.56714
C -1.20935 -2.47563 1.83586
O -2.43163 -1.90615 1.42262
H -2.67462 -2.62887 4.40162
H -0.80652 -3.52487 3.65657
H -3.89365 -1.10267 2.76947
H -1.93243 0.34516 2.83967
H -1.74047 -0.63228 4.3526
H -0.20479 -0.57626 1.79617
H 0.27093 -1.55201 3.24354
H -0.53843 -2.83787 1.02862
O -2.97255 -4.05809 5.94286
C -3.92073 -3.7581 -0.02202
C -4.80028 -6.56119 2.24479
C -4.81044 -8.07905 2.02732
C -4.58511 -8.54087 3.44215
C -4.73601 -7.19982 4.18594
O -5.60378 -6.46096 3.38367
H -2.87209 -6.75715 1.95051
H -2.7846 -7.14481 4.64312
H -3.19835 -3.20883 -0.66001
H -5.21765 -6.07252 1.33722
H -5.84939 -8.34217 1.72081
H -4.10629 -8.4972 1.27593
H -5.39109 -9.26276 3.70158
H -3.59091 -8.99766 3.63641
H -5.10755 -7.43086 5.20866
H -4.58982 -3.03504 0.48943
H -4.54607 -4.39688 -0.67833
H 0.19777 -6.4655 0.05142
H -0.99056 -7.38488 1.0339
H 0.54868 -6.79761 1.78855
H -6.90067 -4.04007 4.69513
H -6.1255 -2.43154 4.81018
H -4.78843 -3.23593 6.65868
H -6.16876 -4.22822 6.82516
$end

$opt
CONSTRAINT
tors           1           2           3           4     -47.368
tors           3           4           5           6    +123.158
tors           4           5           6           7    -142.105
tors           5           6           7           8     +66.316
tors           6           7           8           9     -28.421
tors           7           8           9          10     -28.421
tors           8           9          10          11    -104.211
tors           9          10          11          12    -142.105
tors          11          12          13          14     -66.316
ENDCONSTRAINT
$end

$rem
JOBTYPE                   OPT
METHOD                    B3LYP
DFT_D                     d3_op
BASIS                     STO-3G
GEOM_OPT_MAX_CYCLES       100
GEOM_OPT_TOL_GRADIENT     300
GEOM_OPT_TOL_DISPLACEMENT 1200
GEOM_OPT_TOL_ENERGY       100
SYMMETRY                  False
THRESH                    12
SCF_CONVERGENCE           8
MAX_SUB_FILE_NUM          128
MEM_STATIC                400
MEM_TOTAL                 4000
$end
