$molecule
0  1
O -3.94934 -3.66094 2.70899
C -3.26408 -4.56952 2.26188
C -3.36658 -6.02376 2.66595
C -3.85957 -6.32399 4.09097
C -4.36389 -5.14454 4.89263
O -5.72856 -5.1675 4.94343
C -6.23771 -5.60865 6.20652
C -7.68855 -6.05593 6.06118
O -7.76216 -7.49026 6.07438
C -8.98366 -8.0089 6.35386
C -9.12517 -9.44826 5.91926
C -9.05739 -10.47758 7.05688
C -9.21802 -9.92466 8.45873
O -8.91211 -8.79586 8.81482
O -2.25472 -4.26252 1.40505
O -9.53454 -10.83102 9.42274
O -9.92917 -7.34766 6.77034
C -9.64512 -10.53616 10.76565
C -10.48927 -9.76699 5.28541
C -10.36678 -10.99833 4.39058
C -10.18097 -12.08208 5.43105
C -10.3497 -11.26213 6.71639
O -11.2568 -10.24798 6.35768
H -8.32384 -9.64814 5.17024
H -8.16289 -11.13805 7.04383
H -10.91875 -8.91449 4.71483
H -11.3547 -11.14325 3.89723
H -9.57359 -10.94557 3.614
H -11.01051 -12.81581 5.32204
H -9.20143 -12.60674 5.40404
H -10.68085 -11.93258 7.53899
O -3.67515 -4.26681 5.39093
C -1.98078 -2.98945 0.95071
C -4.42667 -6.76239 1.82297
C -4.08353 -8.2473 1.75447
C -4.36947 -8.6609 3.18014
C -4.96474 -7.3567 3.73055
O -5.58348 -6.76294 2.61863
H -2.37726 -6.48904 2.45044
H -3.08806 -6.81646 4.72248
H -1.7349 -2.32249 1.80454
H -4.54159 -6.35004 0.79611
H -4.8396 -8.71978 1.08659
H -3.06543 -8.49469 1.38417
H -5.12851 -9.47454 3.16154
H -3.48301 -8.97942 3.77016
H -5.62252 -7.60948 4.58355
H -2.85502 -2.58478 0.39715
H -1.10995 -3.02754 0.26463
H -9.91594 -11.45841 11.31935
H -10.4393 -9.7759 10.92567
H -8.67668 -10.15638 11.15583
H -8.16268 -5.70283 7.00721
H -8.23648 -5.5797 5.21881
H -6.21774 -4.70406 6.85601
H -5.6192 -6.3837 6.71684
$end

$opt
CONSTRAINT
tors           1           2           3           4     -28.421
tors           3           4           5           6    +104.211
tors           4           5           6           7    +104.211
tors           5           6           7           8    -161.053
tors           6           7           8           9    +104.211
tors           7           8           9          10    +161.053
tors           8           9          10          11    +161.053
tors           9          10          11          12    +104.211
tors          11          12          13          14     -28.421
ENDCONSTRAINT
$end

$rem
JOBTYPE                   OPT
METHOD                    B3LYP
DFT_D                     d3_op
BASIS                     STO-3G
GEOM_OPT_MAX_CYCLES       100
GEOM_OPT_TOL_GRADIENT     300
GEOM_OPT_TOL_DISPLACEMENT 1200
GEOM_OPT_TOL_ENERGY       100
SYMMETRY                  False
THRESH                    12
SCF_CONVERGENCE           8
MAX_SUB_FILE_NUM          128
MEM_STATIC                400
MEM_TOTAL                 4000
$end
