$molecule
0  1
O -3.94934 -3.66094 2.70899
C -3.26408 -4.56952 2.26188
C -3.36658 -6.02376 2.66595
C -4.73745 -6.52338 3.15068
C -5.89497 -5.55994 3.00924
O -6.47736 -5.35235 4.22709
C -6.34171 -6.46806 5.11367
C -7.45691 -7.47768 4.86245
O -8.19026 -7.70882 6.07557
C -7.66798 -8.64808 6.9027
C -7.28767 -9.92003 6.18286
C -8.35728 -10.46707 5.22633
C -9.47014 -9.50575 4.86011
O -9.57658 -8.91791 3.79349
O -2.18256 -4.23456 1.50731
O -10.39311 -9.2655 5.83095
O -7.81872 -8.58694 8.1132
C -11.46313 -8.40678 5.6905
C -6.00163 -10.14222 5.33655
C -5.58602 -11.6151 5.42228
C -6.68913 -12.26808 4.59265
C -7.44681 -11.02279 4.10015
O -6.4083 -10.09375 3.9886
H -7.17676 -10.62921 7.03592
H -8.90987 -11.32903 5.66376
H -5.16718 -9.47102 5.63172
H -4.62335 -11.71336 4.87043
H -5.45431 -12.02541 6.44652
H -6.21326 -12.79868 3.73821
H -7.34892 -12.96931 5.14762
H -8.01855 -11.24044 3.1727
O -6.2178 -4.95263 1.99878
C -1.87884 -2.95098 1.1038
C -3.18672 -6.90818 1.40321
C -2.78079 -8.32692 1.79678
C -4.09996 -8.85707 2.2961
C -4.9952 -7.62652 2.08873
O -4.48879 -7.06653 0.90648
H -2.51892 -6.21485 3.36366
H -4.44145 -7.09878 4.02731
H -1.71673 -2.29875 1.98842
H -2.4417 -6.51356 0.67896
H -2.49981 -8.8902 0.87834
H -1.94391 -8.36149 2.52728
H -4.44001 -9.66326 1.6076
H -4.07784 -9.24314 3.33543
H -6.05997 -7.94692 2.04998
H -2.7027 -2.54186 0.48066
H -0.94908 -2.9703 0.49912
H -12.05055 -8.40087 6.63136
H -12.11911 -8.74546 4.86033
H -11.1021 -7.37576 5.4876
H -8.20113 -6.87995 4.29196
H -7.29418 -8.19922 4.10103
H -6.70845 -5.96776 6.03653
H -5.408 -6.74708 5.64189
$end

$opt
CONSTRAINT
tors           1           2           3           4     +28.421
tors           3           4           5           6    -123.158
tors           4           5           6           7     -28.421
tors           5           6           7           8     -85.263
tors           6           7           8           9    -123.158
tors           7           8           9          10     -85.263
tors           8           9          10          11     -47.368
tors           9          10          11          12     -47.368
tors          11          12          13          14    +104.211
ENDCONSTRAINT
$end

$rem
JOBTYPE                   OPT
METHOD                    B3LYP
DFT_D                     d3_op
BASIS                     STO-3G
GEOM_OPT_MAX_CYCLES       100
GEOM_OPT_TOL_GRADIENT     300
GEOM_OPT_TOL_DISPLACEMENT 1200
GEOM_OPT_TOL_ENERGY       100
SYMMETRY                  False
THRESH                    12
SCF_CONVERGENCE           8
MAX_SUB_FILE_NUM          128
MEM_STATIC                400
MEM_TOTAL                 4000
$end
