$molecule
0  1
O -3.94934 -3.66094 2.70899
C -3.26408 -4.56952 2.26188
C -3.36658 -6.02376 2.66595
C -4.77372 -6.64113 2.71769
C -5.90468 -5.78727 2.1886
O -6.35635 -4.95411 3.1721
C -7.33357 -5.564 4.022
C -7.78919 -4.57699 5.09174
O -6.88738 -4.61529 6.20894
C -7.46577 -4.49456 7.42961
C -6.64222 -3.67246 8.3922
C -5.55659 -4.45401 9.14643
C -5.21627 -5.82037 8.58612
O -4.99984 -6.06995 7.40907
O -2.4205 -4.27563 1.23553
O -5.20824 -6.84296 9.48088
O -8.65343 -4.70424 7.64447
C -4.9372 -8.15597 9.15713
C -5.801 -2.55575 7.74153
C -5.47711 -1.48007 8.77776
C -4.47652 -2.2159 9.64608
C -4.35251 -3.53206 8.87042
O -4.54594 -3.15212 7.52807
H -7.35814 -3.20955 9.10992
H -5.7621 -4.55806 10.23548
H -6.28992 -2.10084 6.85239
H -4.94718 -0.65871 8.24414
H -6.35457 -1.06094 9.31563
H -3.5139 -1.65834 9.62039
H -4.79159 -2.38366 10.69874
H -3.38334 -4.02809 9.10081
O -6.53287 -5.99209 1.15964
C -2.2418 -3.01459 0.7058
C -2.64806 -6.9968 1.71008
C -2.34275 -8.3137 2.42657
C -3.72019 -8.93383 2.47079
C -4.53974 -7.84616 1.77336
O -3.65547 -7.34966 0.79748
H -2.90458 -6.06078 3.67762
H -5.03638 -7.03548 3.72134
H -1.86391 -2.32146 1.48752
H -1.70827 -6.59149 1.27779
H -1.69624 -8.93785 1.76927
H -1.84977 -8.17784 3.41336
H -3.71615 -9.84244 1.82734
H -4.09455 -9.19659 3.48364
H -5.48707 -8.28897 1.39395
H -3.20085 -2.63221 0.29552
H -1.49785 -3.06728 -0.11531
H -4.99753 -8.77686 10.07436
H -3.91359 -8.24184 8.73357
H -5.68083 -8.53044 8.42146
H -7.88879 -3.55075 4.67716
H -8.80736 -4.9229 5.37836
H -7.01174 -6.51633 4.49465
H -8.21783 -5.78441 3.38035
$end

$opt
CONSTRAINT
tors           1           2           3           4     +47.368
tors           3           4           5           6     -85.263
tors           4           5           6           7     -85.263
tors           5           6           7           8    -180.000
tors           6           7           8           9     -85.263
tors           7           8           9          10    -142.105
tors           8           9          10          11    -142.105
tors           9          10          11          12     -85.263
tors          11          12          13          14     +47.368
ENDCONSTRAINT
$end

$rem
JOBTYPE                   OPT
METHOD                    B3LYP
DFT_D                     d3_op
BASIS                     STO-3G
GEOM_OPT_MAX_CYCLES       100
GEOM_OPT_TOL_GRADIENT     300
GEOM_OPT_TOL_DISPLACEMENT 1200
GEOM_OPT_TOL_ENERGY       100
SYMMETRY                  False
THRESH                    12
SCF_CONVERGENCE           8
MAX_SUB_FILE_NUM          128
MEM_STATIC                400
MEM_TOTAL                 4000
$end
