$molecule
0  1
O -3.94934 -3.66094 2.70899
C -3.26408 -4.56952 2.26188
C -3.36658 -6.02376 2.66595
C -4.41631 -6.88207 1.94122
C -5.12384 -6.23632 0.77054
O -5.1749 -4.8831 0.94829
C -6.17187 -4.24646 0.14206
C -6.8363 -3.11693 0.92233
O -5.8847 -2.07142 1.1758
C -5.74093 -1.16022 0.18172
C -6.41917 0.15435 0.48594
C -7.95149 0.08944 0.56362
C -8.54883 -1.29816 0.68393
O -9.36804 -1.78598 -0.08125
O -2.26327 -4.24051 1.39909
O -8.70963 -1.67953 1.99279
O -5.05783 -1.36259 -0.81042
C -9.67591 -2.5535 2.45961
C -6.06817 0.78754 1.84449
C -6.26799 2.2998 1.76511
C -7.78002 2.38051 1.67304
C -8.14746 0.90293 1.86765
O -7.12066 0.40454 2.69414
H -6.10554 0.8511 -0.3254
H -8.4451 0.58162 -0.30368
H -5.0403 0.54382 2.19115
H -5.94752 2.71687 2.74692
H -5.71643 2.81924 0.95219
H -8.14886 3.00038 2.52007
H -8.17771 2.77064 0.71121
H -9.18334 0.81244 2.26287
O -5.78089 -6.87517 -0.04459
C -2.01318 -2.96319 0.94333
C -2.0848 -6.81572 2.30988
C -1.98631 -8.08276 3.16029
C -3.05427 -8.93421 2.51504
C -3.50692 -8.00085 1.3898
O -2.3358 -7.31805 1.024
H -3.46342 -6.0382 3.77433
H -5.19888 -7.30501 2.60882
H -1.7778 -2.2908 1.79571
H -1.15205 -6.22215 2.43152
H -0.99511 -8.54972 2.961
H -2.10297 -7.91779 4.25302
H -2.56934 -9.83733 2.08123
H -3.89066 -9.23742 3.1813
H -3.99105 -8.59643 0.58464
H -2.89557 -2.57642 0.39194
H -1.14395 -2.9864 0.25474
H -9.54729 -2.68647 3.55316
H -9.58729 -3.54267 1.96263
H -10.68734 -2.13636 2.26815
H -7.43622 -3.00686 0.0073
H -7.25214 -3.55784 1.85102
H -6.97663 -4.96501 -0.17508
H -5.67479 -3.87382 -0.78579
$end

$opt
CONSTRAINT
tors           1           2           3           4     +85.263
tors           3           4           5           6     -28.421
tors           4           5           6           7    -161.053
tors           5           6           7           8    +142.105
tors           6           7           8           9     +66.316
tors           7           8           9          10     +85.263
tors           8           9          10          11    +104.211
tors           9          10          11          12     -66.316
tors          11          12          13          14    -123.158
ENDCONSTRAINT
$end

$rem
JOBTYPE                   OPT
METHOD                    B3LYP
DFT_D                     d3_op
BASIS                     STO-3G
GEOM_OPT_MAX_CYCLES       100
GEOM_OPT_TOL_GRADIENT     300
GEOM_OPT_TOL_DISPLACEMENT 1200
GEOM_OPT_TOL_ENERGY       100
SYMMETRY                  False
THRESH                    12
SCF_CONVERGENCE           8
MAX_SUB_FILE_NUM          128
MEM_STATIC                400
MEM_TOTAL                 4000
$end
