$molecule
0  1
O -3.94934 -3.66094 2.70899
C -3.26408 -4.56952 2.26188
C -3.36658 -6.02376 2.66595
C -4.06137 -6.97914 1.68189
C -4.41791 -6.40938 0.32677
O -5.62324 -6.90466 -0.08227
C -5.55841 -7.56976 -1.34825
C -4.19822 -7.33418 -1.99672
O -4.05049 -5.94579 -2.33352
C -5.10533 -5.38631 -2.9765
C -5.89035 -6.38242 -3.79636
C -7.41174 -6.17377 -3.7855
C -7.89085 -4.83063 -3.27253
O -8.59443 -4.04548 -3.89145
O -2.26299 -4.24971 1.39371
O -7.648 -4.58185 -1.9576
O -5.17081 -4.17646 -3.13592
C -8.0566 -3.44737 -1.28891
C -5.62095 -6.14333 -5.31889
C -5.88112 -7.41886 -6.12679
C -7.38141 -7.54572 -5.95397
C -7.69151 -6.18728 -5.30604
O -6.67682 -5.33461 -5.77044
H -5.72697 -7.46613 -3.75296
H -7.98359 -6.95971 -3.24908
H -4.59784 -5.76438 -5.53662
H -5.65878 -7.16319 -7.18842
H -5.29745 -8.32261 -5.8481
H -7.83981 -7.65419 -6.96149
H -7.71394 -8.36991 -5.28599
H -8.7328 -5.88061 -5.54979
O -4.11131 -5.28226 -0.01983
C -1.99342 -2.972 0.94948
C -1.98806 -6.69606 2.79672
C -2.08632 -7.92916 3.69403
C -2.81233 -8.88732 2.77448
C -2.94322 -8.0251 1.515
O -1.76789 -7.25094 1.52266
H -3.89021 -6.03036 3.64873
H -4.97099 -7.44386 2.12824
H -1.7368 -2.31464 1.80749
H -1.2031 -6.00567 3.17674
H -1.05501 -8.31356 3.86248
H -2.57777 -7.74465 4.67354
H -2.13962 -9.74908 2.56518
H -3.79163 -9.2573 3.14777
H -3.09645 -8.68191 0.63287
H -2.87362 -2.56085 0.41042
H -1.1308 -3.00399 0.25291
H -7.7197 -3.50718 -0.23366
H -9.16464 -3.36952 -1.30755
H -7.60761 -2.54566 -1.75746
H -3.33253 -7.66246 -1.38539
H -4.01128 -7.98026 -2.88062
H -6.53314 -7.42581 -1.79685
H -5.59835 -8.65902 -1.13442
$end

$opt
CONSTRAINT
tors           1           2           3           4    +104.211
tors           3           4           5           6    -142.105
tors           4           5           6           7    -123.158
tors           5           6           7           8      -9.474
tors           6           7           8           9     -66.316
tors           7           8           9          10     -47.368
tors           8           9          10          11     -28.421
tors           9          10          11          12    +142.105
tors          11          12          13          14    +123.158
ENDCONSTRAINT
$end

$rem
JOBTYPE                   OPT
METHOD                    B3LYP
DFT_D                     d3_op
BASIS                     STO-3G
GEOM_OPT_MAX_CYCLES       100
GEOM_OPT_TOL_GRADIENT     300
GEOM_OPT_TOL_DISPLACEMENT 1200
GEOM_OPT_TOL_ENERGY       100
SYMMETRY                  False
THRESH                    12
SCF_CONVERGENCE           8
MAX_SUB_FILE_NUM          128
MEM_STATIC                400
MEM_TOTAL                 4000
$end
