$molecule
0  1
O -3.94934 -3.66094 2.70899
C -3.26408 -4.56952 2.26188
C -3.36658 -6.02376 2.66595
C -2.76261 -7.06348 1.7078
C -1.9673 -6.5228 0.54022
O -0.8359 -5.90736 0.99475
C 0.3644 -6.45123 0.43553
C 1.46522 -6.48992 1.49043
O 2.49343 -7.4099 1.09129
C 2.20059 -8.1803 0.01433
C 2.50922 -7.49918 -1.29772
C 2.87034 -6.01082 -1.1852
C 3.21644 -5.51816 0.20556
O 3.70232 -6.19807 1.09787
O -2.49787 -4.17296 1.21411
O 3.14464 -4.16831 0.37156
O 1.97433 -9.3764 0.11329
C 3.6296 -3.48059 1.46596
C 3.7604 -8.07273 -1.98122
C 3.72154 -7.75501 -3.47531
C 3.99585 -6.26629 -3.45171
C 4.21437 -6.05042 -1.94972
O 4.80232 -7.25433 -1.51962
H 1.61919 -7.65194 -1.94845
H 2.20278 -5.29095 -1.70864
H 3.88654 -9.16582 -1.8211
H 4.58801 -8.26858 -3.95016
H 2.78527 -8.05716 -3.99221
H 4.94272 -6.07664 -4.00488
H 3.18449 -5.62434 -3.85768
H 4.82181 -5.13224 -1.78356
O -2.18016 -6.8024 -0.63243
C -2.36663 -2.88125 0.7407
C -2.61027 -6.34846 3.96358
C -3.2046 -7.59939 4.61078
C -2.70998 -8.67361 3.66129
C -1.86489 -7.83112 2.70008
O -1.35536 -6.8064 3.5232
H -4.45603 -6.21535 2.795
H -3.54881 -7.72267 1.27567
H -1.95604 -2.22325 1.53607
H -2.60105 -5.50243 4.68513
H -2.70121 -7.73827 5.59428
H -4.3051 -7.56865 4.76213
H -2.05523 -9.37039 4.23068
H -3.50378 -9.24577 3.13424
H -1.11482 -8.46781 2.18176
H -3.35084 -2.49462 0.40042
H -1.66623 -2.8804 -0.11957
H 3.43604 -2.39724 1.32739
H 4.72526 -3.63798 1.55816
H 3.12822 -3.81137 2.39843
H 1.69266 -5.51697 1.98346
H 1.00579 -6.99875 2.36279
H 0.59744 -5.78332 -0.39849
H 0.0827 -7.44684 0.02231
$end

$opt
CONSTRAINT
tors           1           2           3           4    +161.053
tors           3           4           5           6     +66.316
tors           4           5           6           7    +123.158
tors           5           6           7           8    -142.105
tors           6           7           8           9    +161.053
tors           7           8           9          10      -9.474
tors           8           9          10          11     +85.263
tors           9          10          11          12      -9.474
tors          11          12          13          14     +28.421
ENDCONSTRAINT
$end

$rem
JOBTYPE                   OPT
METHOD                    B3LYP
DFT_D                     d3_op
BASIS                     STO-3G
GEOM_OPT_MAX_CYCLES       100
GEOM_OPT_TOL_GRADIENT     300
GEOM_OPT_TOL_DISPLACEMENT 1200
GEOM_OPT_TOL_ENERGY       100
SYMMETRY                  False
THRESH                    12
SCF_CONVERGENCE           8
MAX_SUB_FILE_NUM          128
MEM_STATIC                400
MEM_TOTAL                 4000
$end
