$molecule
0  1
O -3.94934 -3.66094 2.70899
C -3.26408 -4.56952 2.26188
C -3.36658 -6.02376 2.66595
C -2.40867 -7.01244 1.98128
C -1.33566 -6.41165 1.10049
O -0.25438 -6.0631 1.85863
C -0.50145 -6.15107 3.26592
C -1.5363 -5.11159 3.6839
O -2.41609 -4.82743 2.58477
C -2.48015 -3.52548 2.21067
C -1.78046 -2.60033 3.17773
C -2.19104 -1.12424 3.07354
C -3.46193 -0.84513 2.29659
O -3.64397 0.10934 1.55468
O -3.9054 -4.69836 0.88239
O -4.60796 -1.41588 2.75198
O -2.03768 -3.08634 1.07001
C -5.85647 -1.25424 2.183
C -2.21447 -2.63744 4.75219
C -1.03942 -2.15481 5.60395
C -1.0623 -0.68076 5.2776
C -2.37444 -0.61601 4.49012
O -3.15869 -1.63153 4.99995
H -0.66781 -2.64302 3.0632
H -1.40193 -0.54183 2.54576
H -2.60021 -3.56818 5.18155
H -1.35193 -2.2783 6.66691
H -0.06198 -2.66211 5.46126
H -1.11262 -0.10567 6.2285
H -0.21595 -0.32044 4.65296
H -2.82138 0.4027 4.51569
O -1.22947 -6.5987 -0.10341
C -3.47439 -4.79862 -0.43207
C -3.76369 -6.85443 3.96549
C -4.75348 -8.00277 3.67776
C -3.86414 -8.95157 2.88001
C -2.50247 -8.23206 2.97267
O -2.61635 -7.62708 4.24659
H -4.39543 -6.20478 2.25819
H -2.99559 -7.4162 1.12478
H -2.39205 -4.65388 -0.56652
H -4.13419 -6.20786 4.79039
H -4.99031 -8.47819 4.65696
H -5.7098 -7.7228 3.18558
H -3.82482 -9.92182 3.42351
H -4.18568 -9.13824 1.83322
H -1.67276 -8.95618 2.82247
H -3.97289 -4.00499 -1.02532
H -3.77967 -5.78236 -0.84387
H -6.59762 -1.84437 2.75969
H -5.84374 -1.62766 1.13599
H -6.15715 -0.18537 2.19837
H -1.96303 -5.41448 4.65752
H -0.78561 -4.39951 4.02089
H 0.47077 -5.93519 3.77618
H -0.51211 -7.18238 3.62992
$end

$opt
CONSTRAINT
tors           1           2           3           4    -180.000
tors           3           4           5           6     +85.263
tors           4           5           6           7      -9.474
tors           5           6           7           8     -66.316
tors           6           7           8           9     +28.421
tors           7           8           9          10    -123.158
tors           8           9          10          11      -9.474
tors           9          10          11          12    -161.053
tors          11          12          13          14    -142.105
ENDCONSTRAINT
$end

$rem
JOBTYPE                   OPT
METHOD                    B3LYP
DFT_D                     d3_op
BASIS                     STO-3G
GEOM_OPT_MAX_CYCLES       100
GEOM_OPT_TOL_GRADIENT     300
GEOM_OPT_TOL_DISPLACEMENT 1200
GEOM_OPT_TOL_ENERGY       100
SYMMETRY                  False
THRESH                    12
SCF_CONVERGENCE           8
MAX_SUB_FILE_NUM          128
MEM_STATIC                400
MEM_TOTAL                 4000
$end
