$molecule
0  1
O -3.94934 -3.66094 2.70899
C -3.26408 -4.56952 2.26188
C -3.36658 -6.02376 2.66595
C -2.12843 -6.90581 2.43612
C -0.86791 -6.19656 1.99324
O 0.22828 -6.91351 2.38025
C 0.2811 -7.14333 3.79221
C 1.22548 -8.30032 4.10147
O 0.51395 -9.3432 4.78631
C 0.86497 -9.5348 6.08216
C -0.14323 -10.35661 6.8495
C 0.34346 -11.75133 7.26922
C 1.83887 -11.98237 7.18508
O 2.39943 -13.0583 7.33575
O -2.81166 -4.34438 1.00135
O 2.69568 -10.93557 7.06322
O 1.57366 -8.73484 6.6885
C 4.07354 -11.0214 7.01169
C -0.52728 -9.78374 8.23393
C -1.89878 -10.31552 8.64915
C -1.56736 -11.76853 8.92728
C -0.04416 -11.74104 8.75428
O 0.32383 -10.43909 9.14349
H -1.07464 -10.40979 6.23844
H -0.13716 -12.5454 6.65657
H -0.52347 -8.67236 8.26894
H -2.15548 -9.81975 9.61299
H -2.72384 -10.14735 7.92385
H -1.84739 -11.9971 9.97946
H -2.0367 -12.50308 8.23731
H 0.4314 -12.57287 9.3197
O -0.78453 -5.57866 0.94741
C -2.8107 -3.122 0.35741
C -3.80926 -6.37112 4.09794
C -4.71132 -7.59672 4.04501
C -3.71359 -8.63789 3.57544
C -2.39413 -7.83656 3.67663
O -2.66435 -6.90828 4.70093
H -4.1763 -6.36529 1.97748
H -2.3078 -7.55899 1.55187
H -2.19757 -2.39177 0.92756
H -4.29782 -5.5332 4.64003
H -5.00405 -7.81686 5.09728
H -5.62866 -7.51295 3.42324
H -3.7462 -9.4887 4.2923
H -3.86828 -9.00935 2.53946
H -1.62148 -8.60227 3.85262
H -3.84885 -2.74113 0.25065
H -2.37182 -3.24491 -0.65374
H 4.49663 -10.00169 6.90463
H 4.38569 -11.63103 6.13693
H 4.46523 -11.47464 7.9472
H 1.6583 -8.71465 3.16559
H 2.12095 -7.92955 4.65429
H -0.42765 -6.77113 4.53933
H 0.94654 -6.29217 4.06227
$end

$opt
CONSTRAINT
tors           1           2           3           4    -157.022
tors           3           4           5           6    +153.537
tors           4           5           6           7     -57.314
tors           5           6           7           8    +161.211
tors           6           7           8           9    -120.744
tors           7           8           9          10    -111.762
tors           8           9          10          11    +164.335
tors           9          10          11          12    +111.588
tors          11          12          13          14    -171.679
ENDCONSTRAINT
$end

$rem
JOBTYPE                   OPT
METHOD                    B3LYP
DFT_D                     d3_op
BASIS                     STO-3G
GEOM_OPT_MAX_CYCLES       100
GEOM_OPT_TOL_GRADIENT     300
GEOM_OPT_TOL_DISPLACEMENT 1200
GEOM_OPT_TOL_ENERGY       100
SYMMETRY                  False
THRESH                    12
SCF_CONVERGENCE           8
MAX_SUB_FILE_NUM          128
MEM_STATIC                400
MEM_TOTAL                 4000
$end
