$molecule
0  1
O -3.94934 -3.66094 2.70899
C -3.26408 -4.56952 2.26188
C -3.36658 -6.02376 2.66595
C -4.41882 -6.38573 3.7269
C -5.37119 -5.28389 4.13561
O -4.74856 -4.07224 4.03725
C -5.46488 -3.13523 3.22599
C -6.76405 -2.72951 3.91423
O -7.62008 -2.05006 2.98234
C -8.10664 -0.8556 3.40147
C -7.88514 0.25372 2.40096
C -7.0211 1.4183 2.90641
C -6.22582 1.15176 4.16863
O -5.24058 0.43224 4.24694
O -2.34171 -4.27987 1.30701
O -6.58641 1.87838 5.25905
O -8.62136 -0.68753 4.49842
C -5.95984 1.80231 6.4853
C -7.11006 -0.10687 1.10797
C -7.46718 0.88372 -0.00071
C -6.76722 2.13289 0.4946
C -6.04874 1.57526 1.72731
O -5.77388 0.23656 1.38644
H -8.90365 0.59919 2.11313
H -7.64752 2.31929 3.0945
H -7.28732 -1.14181 0.74451
H -6.95329 0.53503 -0.92542
H -8.55255 0.99838 -0.20951
H -6.033 2.45386 -0.27735
H -7.43683 2.97958 0.75999
H -5.17011 2.20538 1.98925
O -6.30759 -5.49418 4.89245
C -2.12197 -3.01586 0.80073
C -3.83922 -6.89199 1.48636
C -3.44054 -8.34941 1.7157
C -4.41843 -8.7398 2.80269
C -5.21856 -7.44109 2.93667
O -5.23662 -6.9226 1.62941
H -2.34658 -6.32972 2.9895
H -3.9835 -6.81478 4.6566
H -1.80435 -2.32791 1.6133
H -3.45672 -6.54308 0.5021
H -3.69178 -8.91999 0.79306
H -2.36767 -8.49989 1.96331
H -5.07702 -9.54601 2.40887
H -3.96112 -9.06071 3.76353
H -6.21286 -7.65427 3.38785
H -3.0476 -2.62923 0.32269
H -1.31835 -3.06393 0.03766
H -6.45747 2.49764 7.19193
H -4.89201 2.09352 6.38892
H -6.03303 0.76928 6.88794
H -7.35998 -3.60611 4.21182
H -6.55468 -2.15464 4.84878
H -5.96436 -3.58364 2.28041
H -5.08782 -2.03806 3.16219
$end

$opt
CONSTRAINT
tors           1           2           3           4      -0.054
tors           3           4           5           6     -30.949
tors           4           5           6           7    +125.740
tors           5           6           7           8     +68.208
tors           6           7           8           9    -166.495
tors           7           8           9          10    -128.887
tors           8           9          10          11    +128.923
tors           9          10          11          12    -118.896
tors          11          12          13          14     +72.162
ENDCONSTRAINT
$end

$rem
JOBTYPE                   OPT
METHOD                    B3LYP
DFT_D                     d3_op
BASIS                     STO-3G
GEOM_OPT_MAX_CYCLES       100
GEOM_OPT_TOL_GRADIENT     300
GEOM_OPT_TOL_DISPLACEMENT 1200
GEOM_OPT_TOL_ENERGY       100
SYMMETRY                  False
THRESH                    12
SCF_CONVERGENCE           8
MAX_SUB_FILE_NUM          128
MEM_STATIC                400
MEM_TOTAL                 4000
$end
