$molecule
0  1
O -3.94934 -3.66094 2.70899
C -3.26408 -4.56952 2.26188
C -3.36658 -6.02376 2.66595
C -2.31529 -6.98809 2.09262
C -1.17432 -6.36143 1.32217
O -0.21044 -5.9309 2.18878
C 1.11187 -6.01366 1.64665
C 1.92081 -4.78327 2.044
O 1.9518 -3.84574 0.95636
C 2.7226 -2.74772 1.15477
C 3.85705 -2.63837 0.16396
C 4.45334 -1.23102 0.01538
C 4.09018 -0.24119 1.10398
O 4.7758 0.02016 2.08182
O -2.41057 -4.19968 1.2702
O 2.85709 0.32117 1.00016
O 2.82829 -2.27737 2.28155
C 2.33037 1.21311 1.91057
C 5.10724 -3.44824 0.56182
C 5.92949 -3.76459 -0.68603
C 6.46744 -2.3899 -1.02314
C 5.94783 -1.59193 0.17912
O 5.92796 -2.52623 1.23014
H 3.4763 -3.02343 -0.80989
H 4.26708 -0.74598 -0.968
H 4.87736 -4.38449 1.11122
H 6.77791 -4.40829 -0.35964
H 5.38056 -4.27376 -1.5072
H 7.57906 -2.43798 -1.0174
H 6.10768 -1.9597 -1.98284
H 6.58134 -0.69163 0.34154
O -1.00407 -6.56311 0.12521
C -2.22828 -2.91223 0.80608
C -3.13101 -6.23996 4.17707
C -3.82122 -7.52707 4.62696
C -2.92818 -8.56754 3.98161
C -1.83583 -7.66709 3.3929
O -1.77157 -6.58357 4.28858
H -4.40726 -6.33379 2.42051
H -2.79389 -7.71819 1.40172
H -1.86798 -2.25744 1.62802
H -3.47154 -5.38562 4.80214
H -3.69788 -7.59198 5.73202
H -4.90087 -7.60544 4.37591
H -2.5124 -9.21881 4.78222
H -3.41264 -9.18942 3.19801
H -0.89472 -8.2408 3.24301
H -3.18051 -2.51407 0.39526
H -1.46699 -2.92233 -0.00079
H 1.31402 1.51136 1.58117
H 2.96847 2.12066 1.97001
H 2.25674 0.73877 2.91254
H 1.55783 -4.34858 3.00239
H 2.9684 -5.12536 2.19804
H 1.24562 -6.28214 0.5747
H 1.56931 -6.85348 2.21464
$end

$opt
CONSTRAINT
tors           1           2           3           4    -173.823
tors           3           4           5           6     +82.957
tors           4           5           6           7    +147.842
tors           5           6           7           8    +139.712
tors           6           7           8           9     -99.886
tors           7           8           9          10    -175.539
tors           8           9          10          11    +118.189
tors           9          10          11          12    +159.904
tors          11          12          13          14     +96.539
ENDCONSTRAINT
$end

$rem
JOBTYPE                   OPT
METHOD                    B3LYP
DFT_D                     d3_op
BASIS                     STO-3G
GEOM_OPT_MAX_CYCLES       100
GEOM_OPT_TOL_GRADIENT     300
GEOM_OPT_TOL_DISPLACEMENT 1200
GEOM_OPT_TOL_ENERGY       100
SYMMETRY                  False
THRESH                    12
SCF_CONVERGENCE           8
MAX_SUB_FILE_NUM          128
MEM_STATIC                400
MEM_TOTAL                 4000
$end
