$molecule
0  1
O -3.94934 -3.66094 2.70899
C -3.26408 -4.56952 2.26188
C -3.36658 -6.02376 2.66595
C -2.23288 -6.95967 2.21579
C -1.03534 -6.30382 1.56476
O -1.30909 -4.99107 1.30559
C -0.50971 -4.44687 0.25008
C -0.50244 -5.39381 -0.9455
O 0.84631 -5.77399 -1.2605
C 1.00878 -6.42321 -2.44002
C 2.44656 -6.79556 -2.7135
C 3.47264 -5.70198 -2.38255
C 2.97056 -4.56567 -1.51454
O 1.81004 -4.39694 -1.16918
O -3.4412 -4.54129 0.88636
O 3.90194 -3.65577 -1.12402
O 0.11727 -6.57902 -3.26522
C 3.63289 -2.56538 -0.32347
C 2.95064 -7.92762 -1.79278
C 4.12637 -8.63997 -2.45971
C 5.19358 -7.56821 -2.36574
C 4.45413 -6.52057 -1.52394
O 3.58063 -7.27409 -0.71961
H 2.50861 -7.15918 -3.76466
H 3.93121 -5.25344 -3.29068
H 2.15839 -8.6599 -1.52237
H 4.40933 -9.48362 -1.7898
H 3.941 -9.03501 -3.48174
H 6.06458 -7.98835 -1.81579
H 5.52311 -7.13886 -3.3369
H 5.18265 -5.88087 -0.97889
O 0.00871 -6.88738 1.29344
C -3.81293 -3.44973 0.11691
C -3.2369 -6.16914 4.1976
C -3.86136 -7.4878 4.6539
C -2.83217 -8.47463 4.14855
C -1.78439 -7.51282 3.58051
O -1.86626 -6.38623 4.41616
H -4.37591 -6.38464 2.36175
H -2.5768 -7.76566 1.53108
H -3.0914 -2.61729 0.25795
H -3.69147 -5.32449 4.76073
H -3.8425 -7.49747 5.76735
H -4.90122 -7.66223 4.3029
H -2.41493 -9.02513 5.02112
H -3.19697 -9.19459 3.38424
H -0.79214 -8.01396 3.53606
H -4.83121 -3.10657 0.39569
H -3.81833 -3.74409 -0.95224
H 4.56937 -1.99375 -0.16022
H 3.24258 -2.90183 0.66103
H 2.88904 -1.90278 -0.81532
H -1.18162 -6.27301 -0.88499
H -0.90944 -4.79451 -1.7926
H 0.50055 -4.29547 0.68297
H -0.8871 -3.43999 -0.02388
$end

$opt
CONSTRAINT
tors           1           2           3           4    -167.498
tors           3           4           5           6     -10.113
tors           4           5           6           7    -156.111
tors           5           6           7           8     +47.368
tors           6           7           8           9    -122.026
tors           7           8           9          10    -168.952
tors           8           9          10          11    -180.000
tors           9          10          11          12     -42.827
tors          11          12          13          14      -6.916
ENDCONSTRAINT
$end

$rem
JOBTYPE                   OPT
METHOD                    B3LYP
DFT_D                     d3_op
BASIS                     STO-3G
GEOM_OPT_MAX_CYCLES       100
GEOM_OPT_TOL_GRADIENT     300
GEOM_OPT_TOL_DISPLACEMENT 1200
GEOM_OPT_TOL_ENERGY       100
SYMMETRY                  False
THRESH                    12
SCF_CONVERGENCE           8
MAX_SUB_FILE_NUM          128
MEM_STATIC                400
MEM_TOTAL                 4000
$end
