$molecule
0  1
O -3.94934 -3.66094 2.70899
C -3.26408 -4.56952 2.26188
C -3.36658 -6.02376 2.66595
C -4.48045 -6.40099 3.65632
C -5.47805 -5.31548 3.99478
O -5.91662 -5.47227 5.27871
C -7.31322 -5.77481 5.36374
C -7.67231 -6.88143 4.37755
O -8.17205 -6.30802 3.15921
C -9.46854 -6.58473 2.87336
C -9.93379 -5.95459 1.58219
C -11.05567 -6.71378 0.8588
C -11.78128 -7.7606 1.68001
O -12.57223 -8.58291 1.24096
O -2.27722 -4.262 1.37815
O -12.18044 -7.29521 2.90794
O -9.92057 -7.62077 3.33495
C -13.00661 -7.93333 3.81821
C -10.59428 -4.57366 1.76018
C -10.48352 -3.78686 0.4547
C -11.44916 -4.5598 -0.4248
C -12.02595 -5.54455 0.60037
O -11.97473 -4.83637 1.81666
H -9.03793 -5.83843 0.92871
H -10.69946 -7.21398 -0.06846
H -10.16947 -3.98967 2.60574
H -10.91214 -2.7779 0.65198
H -9.45741 -3.6712 0.04405
H -12.23067 -3.85673 -0.78898
H -10.98648 -5.0964 -1.28135
H -13.03219 -5.89886 0.28498
O -6.12691 -4.70753 3.14999
C -2.01967 -2.99037 0.91057
C -3.5502 -6.90423 1.44149
C -3.12746 -8.3362 1.75645
C -4.27503 -8.76057 2.63106
C -5.10619 -7.47157 2.63942
O -4.92698 -6.95699 1.34679
H -2.37326 -6.23751 3.1213
H -4.12516 -6.91642 4.57743
H -1.75627 -2.31779 1.75467
H -3.01339 -6.53729 0.53935
H -3.14777 -8.93464 0.81772
H -2.12197 -8.40629 2.22505
H -4.83758 -9.55335 2.0856
H -4.00718 -9.13033 3.64397
H -6.12859 -7.80776 2.70572
H -2.90863 -2.59243 0.376
H -1.16537 -3.02871 0.20406
H -12.46583 -8.04604 4.78003
H -13.32163 -8.94259 3.47914
H -13.90907 -7.31203 3.98897
H -6.96892 -7.71752 4.42326
H -8.48924 -7.37001 4.95202
H -7.95042 -4.87489 5.21424
H -7.47514 -6.12367 6.40818
$end

$opt
CONSTRAINT
tors           1           2           3           4      +3.924
tors           3           4           5           6    -148.120
tors           4           5           6           7    -115.437
tors           5           6           7           8     +47.368
tors           6           7           8           9     -95.674
tors           7           8           9          10    -115.312
tors           8           9          10          11    -180.000
tors           9          10          11          12    +151.555
tors          11          12          13          14    -169.759
ENDCONSTRAINT
$end

$rem
JOBTYPE                   OPT
METHOD                    B3LYP
DFT_D                     d3_op
BASIS                     STO-3G
GEOM_OPT_MAX_CYCLES       100
GEOM_OPT_TOL_GRADIENT     300
GEOM_OPT_TOL_DISPLACEMENT 1200
GEOM_OPT_TOL_ENERGY       100
SYMMETRY                  False
THRESH                    12
SCF_CONVERGENCE           8
MAX_SUB_FILE_NUM          128
MEM_STATIC                400
MEM_TOTAL                 4000
$end
