$molecule
0  1
O -3.94934 -3.66094 2.70899
C -3.26408 -4.56952 2.26188
C -3.36658 -6.02376 2.66595
C -2.05 -6.79497 2.85493
C -0.77662 -5.98092 2.79249
O -0.19703 -6.11962 1.56356
C 0.81253 -5.13869 1.30313
C 2.14816 -5.82023 1.02436
O 3.17353 -4.83124 0.8416
C 2.76212 -3.54189 0.92808
C 3.81276 -2.62689 1.51082
C 3.95327 -1.27031 0.80496
C 2.81654 -0.88626 -0.1208
O 2.82148 0.06025 -0.89453
O -2.54884 -4.33573 1.1317
O 1.57938 -1.03131 0.45644
O 2.0712 -3.23535 -0.02619
C 0.36905 -0.57272 -0.0376
C 3.4989 -2.1608 2.94789
C 4.79955 -1.77421 3.65118
C 5.15803 -0.50272 2.90401
C 3.9078 -0.33731 2.03062
O 2.8767 -0.90842 2.80068
H 4.77867 -3.1834 1.53423
H 4.89401 -1.19654 0.21654
H 2.94361 -2.91792 3.54365
H 4.5278 -1.50696 4.69789
H 5.59319 -2.55168 3.67073
H 5.24674 0.32442 3.64272
H 6.07624 -0.56102 2.28027
H 3.76607 0.72701 1.73994
O -0.50714 -5.12363 3.62802
C -2.48065 -3.11728 0.49373
C -4.00247 -6.22105 4.05683
C -4.57241 -7.63505 4.17757
C -3.29873 -8.44464 4.30418
C -2.25334 -7.32621 4.28492
O -2.90105 -6.25623 4.93175
H -3.99656 -6.50485 1.88431
H -1.96264 -7.62921 2.12097
H -2.04993 -2.35479 1.17681
H -4.79288 -5.47559 4.29178
H -5.12642 -7.69769 5.14146
H -5.24555 -7.93284 3.345
H -3.2953 -8.94088 5.30039
H -3.13274 -9.20002 3.50596
H -1.30302 -7.67583 4.74584
H -3.49387 -2.79887 0.16751
H -1.83694 -3.21815 -0.40333
H -0.30362 -1.43572 -0.18638
H 0.46544 -0.05274 -1.01436
H -0.08847 0.12075 0.69702
H 2.42518 -6.44491 1.89993
H 2.07374 -6.46881 0.12596
H 0.9253 -4.39955 2.12636
H 0.42004 -4.6209 0.40747
$end

$opt
CONSTRAINT
tors           1           2           3           4    -138.495
tors           3           4           5           6    -100.420
tors           4           5           6           7    +165.282
tors           5           6           7           8    +121.108
tors           6           7           8           9    -176.626
tors           7           8           9          10      -0.996
tors           8           9          10          11    +146.987
tors           9          10          11          12    +137.787
tors          11          12          13          14    -170.141
ENDCONSTRAINT
$end

$rem
JOBTYPE                   OPT
METHOD                    B3LYP
DFT_D                     d3_op
BASIS                     STO-3G
GEOM_OPT_MAX_CYCLES       100
GEOM_OPT_TOL_GRADIENT     300
GEOM_OPT_TOL_DISPLACEMENT 1200
GEOM_OPT_TOL_ENERGY       100
SYMMETRY                  False
THRESH                    12
SCF_CONVERGENCE           8
MAX_SUB_FILE_NUM          128
MEM_STATIC                400
MEM_TOTAL                 4000
$end
