$molecule
0  1
O -3.94934 -3.66094 2.70899
C -3.26408 -4.56952 2.26188
C -3.36658 -6.02376 2.66595
C -2.27333 -6.57303 3.59705
C -1.29943 -5.56331 4.16282
O -1.60538 -5.30474 5.46857
C -0.6426 -4.46723 6.11733
C 0.39562 -3.98255 5.1107
O 1.68762 -3.91471 5.73441
C 2.5285 -2.97614 5.23326
C 3.86838 -2.9546 5.9296
C 5.02898 -2.41114 5.08347
C 4.6356 -1.65273 3.83176
O 3.81373 -2.0245 3.00662
O -2.37515 -4.28558 1.27142
O 5.16149 -0.40703 3.66876
O 2.07305 -1.95239 4.73518
C 4.8714 0.43516 2.61541
C 3.93847 -2.00185 7.14231
C 5.00659 -2.50063 8.11187
C 6.26299 -2.23196 7.3066
C 5.66889 -1.46155 6.11798
O 4.53319 -0.82405 6.65063
H 4.07133 -3.99188 6.28504
H 5.68926 -3.2395 4.74585
H 2.96504 -1.87836 7.66542
H 4.98599 -1.80822 8.98432
H 4.89295 -3.54434 8.47589
H 6.93861 -1.5926 7.91684
H 6.80371 -3.13763 6.9555
H 6.44462 -0.79875 5.67735
O -0.90816 -4.79221 3.29114
C -2.15949 -3.02369 0.75794
C -4.61987 -6.31982 3.5276
C -5.02192 -7.7846 3.36913
C -3.89611 -8.46532 4.11548
C -3.15948 -7.24179 4.67553
O -4.16967 -6.2828 4.85877
H -3.47756 -6.60056 1.71992
H -1.64347 -7.33111 3.08097
H -1.8033 -2.34105 1.55901
H -5.48873 -5.66834 3.28817
H -5.96442 -7.92171 3.94699
H -5.18148 -8.13541 2.3269
H -4.33734 -9.07814 4.93263
H -3.22225 -9.09071 3.49071
H -2.58333 -7.53495 5.58063
H -3.09663 -2.62565 0.31343
H -1.38433 -3.08073 -0.03344
H 5.43999 1.37971 2.73792
H 3.7857 0.67048 2.60136
H 5.1664 -0.03842 1.65471
H 0.81807 -4.79473 4.47579
H 0.06967 -3.08915 4.527
H -0.15242 -5.09785 6.89026
H -1.12337 -3.60239 6.62044
$end

$opt
CONSTRAINT
tors           1           2           3           4    -104.211
tors           3           4           5           6    +103.784
tors           4           5           6           7    +173.662
tors           5           6           7           8      +5.638
tors           6           7           8           9    -143.779
tors           7           8           9          10    -150.588
tors           8           9          10          11    -180.000
tors           9          10          11          12    +154.358
tors          11          12          13          14     -47.368
ENDCONSTRAINT
$end

$rem
JOBTYPE                   OPT
METHOD                    B3LYP
DFT_D                     d3_op
BASIS                     STO-3G
GEOM_OPT_MAX_CYCLES       100
GEOM_OPT_TOL_GRADIENT     300
GEOM_OPT_TOL_DISPLACEMENT 1200
GEOM_OPT_TOL_ENERGY       100
SYMMETRY                  False
THRESH                    12
SCF_CONVERGENCE           8
MAX_SUB_FILE_NUM          128
MEM_STATIC                400
MEM_TOTAL                 4000
$end
