$molecule
0  1
O -3.94934 -3.66094 2.70899
C -3.26408 -4.56952 2.26188
C -3.36658 -6.02376 2.66595
C -2.34856 -6.99755 2.05013
C -1.23143 -6.38082 1.23787
O -0.96502 -5.12201 1.69596
C 0.43462 -4.82605 1.74765
C 1.10782 -5.23949 0.44304
O 2.3728 -5.86057 0.72046
C 3.14184 -6.1272 -0.36426
C 4.45667 -6.77881 -0.00749
C 4.71306 -8.13279 -0.68521
C 3.81801 -8.46221 -1.86295
O 3.35603 -7.64988 -2.65114
O -3.06701 -4.41956 0.91356
O 3.40725 -9.75474 -1.94648
O 2.92416 -5.60994 -1.45357
C 2.55449 -10.23819 -2.91665
C 5.67831 -5.96789 -0.4723
C 6.90294 -6.35774 0.35432
C 7.17251 -7.74858 -0.18208
C 6.10578 -7.83154 -1.28013
O 5.9831 -6.50445 -1.73357
H 4.49403 -6.88868 1.10125
H 4.75373 -9.00469 0.00532
H 5.51453 -4.86867 -0.43075
H 7.73704 -5.68872 0.04298
H 6.771 -6.29124 1.45572
H 8.19122 -7.75938 -0.62975
H 7.07217 -8.57276 0.5569
H 6.40414 -8.57944 -2.0487
O -0.43193 -7.20177 0.80127
C -3.05222 -3.23172 0.20189
C -3.07564 -6.21221 4.16527
C -3.69613 -7.51913 4.65769
C -2.76436 -8.52932 4.02274
C -1.75762 -7.59342 3.34734
O -1.69796 -6.48596 4.21288
H -4.41109 -6.33368 2.43688
H -2.83029 -7.77714 1.41796
H -3.18104 -2.34072 0.85283
H -3.4278 -5.36207 4.78991
H -3.56258 -7.56093 5.76241
H -4.77258 -7.64317 4.41101
H -2.26164 -9.1012 4.83449
H -3.23967 -9.23105 3.30372
H -0.7973 -8.1283 3.17777
H -3.86296 -3.2486 -0.55492
H -2.07757 -3.13763 -0.32018
H 2.39025 -11.32239 -2.74927
H 3.00141 -10.09528 -3.92381
H 1.57579 -9.71519 -2.86194
H 0.56317 -5.72228 -0.39381
H 1.29446 -4.26476 -0.06261
H 0.85496 -5.45429 2.56599
H 0.62756 -3.76841 2.029
$end

$opt
CONSTRAINT
tors           1           2           3           4    -176.119
tors           3           4           5           6     +28.421
tors           4           5           6           7    +139.076
tors           5           6           7           8     +47.217
tors           6           7           8           9    -138.526
tors           7           8           9          10    -172.359
tors           8           9          10          11    -180.000
tors           9          10          11          12    +123.158
tors          11          12          13          14     +32.675
ENDCONSTRAINT
$end

$rem
JOBTYPE                   OPT
METHOD                    B3LYP
DFT_D                     d3_op
BASIS                     STO-3G
GEOM_OPT_MAX_CYCLES       100
GEOM_OPT_TOL_GRADIENT     300
GEOM_OPT_TOL_DISPLACEMENT 1200
GEOM_OPT_TOL_ENERGY       100
SYMMETRY                  False
THRESH                    12
SCF_CONVERGENCE           8
MAX_SUB_FILE_NUM          128
MEM_STATIC                400
MEM_TOTAL                 4000
$end
