$molecule
0  1
O -3.94934 -3.66094 2.70899
C -3.26408 -4.56952 2.26188
C -3.36658 -6.02376 2.66595
C -4.4535 -6.39398 3.6884
C -5.43148 -5.30102 4.05864
O -5.57149 -4.43072 3.01538
C -6.92214 -4.31606 2.55508
C -7.71504 -3.39493 3.47646
O -8.20595 -4.13577 4.60475
C -9.22111 -4.99541 4.34091
C -9.69224 -5.7431 5.56551
C -11.18532 -5.5831 5.88705
C -12.04371 -5.01551 4.77453
O -12.82939 -4.08596 4.88944
O -2.32451 -4.27797 1.32429
O -12.0712 -5.70798 3.60212
O -9.64372 -5.21207 3.21279
C -12.85235 -5.37894 2.51355
C -9.58463 -7.27594 5.45028
C -9.50613 -7.88866 6.84816
C -10.91918 -7.64416 7.34465
C -11.56034 -7.06582 6.07662
O -10.85949 -7.69257 5.02729
H -9.06601 -5.41218 6.42684
H -11.36305 -4.96642 6.79592
H -8.72521 -7.60936 4.82807
H -9.36226 -8.9845 6.71042
H -8.69904 -7.49602 7.50339
H -11.37202 -8.6254 7.60894
H -11.00741 -6.93884 8.19929
H -12.66231 -7.21852 6.08676
O -5.72964 -5.01846 5.20897
C -2.09042 -3.01339 0.82643
C -3.78651 -6.90581 1.47484
C -3.3874 -8.35929 1.73196
C -4.41144 -8.75103 2.77597
C -5.21934 -7.45443 2.87274
O -5.18788 -6.94661 1.56128
H -2.355 -6.31831 3.02438
H -4.05551 -6.83613 4.62902
H -1.78351 -2.32973 1.64665
H -3.36703 -6.56143 0.50428
H -3.58994 -8.94019 0.80388
H -2.32579 -8.49645 2.03058
H -5.05337 -9.55622 2.35354
H -3.99598 -9.0742 3.75484
H -6.23016 -7.66173 3.29034
H -3.00545 -2.6214 0.33291
H -1.27361 -3.06269 0.07754
H -12.67007 -6.11178 1.7011
H -12.58767 -4.36431 2.14648
H -13.92788 -5.41122 2.78987
H -7.07348 -2.55034 3.80728
H -8.57944 -2.94883 2.93248
H -7.38592 -5.29519 2.31064
H -6.84616 -3.76664 1.59283
$end

$opt
CONSTRAINT
tors           1           2           3           4      +2.144
tors           3           4           5           6     +28.421
tors           4           5           6           7    +121.791
tors           5           6           7           8     +79.392
tors           6           7           8           9     -84.221
tors           7           8           9          10     -72.324
tors           8           9          10          11    -180.000
tors           9          10          11          12    +123.158
tors          11          12          13          14    -129.962
ENDCONSTRAINT
$end

$rem
JOBTYPE                   OPT
METHOD                    B3LYP
DFT_D                     d3_op
BASIS                     STO-3G
GEOM_OPT_MAX_CYCLES       100
GEOM_OPT_TOL_GRADIENT     300
GEOM_OPT_TOL_DISPLACEMENT 1200
GEOM_OPT_TOL_ENERGY       100
SYMMETRY                  False
THRESH                    12
SCF_CONVERGENCE           8
MAX_SUB_FILE_NUM          128
MEM_STATIC                400
MEM_TOTAL                 4000
$end
