$molecule
0  1
O -3.94934 -3.66094 2.70899
C -3.26408 -4.56952 2.26188
C -3.36658 -6.02376 2.66595
C -2.29596 -6.56258 3.62891
C -1.34652 -5.54411 4.21999
O -1.96255 -4.32782 4.30119
C -3.12599 -4.3404 5.13515
C -3.1583 -3.09233 6.01116
O -3.75029 -3.40198 7.28259
C -5.03205 -2.9898 7.44488
C -5.59706 -3.34444 8.79974
C -6.81949 -2.51923 9.22749
C -7.50437 -1.73377 8.12718
O -7.14944 -0.64071 7.71027
O -2.23362 -4.25991 1.43036
O -8.66006 -2.24607 7.61689
O -5.75342 -2.80843 6.47024
C -9.41431 -1.64888 6.62832
C -6.15795 -4.7775 8.87217
C -6.12492 -5.26065 10.32
C -7.19923 -4.38424 10.93075
C -7.7334 -3.68932 9.67036
O -7.53604 -4.63321 8.64615
H -4.76281 -3.25223 9.53298
H -6.63075 -1.82204 10.07293
H -5.62468 -5.49481 8.21018
H -6.48449 -6.31489 10.31287
H -5.13567 -5.21714 10.82437
H -7.97082 -5.04392 11.38608
H -6.84074 -3.6415 11.67598
H -8.78364 -3.36284 9.83779
O -0.13566 -5.62861 4.08645
C -1.93943 -2.98303 1.00054
C -4.64819 -6.5873 3.342
C -4.7934 -8.07536 3.00379
C -3.67837 -8.67041 3.85514
C -3.17427 -7.41277 4.57924
O -4.35699 -6.66847 4.71606
H -3.3178 -6.53807 1.67897
H -1.618 -7.25359 3.07724
H -1.70657 -2.33097 1.86953
H -5.5659 -6.02694 3.06182
H -5.7704 -8.41511 3.41663
H -4.75305 -8.3268 1.92216
H -4.13491 -9.37437 4.58611
H -2.87429 -9.18953 3.29035
H -2.63939 -7.67662 5.51681
H -2.79813 -2.56278 0.43446
H -1.0541 -3.01879 0.33324
H -10.29563 -2.28571 6.40894
H -8.81148 -1.54036 5.70137
H -9.76848 -0.65161 6.9662
H -2.11049 -2.80808 6.24881
H -3.59422 -2.21762 5.47582
H -2.99383 -5.14279 5.90029
H -4.1388 -4.41907 4.7269
$end

$opt
CONSTRAINT
tors           1           2           3           4    -102.516
tors           3           4           5           6     +28.421
tors           4           5           6           7     +60.786
tors           5           6           7           8    +137.555
tors           6           7           8           9    -146.407
tors           7           8           9          10    -103.001
tors           8           9          10          11    -180.000
tors           9          10          11          12    +159.999
tors          11          12          13          14     -82.285
ENDCONSTRAINT
$end

$rem
JOBTYPE                   OPT
METHOD                    B3LYP
DFT_D                     d3_op
BASIS                     STO-3G
GEOM_OPT_MAX_CYCLES       100
GEOM_OPT_TOL_GRADIENT     300
GEOM_OPT_TOL_DISPLACEMENT 1200
GEOM_OPT_TOL_ENERGY       100
SYMMETRY                  False
THRESH                    12
SCF_CONVERGENCE           8
MAX_SUB_FILE_NUM          128
MEM_STATIC                400
MEM_TOTAL                 4000
$end
