$molecule
0  1
O -3.94934 -3.66094 2.70899
C -3.26408 -4.56952 2.26188
C -3.36658 -6.02376 2.66595
C -2.66411 -6.44244 3.96791
C -2.08823 -5.32728 4.81222
O -1.8571 -4.2285 4.03461
C -2.51731 -3.05157 4.51232
C -1.52409 -2.14937 5.23737
O -0.56656 -2.94857 5.94962
C 0.27007 -2.26419 6.76866
C 1.25144 -3.15875 7.4879
C 2.64339 -2.54826 7.70712
C 2.74606 -1.04922 7.50951
O 3.78248 -0.40112 7.52853
O -2.46489 -4.31111 1.19211
O 1.72275 -0.25072 7.132
O -0.24566 -1.34577 7.40108
C 1.76074 1.11578 6.91189
C 0.86367 -3.46942 8.95139
C 1.53386 -4.76813 9.39655
C 2.9818 -4.32574 9.47875
C 2.82648 -2.82469 9.20628
O 1.55318 -2.51159 9.71821
H 1.30654 -4.12355 6.93197
H 3.40695 -3.01591 7.04759
H -0.23529 -3.52822 9.11122
H 1.16796 -4.97849 10.42738
H 1.3444 -5.65592 8.75582
H 3.34653 -4.51024 10.51349
H 3.66546 -4.79872 8.7408
H 3.67955 -2.25636 9.63898
O -1.72564 -5.43319 5.97515
C -2.28968 -3.06193 0.63423
C -4.82051 -6.42003 2.96688
C -4.98782 -7.93622 2.86417
C -4.28476 -8.38084 4.12805
C -3.88414 -7.02562 4.71643
O -4.94436 -6.17848 4.34479
H -2.9766 -6.62317 1.81207
H -1.87597 -7.21761 3.84498
H -1.85963 -2.36465 1.38428
H -5.55512 -5.90586 2.3086
H -6.07146 -8.1732 2.96018
H -4.59384 -8.37322 1.92144
H -5.03488 -8.86173 4.79532
H -3.42044 -9.06358 3.97994
H -3.70921 -7.13043 5.81011
H -3.26034 -2.66672 0.26612
H -1.58846 -3.14089 -0.2215
H 0.75103 1.46341 6.61379
H 2.47395 1.35624 6.09539
H 2.05817 1.64374 7.8421
H -0.93494 -1.56051 4.49387
H -2.09323 -1.43938 5.88024
H -3.34142 -3.30038 5.22592
H -2.81792 -2.28142 3.7703
$end

$opt
CONSTRAINT
tors           1           2           3           4     -80.823
tors           3           4           5           6     -22.929
tors           4           5           6           7    +123.970
tors           5           6           7           8    +102.029
tors           6           7           8           9     -35.680
tors           7           8           9          10    -172.152
tors           8           9          10          11    -180.000
tors           9          10          11          12    +144.721
tors          11          12          13          14    -173.553
ENDCONSTRAINT
$end

$rem
JOBTYPE                   OPT
METHOD                    B3LYP
DFT_D                     d3_op
BASIS                     STO-3G
GEOM_OPT_MAX_CYCLES       100
GEOM_OPT_TOL_GRADIENT     300
GEOM_OPT_TOL_DISPLACEMENT 1200
GEOM_OPT_TOL_ENERGY       100
SYMMETRY                  False
THRESH                    12
SCF_CONVERGENCE           8
MAX_SUB_FILE_NUM          128
MEM_STATIC                400
MEM_TOTAL                 4000
$end
