$molecule
0  1
O -3.94934 -3.66094 2.70899
C -3.26408 -4.56952 2.26188
C -3.36658 -6.02376 2.66595
C -4.4044 -6.38252 3.74209
C -5.34599 -5.2772 4.16606
O -6.18035 -4.95684 3.13328
C -7.19522 -4.01628 3.50022
C -7.5103 -3.0975 2.32433
O -6.89815 -1.8143 2.52815
C -7.56366 -0.97651 3.36142
C -6.87075 0.35412 3.53455
C -7.80984 1.56549 3.62926
C -9.26848 1.25162 3.89487
O -9.83211 0.20549 3.60765
O -2.34612 -4.28393 1.30165
O -10.03509 2.29414 4.31474
O -8.2818 -1.43025 4.24772
C -11.39282 2.22067 4.54634
C -6.10591 0.45615 4.86704
C -5.00672 1.50916 4.74857
C -5.83748 2.77358 4.69439
C -7.23806 2.1913 4.92492
O -7.01412 1.06997 5.74347
H -6.14287 0.47053 2.69838
H -7.75502 2.26933 2.77028
H -5.67825 -0.51418 5.20311
H -4.44058 1.49489 5.70765
H -4.29802 1.37088 3.90385
H -5.53419 3.42684 5.5426
H -5.78458 3.3383 3.73843
H -7.89803 2.97533 5.35598
O -5.43761 -4.87213 5.31887
C -2.1235 -3.02204 0.7916
C -3.83596 -6.93893 1.51701
C -3.3717 -8.37262 1.77408
C -4.29148 -8.76999 2.91213
C -5.1616 -7.51319 3.01915
O -5.22839 -7.04138 1.69364
H -2.34158 -6.31861 2.98588
H -3.90444 -6.74279 4.66934
H -1.79859 -2.33374 1.60098
H -3.49317 -6.59755 0.51591
H -3.6416 -8.9738 0.87634
H -2.2853 -8.48653 1.97815
H -4.90663 -9.63596 2.58057
H -3.78463 -9.01002 3.87176
H -6.13276 -7.7469 3.50843
H -3.04941 -2.63269 0.31656
H -1.32367 -3.07537 0.02487
H -11.75859 3.21247 4.88254
H -11.60473 1.47293 5.34032
H -11.92654 1.94003 3.61325
H -7.18535 -3.55433 1.36504
H -8.61323 -2.95399 2.23068
H -7.09215 -3.49507 4.4754
H -8.10373 -4.64795 3.60994
$end

$opt
CONSTRAINT
tors           1           2           3           4      -0.942
tors           3           4           5           6     +67.431
tors           4           5           6           7    +173.788
tors           5           6           7           8    +145.932
tors           6           7           8           9    -103.351
tors           7           8           9          10     -80.047
tors           8           9          10          11    -180.000
tors           9          10          11          12    +142.331
tors          11          12          13          14     -25.761
ENDCONSTRAINT
$end

$rem
JOBTYPE                   OPT
METHOD                    B3LYP
DFT_D                     d3_op
BASIS                     STO-3G
GEOM_OPT_MAX_CYCLES       100
GEOM_OPT_TOL_GRADIENT     300
GEOM_OPT_TOL_DISPLACEMENT 1200
GEOM_OPT_TOL_ENERGY       100
SYMMETRY                  False
THRESH                    12
SCF_CONVERGENCE           8
MAX_SUB_FILE_NUM          128
MEM_STATIC                400
MEM_TOTAL                 4000
$end
