$molecule
0  1
O -3.94934 -3.66094 2.70899
C -3.26408 -4.56952 2.26188
C -3.36658 -6.02376 2.66595
C -4.4044 -6.38252 3.74209
C -5.34599 -5.2772 4.16606
O -4.64925 -4.11545 4.34014
C -5.48955 -2.95786 4.39619
C -5.76348 -2.57695 5.8474
O -7.08897 -2.98658 6.21907
C -7.55072 -2.47656 7.38775
C -8.99036 -2.84179 7.66108
C -9.31498 -3.1376 9.1326
C -8.27726 -2.6881 10.14146
O -7.13908 -2.32962 9.87575
O -2.34547 -4.28363 1.30232
O -8.63716 -2.78471 11.44917
O -7.11559 -1.39191 7.768
C -7.81875 -2.45206 12.50824
C -9.97836 -1.69427 7.37114
C -11.37001 -2.26776 7.11145
C -11.74308 -2.73944 8.50188
C -10.54222 -2.2171 9.30031
O -10.14964 -1.05522 8.6108
H -9.25241 -3.70624 7.00775
H -9.54166 -4.20761 9.33343
H -9.66227 -1.04682 6.52393
H -12.02606 -1.41 6.83863
H -11.43164 -3.04122 6.31595
H -12.67973 -2.22211 8.80699
H -11.85799 -3.8391 8.61681
H -10.82837 -2.07268 10.36526
O -6.56937 -5.35432 4.11809
C -2.1198 -3.02106 0.79549
C -3.85358 -6.91584 1.50744
C -3.3983 -8.35589 1.73549
C -4.30289 -8.76024 2.8809
C -5.16848 -7.50184 3.01063
O -5.24576 -7.00604 1.69609
H -2.3421 -6.32933 2.97723
H -3.90904 -6.73332 4.67434
H -1.79366 -2.33564 1.60683
H -3.51797 -6.56316 0.50764
H -3.68961 -8.93894 0.83242
H -2.31011 -8.48518 1.91991
H -4.92082 -9.62499 2.55124
H -3.7841 -9.00489 3.83305
H -6.1346 -7.75496 3.49936
H -3.04454 -2.6284 0.32103
H -1.31976 -3.07432 0.02897
H -8.36458 -2.62559 13.4582
H -7.53452 -1.37961 12.44941
H -6.90517 -3.08423 12.49978
H -4.97415 -2.91687 6.55401
H -5.75959 -1.46062 5.84903
H -6.37649 -2.94409 3.7211
H -4.86244 -2.10609 4.04096
$end

$opt
CONSTRAINT
tors           1           2           3           4      -0.942
tors           3           4           5           6     -44.050
tors           4           5           6           7    +164.593
tors           5           6           7           8     +97.090
tors           6           7           8           9    -103.351
tors           7           8           9          10    -167.453
tors           8           9          10          11    +174.780
tors           9          10          11          12    +142.331
tors          11          12          13          14     -13.035
ENDCONSTRAINT
$end

$rem
JOBTYPE                   OPT
METHOD                    B3LYP
DFT_D                     d3_op
BASIS                     STO-3G
GEOM_OPT_MAX_CYCLES       100
GEOM_OPT_TOL_GRADIENT     300
GEOM_OPT_TOL_DISPLACEMENT 1200
GEOM_OPT_TOL_ENERGY       100
SYMMETRY                  False
THRESH                    12
SCF_CONVERGENCE           8
MAX_SUB_FILE_NUM          128
MEM_STATIC                400
MEM_TOTAL                 4000
$end
