$molecule
0  1
O -3.94934 -3.66094 2.70899
C -3.26408 -4.56952 2.26188
C -3.36658 -6.02376 2.66595
C -4.24854 -6.35491 3.88099
C -5.07036 -5.2184 4.4476
O -6.0337 -4.85087 3.55187
C -6.94321 -3.87525 4.07169
C -7.93215 -3.45023 2.99119
O -7.22477 -2.89431 1.87161
C -6.82695 -1.60574 2.01475
C -6.08994 -1.0798 0.80609
C -6.21891 0.4332 0.57701
C -6.74522 1.23651 1.74935
O -7.54134 0.83294 2.58475
O -2.24617 -4.29537 1.40329
O -6.47951 2.57079 1.72374
O -6.52125 -1.19656 3.12731
C -6.94614 3.47873 2.65144
C -4.58627 -1.25914 0.70928
C -4.12344 -1.16576 -0.75091
C -4.2284 0.32097 -0.98078
C -4.71911 0.77461 0.3931
O -4.06731 -0.09377 1.28808
H -6.54717 -1.61473 -0.05828
H -6.80642 0.72872 -0.32026
H -4.28672 -2.21593 1.10049
H -3.05102 -1.45484 -0.81325
H -4.70977 -1.79637 -1.45372
H -3.20475 0.72489 -1.15005
H -4.89867 0.63087 -1.81135
H -4.48697 1.85442 0.51805
O -4.98298 -4.8152 5.60141
C -1.50788 -3.12954 1.39372
C -4.0169 -6.90908 1.58955
C -3.57798 -8.36126 1.77801
C -4.35478 -8.73441 3.0262
C -5.14682 -7.44367 3.26017
O -5.375 -6.95648 1.95713
H -2.32094 -6.3543 2.8629
H -3.63698 -6.75098 4.72293
H -0.97683 -3.01681 2.36257
H -3.79843 -6.56735 0.55417
H -3.98368 -8.94627 0.92177
H -2.47877 -8.51299 1.83873
H -5.0493 -9.56581 2.77172
H -3.736 -9.01383 3.90618
H -6.05075 -7.64347 3.87669
H -2.12984 -2.2382 1.2288
H -0.75365 -3.18627 0.58247
H -6.5735 4.49019 2.38962
H -6.57779 3.21241 3.6652
H -8.05702 3.49497 2.64703
H -8.46562 -4.36154 2.64658
H -8.69625 -2.74087 3.3829
H -6.39044 -3.0129 4.49165
H -7.52438 -4.32422 4.90836
$end

$opt
CONSTRAINT
tors           1           2           3           4      -9.774
tors           3           4           5           6     +67.431
tors           4           5           6           7    +173.788
tors           5           6           7           8    +176.430
tors           6           7           8           9     -59.373
tors           7           8           9          10     -80.047
tors           8           9          10          11    -180.000
tors           9          10          11          12    +151.153
tors          11          12          13          14     -31.487
ENDCONSTRAINT
$end

$rem
JOBTYPE                   OPT
METHOD                    B3LYP
DFT_D                     d3_op
BASIS                     STO-3G
GEOM_OPT_MAX_CYCLES       100
GEOM_OPT_TOL_GRADIENT     300
GEOM_OPT_TOL_DISPLACEMENT 1200
GEOM_OPT_TOL_ENERGY       100
SYMMETRY                  False
THRESH                    12
SCF_CONVERGENCE           8
MAX_SUB_FILE_NUM          128
MEM_STATIC                400
MEM_TOTAL                 4000
$end
