$molecule
0  1
O -3.94934 -3.66094 2.70899
C -3.26408 -4.56952 2.26188
C -3.36658 -6.02376 2.66595
C -3.60274 -6.32425 4.15517
C -3.88732 -5.13546 5.04618
O -4.88687 -4.37845 4.50466
C -5.56806 -3.5709 5.47063
C -6.56026 -2.64445 4.77539
O -6.39422 -2.72965 3.35129
C -5.15866 -3.09618 2.92918
C -5.04801 -3.16755 1.42474
C -3.61676 -3.07533 0.87584
C -2.50679 -3.28446 1.88626
O -2.21562 -2.51333 2.78911
O -2.7819 -5.00671 0.69908
O -1.27999 -3.43409 1.20932
O -4.55186 -1.90005 3.3285
C -0.02898 -3.59833 1.78652
C -5.83228 -3.97324 0.34769
C -6.36467 -3.01377 -0.72084
C -5.04008 -2.50979 -1.30712
C -4.03509 -3.47881 -0.63259
O -4.84555 -4.61493 -0.42497
H -5.45791 -2.13751 1.24695
H -3.36908 -2.00283 0.68089
H -6.61435 -4.63814 0.7709
H -6.88651 -3.64437 -1.47685
H -7.05978 -2.21595 -0.38082
H -5.08211 -2.64616 -2.40995
H -4.78507 -1.4559 -1.06525
H -3.14343 -3.60975 -1.28446
O -3.31537 -4.90371 6.10383
C -1.92223 -5.96428 0.15715
C -4.57809 -6.77929 2.0627
C -4.32477 -8.28931 2.07449
C -4.51054 -8.59546 3.54306
C -4.86374 -7.20491 4.07028
O -5.59479 -6.62603 3.01863
H -2.43058 -6.56056 2.45977
H -2.76669 -6.88514 4.63349
H -1.34447 -5.48778 -0.66068
H -4.83293 -6.4836 1.03301
H -5.14516 -8.78449 1.50726
H -3.34536 -8.58975 1.64364
H -5.39266 -9.26495 3.65542
H -3.63005 -9.04317 4.05252
H -5.39256 -7.28485 5.04602
H -2.51375 -6.79272 -0.2821
H -1.16359 -6.33621 0.87096
H 0.42876 -4.53372 1.40553
H -0.08547 -3.67281 2.89403
H 0.62081 -2.74469 1.50732
H -7.5634 -3.08101 4.96785
H -6.58547 -1.60319 5.16296
H -4.81282 -2.89603 5.93548
H -6.04557 -4.16356 6.28327
$end

$opt
CONSTRAINT
tors           1           2           3           4     -39.530
tors           3           4           5           6     +50.858
tors           4           5           6           7    +157.126
tors           5           6           7           8    +173.766
tors           6           7           8           9      -7.519
tors           7           8           9          10     -26.214
tors           8           9          10          11    -180.000
tors           9          10          11          12    +159.046
tors          11          12          13          14     -69.490
ENDCONSTRAINT
$end

$rem
JOBTYPE                   OPT
METHOD                    B3LYP
DFT_D                     d3_op
BASIS                     STO-3G
GEOM_OPT_MAX_CYCLES       100
GEOM_OPT_TOL_GRADIENT     300
GEOM_OPT_TOL_DISPLACEMENT 1200
GEOM_OPT_TOL_ENERGY       100
SYMMETRY                  False
THRESH                    12
SCF_CONVERGENCE           8
MAX_SUB_FILE_NUM          128
MEM_STATIC                400
MEM_TOTAL                 4000
$end
