$molecule
0  1
O -3.94934 -3.66094 2.70899
C -3.26408 -4.56952 2.26188
C -3.36658 -6.02376 2.66595
C -4.0933 -6.33721 3.98408
C -4.79103 -5.17864 4.66156
O -6.141 -5.38597 4.66181
C -6.86183 -4.40123 5.41011
C -8.35919 -4.68378 5.3451
O -8.80149 -4.6672 3.97872
C -9.01039 -3.43668 3.44834
C -8.83515 -3.40487 1.94869
C -10.01897 -2.81146 1.17107
C -11.02217 -2.02665 1.99228
O -11.74515 -2.49168 2.86154
O -2.45229 -4.31006 1.20345
O -11.12519 -0.69084 1.74489
O -9.14806 -2.42101 4.12073
C -11.97669 0.16666 2.41006
C -7.68438 -2.49716 1.47131
C -7.17837 -2.99213 0.11903
C -8.36214 -2.64806 -0.76419
C -9.23247 -1.86713 0.23249
O -8.30518 -1.28547 1.11726
H -8.61946 -4.446 1.61136
H -10.5947 -3.5855 0.61807
H -6.84568 -2.42659 2.19842
H -6.32177 -2.33561 -0.15709
H -6.84885 -4.05282 0.07783
H -8.0023 -1.99666 -1.59111
H -8.91683 -3.51944 -1.17493
H -9.89469 -1.16372 -0.318
O -4.2139 -4.26194 5.23629
C -2.28871 -3.06288 0.63775
C -4.16718 -6.86421 1.6588
C -3.72402 -8.3217 1.74001
C -4.3038 -8.71509 3.08121
C -5.06018 -7.43073 3.44758
O -5.46264 -6.90925 2.20429
H -2.31406 -6.38346 2.72651
H -3.4173 -6.77569 4.75127
H -1.88543 -2.35165 1.39003
H -4.08815 -6.49357 0.61321
H -4.26835 -8.87436 0.94085
H -2.63186 -8.49258 1.62617
H -5.01544 -9.5554 2.92005
H -3.55968 -8.99241 3.85881
H -5.87202 -7.68823 4.16222
H -3.26012 -2.68838 0.24917
H -1.57141 -3.13689 -0.20512
H -11.8498 1.19151 2.00508
H -11.73665 0.17827 3.49478
H -13.03134 -0.14917 2.26117
H -8.52049 -5.70625 5.74803
H -8.94729 -3.9884 5.98522
H -6.66878 -3.38242 5.00423
H -6.54742 -4.4322 6.47783
$end

$opt
CONSTRAINT
tors           1           2           3           4     -17.623
tors           3           4           5           6    +114.329
tors           4           5           6           7    +173.788
tors           5           6           7           8    +179.033
tors           6           7           8           9     -59.215
tors           7           8           9          10     -80.047
tors           8           9          10          11    +153.123
tors           9          10          11          12    +127.050
tors          11          12          13          14     -65.511
ENDCONSTRAINT
$end

$rem
JOBTYPE                   OPT
METHOD                    B3LYP
DFT_D                     d3_op
BASIS                     STO-3G
GEOM_OPT_MAX_CYCLES       100
GEOM_OPT_TOL_GRADIENT     300
GEOM_OPT_TOL_DISPLACEMENT 1200
GEOM_OPT_TOL_ENERGY       100
SYMMETRY                  False
THRESH                    12
SCF_CONVERGENCE           8
MAX_SUB_FILE_NUM          128
MEM_STATIC                400
MEM_TOTAL                 4000
$end
