$molecule
0  1
O -3.94934 -3.66094 2.70899
C -3.26408 -4.56952 2.26188
C -3.36658 -6.02376 2.66595
C -4.11235 -6.33895 3.97298
C -4.82551 -5.18269 4.63823
O -5.71845 -4.6256 3.76775
C -6.53434 -3.61426 4.36839
C -7.13361 -2.71468 3.29239
O -6.18703 -1.70108 2.91891
C -6.61431 -0.42223 3.06426
C -5.5757 0.59514 2.65573
C -6.14143 1.92414 2.1342
C -7.60673 2.17833 2.42575
O -8.54372 1.77705 1.75078
O -2.44578 -4.30698 1.20936
O -7.90465 2.99734 3.47414
O -7.534 -0.11979 3.8168
C -9.18233 3.34754 3.85844
C -4.70415 1.08063 3.83084
C -3.36244 1.57521 3.29524
C -3.79744 2.83669 2.57791
C -5.27644 2.88586 2.98674
O -5.30498 2.27646 4.25395
H -4.90686 0.10534 1.91026
H -5.97598 2.10189 1.04909
H -4.54784 0.30629 4.61374
H -2.75096 1.86035 4.18156
H -2.78918 0.85224 2.67569
H -3.23095 3.69397 3.00447
H -3.68877 2.81657 1.47186
H -5.64587 3.93429 2.94118
O -4.65486 -4.84637 5.80385
C -2.27418 -3.05602 0.65383
C -4.17218 -6.86501 1.66193
C -3.78744 -8.33909 1.79126
C -4.4519 -8.69149 3.10764
C -5.13646 -7.36229 3.4408
O -5.48148 -6.84525 2.17616
H -2.3168 -6.38924 2.7326
H -3.44467 -6.79417 4.73872
H -1.87235 -2.35178 1.41358
H -4.05103 -6.52268 0.61088
H -4.30191 -8.89626 0.97596
H -2.69509 -8.53732 1.74145
H -5.22218 -9.4711 2.91412
H -3.76481 -9.03092 3.9126
H -5.97762 -7.5236 4.15065
H -3.24189 -2.67405 0.26355
H -1.55292 -3.12645 -0.18595
H -9.12559 4.01932 4.73929
H -9.75935 2.43991 4.13705
H -9.69778 3.88281 3.03264
H -7.43014 -3.32192 2.41052
H -8.08119 -2.30449 3.70539
H -6.0117 -2.97053 5.11329
H -7.3647 -4.14795 4.88198
$end

$opt
CONSTRAINT
tors           1           2           3           4     -16.696
tors           3           4           5           6     +56.898
tors           4           5           6           7    +173.793
tors           5           6           7           8    +160.102
tors           6           7           8           9     -83.260
tors           7           8           9          10    -122.645
tors           8           9          10          11    -180.000
tors           9          10          11          12    +151.153
tors          11          12          13          14     -84.757
ENDCONSTRAINT
$end

$rem
JOBTYPE                   OPT
METHOD                    B3LYP
DFT_D                     d3_op
BASIS                     STO-3G
GEOM_OPT_MAX_CYCLES       100
GEOM_OPT_TOL_GRADIENT     300
GEOM_OPT_TOL_DISPLACEMENT 1200
GEOM_OPT_TOL_ENERGY       100
SYMMETRY                  False
THRESH                    12
SCF_CONVERGENCE           8
MAX_SUB_FILE_NUM          128
MEM_STATIC                400
MEM_TOTAL                 4000
$end
