$molecule
0  1
O -3.94934 -3.66094 2.70899
C -3.26408 -4.56952 2.26188
C -3.36658 -6.02376 2.66595
C -4.24854 -6.35491 3.88099
C -5.07036 -5.2184 4.4476
O -6.39147 -5.41329 4.16106
C -7.24013 -4.39139 4.69468
C -8.68331 -4.62737 4.26147
O -8.85165 -4.24056 2.88854
C -9.23817 -2.95626 2.68776
C -8.95317 -2.46814 1.28735
C -9.97292 -1.46313 0.73206
C -10.89975 -0.83094 1.7509
O -11.29969 -1.3672 2.77414
O -2.4029 -4.29739 1.24653
O -11.49117 0.33587 1.37619
O -9.22533 -2.15412 3.61864
C -12.4168 1.02159 2.13495
C -7.64221 -1.66701 1.19228
C -7.12105 -1.70498 -0.24173
C -8.14817 -0.83377 -0.93301
C -8.9731 -0.36992 0.2752
O -8.0439 -0.32951 1.33
H -8.87328 -3.36419 0.62921
H -10.58798 -1.83528 -0.11608
H -6.85868 -2.02048 1.89858
H -6.14172 -1.17433 -0.24421
H -6.98842 -2.71872 -0.6773
H -7.61737 0.02323 -1.40419
H -8.78336 -1.35042 -1.68475
H -9.46503 0.59693 0.03293
O -4.61747 -4.30357 5.12722
C -2.21459 -3.04368 0.70336
C -3.99674 -6.90041 1.57182
C -3.52239 -8.34198 1.73141
C -4.26937 -8.74419 2.98418
C -5.10331 -7.47988 3.23062
O -5.35121 -6.98206 1.93837
H -2.31812 -6.34273 2.86417
H -3.67646 -6.77805 4.73619
H -1.84801 -2.34057 1.48158
H -3.78908 -6.53824 0.5411
H -3.9315 -8.92032 0.87206
H -2.41982 -8.47481 1.77236
H -4.93126 -9.6034 2.73468
H -3.63175 -8.99853 3.85823
H -5.99627 -7.75123 3.83539
H -3.16727 -2.66557 0.274
H -1.45855 -3.10752 -0.10582
H -12.72667 1.93709 1.59063
H -11.96872 1.31776 3.10755
H -13.31318 0.38927 2.31073
H -8.95242 -5.69669 4.39488
H -9.37417 -4.06821 4.93362
H -6.91878 -3.36865 4.39277
H -7.20425 -4.4669 5.80511
$end

$opt
CONSTRAINT
tors           1           2           3           4      -9.774
tors           3           4           5           6    +108.587
tors           4           5           6           7    +178.571
tors           5           6           7           8    +176.430
tors           6           7           8           9     -76.099
tors           7           8           9          10     -91.263
tors           8           9          10          11    +160.504
tors           9          10          11          12    +146.738
tors          11          12          13          14     -31.487
ENDCONSTRAINT
$end

$rem
JOBTYPE                   OPT
METHOD                    B3LYP
DFT_D                     d3_op
BASIS                     STO-3G
GEOM_OPT_MAX_CYCLES       100
GEOM_OPT_TOL_GRADIENT     300
GEOM_OPT_TOL_DISPLACEMENT 1200
GEOM_OPT_TOL_ENERGY       100
SYMMETRY                  False
THRESH                    12
SCF_CONVERGENCE           8
MAX_SUB_FILE_NUM          128
MEM_STATIC                400
MEM_TOTAL                 4000
$end
