$molecule
0  1
O -3.94934 -3.66094 2.70899
C -3.26408 -4.56952 2.26188
C -3.36658 -6.02376 2.66595
C -4.68605 -6.48344 3.30746
C -5.81916 -5.48137 3.31123
O -6.30455 -5.32504 2.0442
C -7.4719 -4.49847 1.98636
C -7.90282 -4.29814 0.53711
O -6.84232 -3.67884 -0.20766
C -7.2272 -2.70835 -1.07321
C -6.09034 -1.80459 -1.48726
C -6.23184 -1.18549 -2.88546
C -7.61257 -1.26227 -3.50546
O -8.4243 -2.15729 -3.31947
O -2.21205 -4.25613 1.46089
O -7.86579 -0.37951 -4.50976
O -8.35368 -2.22785 -0.98433
C -9.03251 -0.34554 -5.24486
C -5.97762 -0.54786 -0.60365
C -4.55957 0.01226 -0.6727
C -4.53487 0.54013 -2.0896
C -5.99307 0.29602 -2.49596
O -6.71323 0.42678 -1.29494
H -5.1464 -2.39124 -1.40235
H -5.49055 -1.53759 -3.63557
H -6.27207 -0.72708 0.45393
H -4.52039 0.87518 0.0305
H -3.74453 -0.69505 -0.42266
H -4.30629 1.62852 -2.05244
H -3.83118 0.0244 -2.77844
H -6.27055 1.01042 -3.30107
O -6.34418 -5.0426 4.32784
C -1.93853 -2.98858 0.99583
C -3.34038 -6.98481 1.4487
C -2.84809 -8.36357 1.8895
C -4.04266 -8.85005 2.68474
C -5.02621 -7.70226 2.43197
O -4.68942 -7.2433 1.14617
H -2.46805 -6.24066 3.28632
H -4.51743 -6.76124 4.37197
H -1.76916 -2.29345 1.84571
H -2.71708 -6.61809 0.6045
H -2.76107 -8.9851 0.96922
H -1.8776 -8.3786 2.43048
H -4.41047 -9.79437 2.22549
H -3.86077 -8.99995 3.77104
H -6.07609 -8.0404 2.57563
H -2.78378 -2.63037 0.37456
H -1.02373 -3.01983 0.36935
H -8.969 0.47359 -5.99014
H -9.8993 -0.15509 -4.57643
H -9.17583 -1.30741 -5.78199
H -8.09397 -5.30325 0.10348
H -8.87219 -3.755 0.55235
H -7.2654 -3.49527 2.42484
H -8.30442 -4.98237 2.54589
$end

$opt
CONSTRAINT
tors           1           2           3           4     +21.304
tors           3           4           5           6     +71.454
tors           4           5           6           7    +173.788
tors           5           6           7           8    +176.430
tors           6           7           8           9     -59.373
tors           7           8           9          10    -138.339
tors           8           9          10          11    +161.500
tors           9          10          11          12    +151.153
tors          11          12          13          14     -31.487
ENDCONSTRAINT
$end

$rem
JOBTYPE                   OPT
METHOD                    B3LYP
DFT_D                     d3_op
BASIS                     STO-3G
GEOM_OPT_MAX_CYCLES       100
GEOM_OPT_TOL_GRADIENT     300
GEOM_OPT_TOL_DISPLACEMENT 1200
GEOM_OPT_TOL_ENERGY       100
SYMMETRY                  False
THRESH                    12
SCF_CONVERGENCE           8
MAX_SUB_FILE_NUM          128
MEM_STATIC                400
MEM_TOTAL                 4000
$end
