$molecule
0  1
O -3.94934 -3.66094 2.70899
C -3.26408 -4.56952 2.26188
C -3.36658 -6.02376 2.66595
C -4.77739 -6.5947 2.88387
C -5.93421 -5.6983 2.50132
O -5.9583 -5.52443 1.14684
C -7.24773 -5.15067 0.64993
C -7.15418 -4.77661 -0.82569
O -6.99145 -3.35603 -0.96111
C -8.01998 -2.60433 -0.49611
C -7.78929 -1.12165 -0.66673
C -9.06496 -0.28291 -0.83241
C -10.36138 -0.96986 -0.4528
O -11.04416 -1.65708 -1.19851
O -2.45495 -4.28816 1.20545
O -10.85549 -0.7315 0.79547
O -9.01569 -3.08339 0.0324
C -12.02936 -1.26131 1.28952
C -7.15747 -0.4657 0.57634
C -6.41 0.79813 0.15693
C -7.57094 1.69629 -0.21875
C -8.74905 0.81318 0.21588
O -8.2408 0.06509 1.29315
H -7.08494 -0.9891 -1.52048
H -9.19788 0.16375 -1.84198
H -6.48261 -1.1467 1.14042
H -5.92748 1.2025 1.07589
H -5.63772 0.66854 -0.63155
H -7.50989 2.62153 0.39604
H -7.64253 1.95539 -1.29731
H -9.63605 1.447 0.43833
O -6.82274 -5.36829 3.27787
C -2.30526 -3.03517 0.64808
C -2.81827 -7.03812 1.63664
C -2.44899 -8.34807 2.33608
C -3.82324 -8.91779 2.62115
C -4.70833 -7.84416 1.98428
O -3.9489 -7.40272 0.88245
H -2.78055 -6.09056 3.60977
H -4.93717 -6.86977 3.95109
H -1.911 -2.32422 1.40532
H -1.94142 -6.66946 1.06294
H -1.94544 -9.00367 1.58997
H -1.79027 -8.22621 3.22275
H -3.93266 -9.87138 2.05773
H -4.05638 -9.08546 3.69484
H -5.71635 -8.25472 1.75477
H -3.2806 -2.66958 0.26067
H -1.58635 -3.09548 -0.19449
H -12.18179 -0.90159 2.32766
H -11.97262 -2.37086 1.29993
H -12.88941 -0.93396 0.66722
H -6.34349 -5.34045 -1.33443
H -8.10664 -5.05199 -1.33464
H -7.73799 -4.40318 1.2997
H -7.8677 -6.07357 0.71008
$end

$opt
CONSTRAINT
tors           1           2           3           4     +40.133
tors           3           4           5           6     +67.431
tors           4           5           6           7    +157.302
tors           5           6           7           8    +171.721
tors           6           7           8           9     -94.646
tors           7           8           9          10     -62.736
tors           8           9          10          11    -180.000
tors           9          10          11          12    +151.153
tors          11          12          13          14     -87.650
ENDCONSTRAINT
$end

$rem
JOBTYPE                   OPT
METHOD                    B3LYP
DFT_D                     d3_op
BASIS                     STO-3G
GEOM_OPT_MAX_CYCLES       100
GEOM_OPT_TOL_GRADIENT     300
GEOM_OPT_TOL_DISPLACEMENT 1200
GEOM_OPT_TOL_ENERGY       100
SYMMETRY                  False
THRESH                    12
SCF_CONVERGENCE           8
MAX_SUB_FILE_NUM          128
MEM_STATIC                400
MEM_TOTAL                 4000
$end
