$molecule
0  1
O -3.94934 -3.66094 2.70899
C -3.26408 -4.56952 2.26188
C -3.36658 -6.02376 2.66595
C -4.29941 -6.36267 3.84019
C -5.16093 -5.23518 4.36424
O -6.01009 -4.80606 3.38434
C -6.89044 -3.76412 3.81862
C -7.74413 -3.27716 2.65234
O -6.93006 -2.54669 1.72145
C -6.94414 -1.19848 1.86739
C -6.0692 -0.48865 0.86177
C -6.69554 0.76173 0.22731
C -7.9192 1.3162 0.92869
O -8.64809 0.68948 1.68401
O -2.38962 -4.30308 1.25788
O -8.30948 2.56338 0.55067
O -7.19051 -0.68955 2.95805
C -9.42601 3.21157 1.03603
C -4.78736 0.10106 1.47997
C -3.73032 0.30547 0.39338
C -4.32645 1.46584 -0.3692
C -5.54826 1.76353 0.50254
O -5.13587 1.42139 1.80377
H -5.77188 -1.22866 0.08292
H -6.92583 0.66942 -0.85657
H -4.37777 -0.51866 2.30784
H -2.80163 0.65138 0.90156
H -3.49676 -0.57795 -0.23219
H -3.60485 2.31247 -0.3386
H -4.61718 1.24828 -1.41984
H -5.85141 2.8238 0.35906
O -5.15242 -4.83743 5.52305
C -2.25467 -3.07294 0.65536
C -3.96714 -6.91513 1.56307
C -3.52974 -8.3651 1.77188
C -4.36058 -8.74145 2.9832
C -5.1662 -7.45341 3.18105
O -5.3396 -6.96793 1.86974
H -2.32465 -6.34322 2.89474
H -3.7288 -6.75762 4.71068
H -1.96881 -2.30398 1.40485
H -3.70625 -6.5768 0.53652
H -3.89289 -8.95308 0.89872
H -2.4336 -8.51047 1.88272
H -5.04092 -9.57436 2.69721
H -3.78133 -9.0201 3.88994
H -6.09577 -7.65623 3.75726
H -3.21279 -2.79718 0.16905
H -1.46456 -3.13119 -0.12086
H -9.50174 4.21095 0.56066
H -9.34276 3.34374 2.13604
H -10.34179 2.63049 0.79526
H -8.23359 -4.13217 2.13978
H -8.57078 -2.64748 3.0568
H -6.33204 -2.90212 4.2492
H -7.57195 -4.17923 4.59522
$end

$opt
CONSTRAINT
tors           1           2           3           4      -7.022
tors           3           4           5           6     +62.291
tors           4           5           6           7    +178.150
tors           5           6           7           8    +176.430
tors           6           7           8           9     -70.648
tors           7           8           9          10     -96.387
tors           8           9          10          11    +179.947
tors           9          10          11          12    +136.420
tors          11          12          13          14     -21.487
ENDCONSTRAINT
$end

$rem
JOBTYPE                   OPT
METHOD                    B3LYP
DFT_D                     d3_op
BASIS                     STO-3G
GEOM_OPT_MAX_CYCLES       100
GEOM_OPT_TOL_GRADIENT     300
GEOM_OPT_TOL_DISPLACEMENT 1200
GEOM_OPT_TOL_ENERGY       100
SYMMETRY                  False
THRESH                    12
SCF_CONVERGENCE           8
MAX_SUB_FILE_NUM          128
MEM_STATIC                400
MEM_TOTAL                 4000
$end
