$molecule
0  1
O -3.94934 -3.66094 2.70899
C -3.26408 -4.56952 2.26188
C -3.36658 -6.02376 2.66595
C -4.5112 -6.40972 3.61712
C -5.53084 -5.33338 3.91699
O -6.2484 -5.04724 2.79064
C -7.32882 -4.13835 3.027
C -7.97406 -3.73386 1.70557
O -7.28633 -2.60114 1.15162
C -7.62039 -1.39902 1.68311
C -6.8645 -0.2497 1.05994
C -7.66456 1.05419 0.92557
C -8.94296 1.1315 1.73577
O -9.66128 0.18357 2.01862
O -2.30418 -4.27101 1.3475
O -9.42503 2.38194 1.97181
O -8.04402 -1.32328 2.83198
C -10.60904 2.65235 2.6258
C -5.67206 0.20641 1.92016
C -4.64603 0.91379 1.03901
C -5.39226 2.19057 0.71542
C -6.63997 2.0084 1.59047
O -6.18265 1.26205 2.69084
H -6.47807 -0.59348 0.07252
H -7.89329 1.36077 -0.11834
H -5.19181 -0.62491 2.48229
H -3.77772 1.16234 1.69081
H -4.28852 0.33687 0.15899
H -4.78034 3.05056 1.06777
H -5.66346 2.32633 -0.35396
H -7.0664 3.00599 1.83232
O -5.77781 -4.91526 5.04209
C -2.06565 -3.00254 0.86042
C -3.68784 -6.95486 1.47571
C -3.21052 -8.37388 1.78508
C -4.22929 -8.79593 2.82527
C -5.14743 -7.56903 2.82777
O -5.0868 -7.10271 1.50095
H -2.37019 -6.29596 3.08155
H -4.11003 -6.74317 4.60047
H -1.78062 -2.32067 1.69003
H -3.25143 -6.60727 0.51399
H -3.3723 -8.98221 0.8663
H -2.14755 -8.45966 2.09741
H -4.77414 -9.68735 2.44232
H -3.8174 -9.0074 3.83577
H -6.15761 -7.83246 3.21165
H -2.97196 -2.61209 0.34934
H -1.23255 -3.04401 0.12926
H -10.75106 3.75108 2.68136
H -10.57687 2.24287 3.65814
H -11.46364 2.20877 2.07162
H -7.97899 -4.59071 0.99867
H -9.04224 -3.46059 1.87363
H -7.022 -3.26247 3.63532
H -8.09227 -4.70362 3.60775
$end

$opt
CONSTRAINT
tors           1           2           3           4      +6.043
tors           3           4           5           6     +67.431
tors           4           5           6           7    +173.788
tors           5           6           7           8    +173.083
tors           6           7           8           9     -87.287
tors           7           8           9          10     -80.043
tors           8           9          10          11    -180.000
tors           9          10          11          12    +144.799
tors          11          12          13          14     -31.487
ENDCONSTRAINT
$end

$rem
JOBTYPE                   OPT
METHOD                    B3LYP
DFT_D                     d3_op
BASIS                     STO-3G
GEOM_OPT_MAX_CYCLES       100
GEOM_OPT_TOL_GRADIENT     300
GEOM_OPT_TOL_DISPLACEMENT 1200
GEOM_OPT_TOL_ENERGY       100
SYMMETRY                  False
THRESH                    12
SCF_CONVERGENCE           8
MAX_SUB_FILE_NUM          128
MEM_STATIC                400
MEM_TOTAL                 4000
$end
