$molecule
0  1
O -3.94934 -3.66094 2.70899
C -3.26408 -4.56952 2.26188
C -3.36658 -6.02376 2.66595
C -4.70518 -6.49624 3.25652
C -5.84838 -5.50666 3.2128
O -6.41012 -5.50135 1.96787
C -7.58014 -4.68107 1.88152
C -7.85698 -4.31168 0.42789
O -6.68734 -3.71836 -0.15759
C -6.75224 -2.37904 -0.36044
C -5.46457 -1.80246 -0.89908
C -5.5072 -0.29834 -1.20583
C -6.67328 0.46471 -0.61026
O -7.82101 0.05229 -0.52538
O -2.09334 -4.24554 1.65372
O -6.40238 1.68793 -0.07887
O -7.76277 -2.12419 -0.99992
C -7.33578 2.50136 0.52929
C -4.18459 -1.91286 -0.08642
C -2.98532 -1.8414 -1.04921
C -2.98309 -0.36744 -1.38598
C -4.17007 0.11425 -0.55101
O -4.11513 -0.69118 0.60479
H -5.31767 -2.36257 -1.85246
H -5.53597 -0.09376 -2.29891
H -4.16454 -2.8417 0.49572
H -2.03984 -2.0739 -0.52385
H -3.06457 -2.52273 -1.92399
H -2.05305 0.08563 -0.97412
H -3.07435 -0.12304 -2.46633
H -4.0714 1.20842 -0.38608
O -6.37057 -5.03577 4.2167
C -1.40777 -3.07121 1.89553
C -3.26325 -6.98831 1.45996
C -2.76486 -8.35343 1.93314
C -3.9839 -8.85683 2.67954
C -4.97814 -7.7305 2.37448
O -4.59295 -7.27378 1.10078
H -2.50413 -6.21862 3.3431
H -4.57616 -6.77005 4.32775
H -2.04715 -2.18418 1.71918
H -2.61045 -6.60948 0.64357
H -2.62506 -8.97975 1.02271
H -1.8194 -8.34475 2.51691
H -4.31266 -9.81164 2.21244
H -3.84708 -8.99515 3.77392
H -6.02534 -8.09202 2.47385
H -0.51538 -3.02577 1.23819
H -1.0692 -3.04916 2.95301
H -6.83953 3.43355 0.8687
H -7.77373 1.98772 1.41178
H -8.14019 2.76521 -0.19011
H -8.11324 -5.2233 -0.15198
H -8.7575 -3.65493 0.43132
H -7.41345 -3.70767 2.40101
H -8.45317 -5.19569 2.33946
$end

$opt
CONSTRAINT
tors           1           2           3           4     +23.646
tors           3           4           5           6     +80.103
tors           4           5           6           7    +174.471
tors           5           6           7           8    +159.571
tors           6           7           8           9     -53.761
tors           7           8           9          10    -106.701
tors           8           9          10          11    +176.510
tors           9          10          11          12    +177.363
tors          11          12          13          14     -38.852
ENDCONSTRAINT
$end

$rem
JOBTYPE                   OPT
METHOD                    B3LYP
DFT_D                     d3_op
BASIS                     STO-3G
GEOM_OPT_MAX_CYCLES       100
GEOM_OPT_TOL_GRADIENT     300
GEOM_OPT_TOL_DISPLACEMENT 1200
GEOM_OPT_TOL_ENERGY       100
SYMMETRY                  False
THRESH                    12
SCF_CONVERGENCE           8
MAX_SUB_FILE_NUM          128
MEM_STATIC                400
MEM_TOTAL                 4000
$end
