$molecule
0  1
O -3.94934 -3.66094 2.70899
C -3.26408 -4.56952 2.26188
C -3.36658 -6.02376 2.66595
C -4.60951 -6.44445 3.46719
C -5.69623 -5.40369 3.62197
O -6.15251 -5.02286 2.39225
C -7.4597 -4.44068 2.43213
C -7.64053 -3.47436 1.26609
O -6.68876 -2.40336 1.36592
C -7.20342 -1.19574 1.70642
C -6.16222 -0.24258 2.2431
C -6.44464 1.24279 1.97446
C -7.85798 1.57922 1.54319
O -8.60787 0.83434 0.92889
O -2.25664 -4.25898 1.4042
O -8.2281 2.88137 1.67932
O -8.33963 -1.13345 2.17022
C -9.44507 3.39305 1.27964
C -6.05439 -0.26962 3.77718
C -4.67618 0.23041 4.2023
C -4.79721 1.70091 3.86246
C -6.26633 1.76241 3.42362
O -6.89619 0.77148 4.19825
H -5.1823 -0.54392 1.80522
H -5.73837 1.73831 1.27305
H -6.25562 -1.27305 4.21329
H -4.61829 0.12316 5.30932
H -3.81387 -0.29484 3.73764
H -4.63925 2.288 4.79447
H -4.11581 2.06327 3.06253
H -6.64923 2.79642 3.56487
O -6.16061 -5.05461 4.70047
C -1.99217 -2.98437 0.94789
C -3.52087 -6.95905 1.44276
C -3.05348 -8.3691 1.80473
C -4.18417 -8.81872 2.70719
C -5.11943 -7.61009 2.59967
O -4.90742 -7.13595 1.29276
H -2.4127 -6.27309 3.18255
H -4.33967 -6.78222 4.49277
H -1.75141 -2.31402 1.80065
H -2.97678 -6.60204 0.54133
H -3.08524 -8.97611 0.87146
H -2.03623 -8.43265 2.24741
H -4.65938 -9.71745 2.25476
H -3.89729 -9.02983 3.7601
H -6.16376 -7.89677 2.85419
H -2.87014 -2.58669 0.39484
H -1.12147 -3.01683 0.26143
H -9.47848 4.4768 1.51383
H -10.27 2.88386 1.82245
H -9.57654 3.25949 0.1846
H -7.46899 -4.01041 0.30868
H -8.70621 -3.15511 1.23775
H -7.6523 -3.84427 3.35326
H -8.21528 -5.253 2.36177
$end

$opt
CONSTRAINT
tors           1           2           3           4     +13.700
tors           3           4           5           6     +59.530
tors           4           5           6           7    +158.594
tors           5           6           7           8    +153.010
tors           6           7           8           9     -61.778
tors           7           8           9          10    -108.599
tors           8           9          10          11    +160.686
tors           9          10          11          12    +149.956
tors          11          12          13          14     -28.979
ENDCONSTRAINT
$end

$rem
JOBTYPE                   OPT
METHOD                    B3LYP
DFT_D                     d3_op
BASIS                     STO-3G
GEOM_OPT_MAX_CYCLES       100
GEOM_OPT_TOL_GRADIENT     300
GEOM_OPT_TOL_DISPLACEMENT 1200
GEOM_OPT_TOL_ENERGY       100
SYMMETRY                  False
THRESH                    12
SCF_CONVERGENCE           8
MAX_SUB_FILE_NUM          128
MEM_STATIC                400
MEM_TOTAL                 4000
$end
