$molecule
0  1
O -3.94934 -3.66094 2.70899
C -3.26408 -4.56952 2.26188
C -3.36658 -6.02376 2.66595
C -4.44917 -6.3929 3.69337
C -5.42397 -5.29879 4.06856
O -6.39236 -5.19184 3.11137
C -7.44839 -4.29691 3.47624
C -8.38683 -4.08128 2.29346
O -7.6997 -3.38024 1.245
C -7.73702 -2.02706 1.32654
C -6.83533 -1.35192 0.32065
C -7.18891 0.11057 0.01345
C -8.13492 0.78072 0.9895
O -9.00651 0.21506 1.63365
O -2.24927 -4.31135 1.39901
O -8.15376 2.14147 0.96505
O -7.80963 -1.55135 2.45478
C -8.99962 2.92547 1.7218
C -5.36528 -1.19368 0.74234
C -4.47898 -1.00261 -0.49236
C -4.87186 0.38296 -0.93097
C -5.80562 0.7597 0.21637
O -5.30222 0.07504 1.33679
H -6.87941 -1.9631 -0.6099
H -7.58358 0.29116 -1.01063
H -5.00738 -2.03551 1.3546
H -3.43285 -0.92776 -0.12734
H -4.55469 -1.78733 -1.27544
H -3.96448 1.02818 -0.93798
H -5.38635 0.44421 -1.91461
H -5.84057 1.86723 0.30473
O -5.50046 -4.82139 5.19483
C -2.04998 -3.13616 0.72643
C -3.76258 -6.95239 1.50031
C -3.27244 -8.37217 1.78214
C -4.22221 -8.78637 2.88879
C -5.13523 -7.55639 2.94703
O -5.15792 -7.09317 1.61712
H -2.35491 -6.30341 3.0391
H -3.98325 -6.73184 4.64609
H -2.00739 -2.27957 1.43275
H -3.3867 -6.60442 0.5134
H -3.49678 -8.98196 0.87762
H -2.19167 -8.46178 2.02454
H -4.79305 -9.67787 2.54599
H -3.74568 -8.995 3.87103
H -6.11853 -7.81967 3.39533
H -2.86225 -3.02829 -0.01168
H -1.09293 -3.19573 0.16909
H -8.79476 3.99416 1.50644
H -8.8272 2.73876 2.80339
H -10.05816 2.70561 1.46614
H -8.72242 -5.06993 1.9146
H -9.3037 -3.53316 2.61287
H -7.04503 -3.32415 3.82924
H -8.03046 -4.75324 4.30795
$end

$opt
CONSTRAINT
tors           1           2           3           4      +1.864
tors           3           4           5           6     +80.472
tors           4           5           6           7    +172.435
tors           5           6           7           8    +172.294
tors           6           7           8           9     -66.545
tors           7           8           9          10     -87.627
tors           8           9          10          11    +171.588
tors           9          10          11          12    +159.126
tors          11          12          13          14     -30.048
ENDCONSTRAINT
$end

$rem
JOBTYPE                   OPT
METHOD                    B3LYP
DFT_D                     d3_op
BASIS                     STO-3G
GEOM_OPT_MAX_CYCLES       100
GEOM_OPT_TOL_GRADIENT     300
GEOM_OPT_TOL_DISPLACEMENT 1200
GEOM_OPT_TOL_ENERGY       100
SYMMETRY                  False
THRESH                    12
SCF_CONVERGENCE           8
MAX_SUB_FILE_NUM          128
MEM_STATIC                400
MEM_TOTAL                 4000
$end
