$molecule
0  1
O -3.94934 -3.66094 2.70899
C -3.26408 -4.56952 2.26188
C -3.36658 -6.02376 2.66595
C -4.29903 -6.36261 3.8405
C -5.16027 -5.23505 4.36488
O -6.16072 -4.96321 3.4757
C -7.02984 -3.91189 3.91001
C -7.95305 -3.48925 2.77195
O -7.21523 -2.73454 1.79782
C -7.12238 -1.40338 2.03972
C -6.26444 -0.68014 1.02901
C -6.64616 0.78769 0.78812
C -7.56571 1.40922 1.82002
O -8.31091 0.79305 2.56806
O -2.34669 -4.317 1.29405
O -7.68261 2.76408 1.77652
O -7.09609 -1.03969 3.21157
C -8.51342 3.50201 2.59363
C -4.78389 -0.52281 1.42045
C -3.9431 -0.27841 0.16096
C -4.3331 1.13788 -0.1786
C -5.26352 1.44525 0.99077
O -4.72223 0.72038 2.06695
H -6.32516 -1.25916 0.07886
H -7.0671 1.00092 -0.21896
H -4.39468 -1.38363 1.99249
H -2.87142 -0.2796 0.46095
H -4.10623 -1.00229 -0.66502
H -3.42432 1.77815 -0.12073
H -4.83373 1.2746 -1.16163
H -5.31496 2.54695 1.13344
O -5.09227 -4.7944 5.50625
C -2.15387 -3.10035 0.69063
C -3.95848 -6.92553 1.567
C -3.49924 -8.36808 1.77837
C -4.31289 -8.75049 2.99982
C -5.14423 -7.4775 3.19231
O -5.32926 -7.00098 1.8789
H -2.32458 -6.33924 2.90163
H -3.71311 -6.73565 4.7107
H -1.89947 -2.32979 1.44915
H -3.70666 -6.58551 0.53876
H -3.86484 -8.9626 0.91062
H -2.40055 -8.50191 1.87768
H -4.97445 -9.60295 2.72798
H -3.72071 -9.00399 3.9056
H -6.06753 -7.69484 3.7731
H -3.07218 -2.83 0.13925
H -1.31949 -3.1819 -0.03549
H -8.40621 4.57773 2.34504
H -8.23418 3.35102 3.65835
H -9.57149 3.20213 2.4361
H -8.40331 -4.38805 2.29975
H -8.79898 -2.88357 3.17349
H -6.46331 -3.04023 4.30056
H -7.65787 -4.31199 4.73702
$end

$opt
CONSTRAINT
tors           1           2           3           4      -7.043
tors           3           4           5           6     +72.837
tors           4           5           6           7    +179.398
tors           5           6           7           8    +169.559
tors           6           7           8           9     -73.600
tors           7           8           9          10     -86.688
tors           8           9          10          11    +176.419
tors           9          10          11          12    +150.795
tors          11          12          13          14     -22.172
ENDCONSTRAINT
$end

$rem
JOBTYPE                   OPT
METHOD                    B3LYP
DFT_D                     d3_op
BASIS                     STO-3G
GEOM_OPT_MAX_CYCLES       100
GEOM_OPT_TOL_GRADIENT     300
GEOM_OPT_TOL_DISPLACEMENT 1200
GEOM_OPT_TOL_ENERGY       100
SYMMETRY                  False
THRESH                    12
SCF_CONVERGENCE           8
MAX_SUB_FILE_NUM          128
MEM_STATIC                400
MEM_TOTAL                 4000
$end
