$molecule
0  1
O -3.94934 -3.66094 2.70899
C -3.26408 -4.56952 2.26188
C -3.36658 -6.02376 2.66595
C -4.29903 -6.36261 3.8405
C -5.16027 -5.23505 4.36488
O -6.08872 -4.88522 3.42625
C -7.11975 -4.03704 3.94281
C -7.96451 -3.48139 2.80099
O -7.25616 -2.42182 2.13884
C -7.29323 -1.21757 2.76139
C -6.4377 -0.17632 2.07984
C -7.02444 1.24284 2.07713
C -8.17 1.48608 3.03903
O -9.02693 0.66849 3.34195
O -2.38851 -4.29131 1.26079
O -8.37418 2.77881 3.4123
O -7.57708 -1.12479 3.95153
C -9.40723 3.20546 4.22076
C -5.09598 0.04646 2.80192
C -4.0749 0.6131 1.81944
C -4.63509 2.00389 1.61038
C -5.78446 1.99264 2.62811
O -5.33202 1.13947 3.64973
H -6.22501 -0.53366 1.04553
H -7.32473 1.62256 1.07635
H -4.6982 -0.87271 3.28582
H -3.11002 0.69454 2.36988
H -3.91669 0.02084 0.89247
H -3.85277 2.74117 1.8976
H -5.00618 2.21893 0.58489
H -6.00684 3.03632 2.93861
O -5.14127 -4.84405 5.52606
C -2.1937 -3.03268 0.73033
C -3.96352 -6.92003 1.56509
C -3.51582 -8.36661 1.77501
C -4.33845 -8.7459 2.99118
C -5.15602 -7.4648 3.18661
O -5.33515 -6.9836 1.87433
H -2.32411 -6.34089 2.89578
H -3.72124 -6.7484 4.7105
H -1.84001 -2.33474 1.51929
H -3.707 -6.58098 0.53769
H -3.88027 -8.95762 0.9044
H -2.41844 -8.50663 1.88026
H -5.01019 -9.58798 2.71188
H -3.75295 -9.01291 3.89741
H -6.08263 -7.67413 3.76519
H -3.14059 -2.65155 0.29103
H -1.42616 -3.08888 -0.06846
H -9.32738 4.30249 4.36429
H -9.34515 2.70919 5.21289
H -10.38548 2.97699 3.74639
H -8.19694 -4.29826 2.0851
H -8.9402 -3.10181 3.18362
H -6.71658 -3.21923 4.57524
H -7.77659 -4.6686 4.58155
$end

$opt
CONSTRAINT
tors           1           2           3           4      -7.043
tors           3           4           5           6     +67.612
tors           4           5           6           7    +167.193
tors           5           6           7           8    +169.559
tors           6           7           8           9     -76.776
tors           7           8           9          10     -79.716
tors           8           9          10          11    +175.198
tors           9          10          11          12    +142.890
tors          11          12          13          14     -34.615
ENDCONSTRAINT
$end

$rem
JOBTYPE                   OPT
METHOD                    B3LYP
DFT_D                     d3_op
BASIS                     STO-3G
GEOM_OPT_MAX_CYCLES       100
GEOM_OPT_TOL_GRADIENT     300
GEOM_OPT_TOL_DISPLACEMENT 1200
GEOM_OPT_TOL_ENERGY       100
SYMMETRY                  False
THRESH                    12
SCF_CONVERGENCE           8
MAX_SUB_FILE_NUM          128
MEM_STATIC                400
MEM_TOTAL                 4000
$end
