$molecule
0  1
O -3.94934 -3.66094 2.70899
C -3.26408 -4.56952 2.26188
C -3.36658 -6.02376 2.66595
C -4.29903 -6.36261 3.8405
C -5.16027 -5.23505 4.36488
O -6.16072 -4.96321 3.4757
C -7.10088 -3.99996 3.96303
C -8.06484 -3.59745 2.85177
O -7.39186 -2.75789 1.90039
C -7.25632 -1.45815 2.26295
C -6.49464 -0.64035 1.24723
C -6.81686 0.86113 1.25205
C -7.55739 1.37412 2.47073
O -8.24782 0.69625 3.21796
O -2.37134 -4.30771 1.27235
O -7.58469 2.72532 2.6263
O -7.07613 -1.22357 3.4505
C -8.25632 3.38062 3.63719
C -4.9717 -0.60322 1.46266
C -4.26952 -0.2577 0.14869
C -4.63692 1.20068 0.00561
C -5.38006 1.42171 1.32565
O -4.75113 0.5501 2.23068
H -6.71007 -1.0815 0.24684
H -7.35672 1.22268 0.34947
H -4.57345 -1.54064 1.8787
H -3.17395 -0.32169 0.3353
H -4.53433 -0.89932 -0.71905
H -3.69883 1.79887 -0.0224
H -5.2737 1.44856 -0.87114
H -5.34481 2.50026 1.59356
O -5.0992 -4.8088 5.51229
C -2.20001 -3.08024 0.67566
C -3.95998 -6.92458 1.56673
C -3.50166 -8.3676 1.77694
C -4.31504 -8.75013 2.99844
C -5.14528 -7.4766 3.19189
O -5.33062 -6.99923 1.87895
H -2.32412 -6.33954 2.89857
H -3.71397 -6.73758 4.71046
H -1.92135 -2.31777 1.43417
H -3.70845 -6.58454 0.53844
H -3.86809 -8.96132 0.90898
H -2.40302 -8.50233 1.87567
H -4.97736 -9.60194 2.72638
H -3.72269 -9.0046 3.90383
H -6.06853 -7.69362 3.77293
H -3.13537 -2.78972 0.15728
H -1.38882 -3.15182 -0.07732
H -8.10613 4.47387 3.5245
H -7.86014 3.06484 4.626
H -9.34392 3.16116 3.58025
H -8.4402 -4.514 2.34885
H -8.94942 -3.06463 3.2711
H -6.59407 -3.14922 4.45283
H -7.70273 -4.49841 4.75559
$end

$opt
CONSTRAINT
tors           1           2           3           4      -7.043
tors           3           4           5           6     +72.837
tors           4           5           6           7    +173.956
tors           5           6           7           8    +171.817
tors           6           7           8           9     -73.048
tors           7           8           9          10     -79.716
tors           8           9          10          11    +177.754
tors           9          10          11          12    +154.326
tors          11          12          13          14     -23.088
ENDCONSTRAINT
$end

$rem
JOBTYPE                   OPT
METHOD                    B3LYP
DFT_D                     d3_op
BASIS                     STO-3G
GEOM_OPT_MAX_CYCLES       100
GEOM_OPT_TOL_GRADIENT     300
GEOM_OPT_TOL_DISPLACEMENT 1200
GEOM_OPT_TOL_ENERGY       100
SYMMETRY                  False
THRESH                    12
SCF_CONVERGENCE           8
MAX_SUB_FILE_NUM          128
MEM_STATIC                400
MEM_TOTAL                 4000
$end
