$molecule
0  1
O -3.94934 -3.66094 2.70899
C -3.26408 -4.56952 2.26188
C -3.36658 -6.02376 2.66595
C -4.57193 -6.42971 3.52977
C -5.63372 -5.37401 3.74466
O -6.31118 -5.15334 2.57943
C -7.37783 -4.20877 2.71839
C -7.8571 -3.75128 1.34466
O -6.92834 -2.80509 0.79238
C -7.03954 -1.53732 1.26093
C -5.95302 -0.62281 0.7473
C -6.32174 0.86764 0.71781
C -7.54688 1.26123 1.51833
O -8.55528 0.58283 1.65044
O -2.25147 -4.29458 1.4008
O -7.61414 2.56118 1.91745
O -7.5031 -1.35801 2.38059
C -8.6826 3.12068 2.5871
C -4.67443 -0.56146 1.60234
C -3.49876 -0.07606 0.74567
C -3.84541 1.37982 0.57856
C -5.09508 1.45483 1.45126
O -4.8714 0.51929 2.47321
H -5.67998 -0.98466 -0.2706
H -6.43707 1.29503 -0.30229
H -4.43792 -1.51587 2.08208
H -2.58105 -0.14136 1.3715
H -3.34059 -0.61272 -0.21233
H -3.02527 1.99156 1.01706
H -4.04958 1.7065 -0.46425
H -5.23068 2.50613 1.78492
O -5.95511 -4.94143 4.84533
C -1.98856 -3.06055 0.86356
C -3.58588 -6.9673 1.45969
C -3.09747 -8.37346 1.80784
C -4.1715 -8.81389 2.78252
C -5.11991 -7.61225 2.71002
O -4.97883 -7.15132 1.38793
H -2.39499 -6.27985 3.14584
H -4.2348 -6.74142 4.5438
H -1.78159 -2.33096 1.6736
H -3.09325 -6.61529 0.52725
H -3.18726 -8.98804 0.88331
H -2.05502 -8.4366 2.18744
H -4.66335 -9.72527 2.37568
H -3.82273 -9.00117 3.82117
H -6.14724 -7.8995 3.02505
H -2.85375 -2.74665 0.24849
H -1.09641 -3.1312 0.20848
H -8.46482 4.18907 2.79097
H -8.84312 2.5973 3.55393
H -9.60173 3.05503 1.96657
H -7.95333 -4.63336 0.67644
H -8.86842 -3.28796 1.41716
H -7.10662 -3.36167 3.37816
H -8.22068 -4.74389 3.2093
$end

$opt
CONSTRAINT
tors           1           2           3           4     +10.580
tors           3           4           5           6     +70.242
tors           4           5           6           7    +177.235
tors           5           6           7           8    +165.941
tors           6           7           8           9     -76.776
tors           7           8           9          10     -79.716
tors           8           9          10          11    +174.326
tors           9          10          11          12    +154.873
tors          11          12          13          14     -35.707
ENDCONSTRAINT
$end

$rem
JOBTYPE                   OPT
METHOD                    B3LYP
DFT_D                     d3_op
BASIS                     STO-3G
GEOM_OPT_MAX_CYCLES       100
GEOM_OPT_TOL_GRADIENT     300
GEOM_OPT_TOL_DISPLACEMENT 1200
GEOM_OPT_TOL_ENERGY       100
SYMMETRY                  False
THRESH                    12
SCF_CONVERGENCE           8
MAX_SUB_FILE_NUM          128
MEM_STATIC                400
MEM_TOTAL                 4000
$end
