$molecule
0  1
O -3.94934 -3.66094 2.70899
C -3.26408 -4.56952 2.26188
C -3.36658 -6.02376 2.66595
C -4.6433 -6.45982 3.40329
C -5.7514 -5.43445 3.49726
O -6.36896 -5.30631 2.2858
C -7.4414 -4.35817 2.29792
C -7.82484 -3.98005 0.87099
O -6.9855 -2.91155 0.40549
C -7.21103 -1.70205 0.97593
C -6.21171 -0.65396 0.54753
C -6.7108 0.79498 0.64627
C -7.9626 1.00775 1.47358
O -8.90656 0.23397 1.54268
O -2.23064 -4.26503 1.43396
O -8.13362 2.25318 1.9954
O -7.70364 -1.64063 2.09191
C -9.24053 2.65535 2.71366
C -4.95522 -0.59032 1.43084
C -3.80204 0.03058 0.6434
C -4.25946 1.4686 0.56483
C -5.52131 1.39944 1.43144
O -5.23779 0.403 2.38019
H -5.90427 -0.90215 -0.4945
H -6.85905 1.3021 -0.33203
H -4.66451 -1.57397 1.83217
H -2.89983 -0.01916 1.2942
H -3.57607 -0.44308 -0.33577
H -3.4847 2.10892 1.04249
H -4.48709 1.84163 -0.45726
H -5.73172 2.40952 1.84425
O -6.17291 -4.98861 4.5583
C -1.96582 -3.00477 0.94641
C -3.4438 -6.97908 1.44848
C -2.94558 -8.36756 1.84967
C -4.08831 -8.83588 2.72801
C -5.06704 -7.66975 2.55071
O -4.81596 -7.21196 1.24464
H -2.43374 -6.25691 3.22716
H -4.40002 -6.74733 4.45076
H -1.78365 -2.29834 1.78411
H -2.87673 -6.61765 0.56324
H -2.93554 -8.9875 0.92431
H -1.93927 -8.40056 2.31976
H -4.50564 -9.77127 2.29347
H -3.83098 -8.99423 3.79772
H -6.10931 -7.99078 2.76932
H -2.81934 -2.6572 0.32923
H -1.06003 -3.04455 0.3076
H -9.11061 3.71361 3.01969
H -9.35139 2.03015 3.62543
H -10.15482 2.57351 2.08793
H -7.74651 -4.86752 0.20735
H -8.88469 -3.63648 0.83708
H -7.28852 -3.54986 3.03127
H -8.31412 -4.91948 2.6996
$end

$opt
CONSTRAINT
tors           1           2           3           4     +16.797
tors           3           4           5           6     +74.287
tors           4           5           6           7    +179.480
tors           5           6           7           8    +164.391
tors           6           7           8           9     -85.760
tors           7           8           9          10     -70.944
tors           8           9          10          11    +174.326
tors           9          10          11          12    +155.236
tors          11          12          13          14     -35.707
ENDCONSTRAINT
$end

$rem
JOBTYPE                   OPT
METHOD                    B3LYP
DFT_D                     d3_op
BASIS                     STO-3G
GEOM_OPT_MAX_CYCLES       100
GEOM_OPT_TOL_GRADIENT     300
GEOM_OPT_TOL_DISPLACEMENT 1200
GEOM_OPT_TOL_ENERGY       100
SYMMETRY                  False
THRESH                    12
SCF_CONVERGENCE           8
MAX_SUB_FILE_NUM          128
MEM_STATIC                400
MEM_TOTAL                 4000
$end
