$molecule
0  1
O -3.94934 -3.66094 2.70899
C -3.26408 -4.56952 2.26188
C -3.36658 -6.02376 2.66595
C -4.48492 -6.40221 3.6508
C -5.48576 -5.31799 3.9838
O -6.22633 -5.01435 2.8771
C -7.26928 -4.06949 3.13929
C -7.74027 -3.43151 1.83649
O -6.70103 -2.60153 1.29428
C -6.64473 -1.33997 1.78869
C -5.5232 -0.52359 1.19174
C -5.74436 0.99587 1.21661
C -6.84891 1.48798 2.13012
O -7.8565 0.86163 2.4251
O -2.29787 -4.33721 1.33888
O -6.8255 2.81376 2.43968
O -6.9366 -1.17751 2.96719
C -7.7879 3.46039 3.18714
C -4.14442 -0.54597 1.89835
C -3.03795 -0.10178 0.92305
C -3.28692 1.37484 0.84259
C -4.42773 1.49171 1.83939
O -4.16964 0.51661 2.81007
H -5.38226 -0.88296 0.1468
H -5.92393 1.4502 0.21727
H -3.88881 -1.49966 2.33744
H -2.05887 -0.2388 1.43282
H -3.02364 -0.60055 -0.06688
H -2.38758 1.91338 1.21834
H -3.56877 1.75953 -0.16178
H -4.46335 2.53885 2.21086
O -5.69885 -4.90954 5.11939
C -2.00587 -3.13089 0.77116
C -3.72785 -6.95279 1.48541
C -3.25457 -8.37579 1.7824
C -4.24961 -8.78961 2.84845
C -5.15484 -7.55363 2.8778
O -5.1269 -7.08713 1.54988
H -2.36271 -6.30335 3.05872
H -4.05837 -6.74353 4.62075
H -1.68021 -2.42867 1.56215
H -3.31554 -6.60999 0.51149
H -3.44438 -8.98332 0.8685
H -2.18462 -8.46904 2.06764
H -4.8145 -9.67378 2.47784
H -3.81317 -9.00897 3.84688
H -6.15639 -7.80783 3.28951
H -2.89786 -2.77413 0.22089
H -1.17327 -3.26068 0.0501
H -7.51298 4.53043 3.28649
H -7.84904 3.01078 4.20131
H -8.77602 3.39021 2.68427
H -7.98414 -4.23678 1.11144
H -8.67263 -2.84259 1.99876
H -6.96441 -3.29237 3.86799
H -8.12339 -4.62133 3.58942
$end

$opt
CONSTRAINT
tors           1           2           3           4      +4.226
tors           3           4           5           6     +66.861
tors           4           5           6           7    +175.331
tors           5           6           7           8    +161.202
tors           6           7           8           9     -67.881
tors           7           8           9          10     -84.482
tors           8           9          10          11    +179.338
tors           9          10          11          12    +154.873
tors          11          12          13          14     -29.668
ENDCONSTRAINT
$end

$rem
JOBTYPE                   OPT
METHOD                    B3LYP
DFT_D                     d3_op
BASIS                     STO-3G
GEOM_OPT_MAX_CYCLES       100
GEOM_OPT_TOL_GRADIENT     300
GEOM_OPT_TOL_DISPLACEMENT 1200
GEOM_OPT_TOL_ENERGY       100
SYMMETRY                  False
THRESH                    12
SCF_CONVERGENCE           8
MAX_SUB_FILE_NUM          128
MEM_STATIC                400
MEM_TOTAL                 4000
$end
