$molecule
0  1
O -3.94934 -3.66094 2.70899
C -3.26408 -4.56952 2.26188
C -3.36658 -6.02376 2.66595
C -4.57193 -6.42971 3.52977
C -5.63372 -5.37401 3.74466
O -6.26635 -5.10519 2.56443
C -7.36238 -4.19551 2.70745
C -7.76107 -3.63473 1.34631
O -6.89015 -2.54968 0.98987
C -7.16715 -1.36118 1.58137
C -6.13982 -0.29765 1.2745
C -6.61109 1.14478 1.51024
C -7.87198 1.30131 2.3363
O -8.81598 0.52454 2.34295
O -2.27613 -4.26503 1.38001
O -8.04619 2.50936 2.93813
O -7.65716 -1.39886 2.7016
C -9.16076 2.86528 3.66877
C -4.89924 -0.35971 2.1813
C -3.71595 0.30166 1.48001
C -4.13881 1.75343 1.53405
C -5.41989 1.63489 2.36993
O -5.17708 0.54267 3.21921
H -5.83113 -0.44312 0.21376
H -6.72659 1.75534 0.58819
H -4.64136 -1.38535 2.49419
H -2.82946 0.16332 2.13988
H -3.4815 -0.08556 0.46536
H -3.35768 2.32409 2.084
H -4.33769 2.22902 0.54926
H -5.61551 2.60373 2.87813
O -5.97549 -4.96498 4.84821
C -2.02798 -2.99527 0.9024
C -3.58858 -6.96316 1.45725
C -3.10612 -8.37238 1.80164
C -4.18413 -8.8121 2.77209
C -5.12593 -7.60516 2.70402
O -4.98213 -7.14037 1.38372
H -2.39371 -6.28122 3.14202
H -4.23885 -6.74949 4.54259
H -1.77552 -2.31239 1.74156
H -3.09336 -6.61031 0.52648
H -3.19548 -8.98397 0.87511
H -2.0649 -8.4397 2.1839
H -4.68085 -9.71812 2.35917
H -3.83815 -9.00767 3.81014
H -6.155 -7.8885 3.01706
H -2.91873 -2.61173 0.36036
H -1.17029 -3.03133 0.20007
H -9.03276 3.90044 4.04628
H -9.2834 2.18082 4.53534
H -10.06775 2.82763 3.02835
H -7.72059 -4.4398 0.58198
H -8.81394 -3.26851 1.37231
H -7.18808 -3.42927 3.4846
H -8.21964 -4.80588 3.06818
$end

$opt
CONSTRAINT
tors           1           2           3           4     +10.580
tors           3           4           5           6     +67.232
tors           4           5           6           7    +175.065
tors           5           6           7           8    +163.868
tors           6           7           8           9     -81.764
tors           7           8           9          10     -79.125
tors           8           9          10          11    +174.326
tors           9          10          11          12    +160.774
tors          11          12          13          14     -33.449
ENDCONSTRAINT
$end

$rem
JOBTYPE                   OPT
METHOD                    B3LYP
DFT_D                     d3_op
BASIS                     STO-3G
GEOM_OPT_MAX_CYCLES       100
GEOM_OPT_TOL_GRADIENT     300
GEOM_OPT_TOL_DISPLACEMENT 1200
GEOM_OPT_TOL_ENERGY       100
SYMMETRY                  False
THRESH                    12
SCF_CONVERGENCE           8
MAX_SUB_FILE_NUM          128
MEM_STATIC                400
MEM_TOTAL                 4000
$end
