$molecule
0  1
O -3.94934 -3.66094 2.70899
C -3.26408 -4.56952 2.26188
C -3.36658 -6.02376 2.66595
C -4.54798 -6.42133 3.56599
C -5.59339 -5.35703 3.81598
O -6.22144 -5.03953 2.64544
C -7.33747 -4.16128 2.8254
C -7.80731 -3.62527 1.47704
O -6.93756 -2.56902 1.04028
C -7.17415 -1.35307 1.59221
C -6.19268 -0.29936 1.13719
C -6.71321 1.14368 1.20769
C -7.96449 1.35503 2.03614
O -8.93079 0.60668 2.06419
O -2.28763 -4.2675 1.36651
O -7.98547 2.43616 2.86348
O -7.6778 -1.28627 2.70698
C -9.02994 2.7587 3.70486
C -4.93278 -0.19214 2.02041
C -3.78362 0.37724 1.19288
C -4.2593 1.80247 0.99871
C -5.50072 1.80387 1.90229
O -5.19949 0.86692 2.90689
H -5.87778 -0.56849 0.10203
H -6.9354 1.54429 0.19475
H -4.63648 -1.15484 2.48647
H -2.8894 0.38495 1.85711
H -3.53546 -0.16708 0.25687
H -3.47209 2.4882 1.38321
H -4.53023 2.07471 -0.04451
H -5.7035 2.8409 2.24576
O -5.91462 -4.95816 4.92922
C -2.0528 -3.00055 0.87482
C -3.63063 -6.95707 1.46218
C -3.15561 -8.37273 1.7902
C -4.21465 -8.80397 2.785
C -5.14105 -7.58397 2.74891
O -5.02782 -7.11583 1.42667
H -2.38372 -6.28818 3.11699
H -4.19126 -6.75398 4.56652
H -1.79868 -2.30696 1.70482
H -3.15634 -6.60654 0.51966
H -3.27307 -8.98113 0.86474
H -2.10636 -8.45064 2.1477
H -4.73579 -9.69896 2.37809
H -3.84502 -9.01358 3.8121
H -6.16482 -7.85552 3.08873
H -2.95122 -2.62968 0.33693
H -1.20125 -3.03711 0.16507
H -8.77774 3.68631 4.25837
H -9.1986 1.93993 4.43662
H -9.95558 2.9337 3.11589
H -7.82409 -4.45024 0.73344
H -8.85121 -3.2417 1.55566
H -7.12147 -3.34718 3.54519
H -8.16288 -4.77187 3.25446
$end

$opt
CONSTRAINT
tors           1           2           3           4      +8.727
tors           3           4           5           6     +64.687
tors           4           5           6           7    +172.656
tors           5           6           7           8    +168.413
tors           6           7           8           9     -78.458
tors           7           8           9          10     -80.680
tors           8           9          10          11    +177.621
tors           9          10          11          12    +154.873
tors          11          12          13          14     -40.322
ENDCONSTRAINT
$end

$rem
JOBTYPE                   OPT
METHOD                    B3LYP
DFT_D                     d3_op
BASIS                     STO-3G
GEOM_OPT_MAX_CYCLES       100
GEOM_OPT_TOL_GRADIENT     300
GEOM_OPT_TOL_DISPLACEMENT 1200
GEOM_OPT_TOL_ENERGY       100
SYMMETRY                  False
THRESH                    12
SCF_CONVERGENCE           8
MAX_SUB_FILE_NUM          128
MEM_STATIC                400
MEM_TOTAL                 4000
$end
