$molecule
0  1
O -3.94934 -3.66094 2.70899
C -3.26408 -4.56952 2.26188
C -3.36658 -6.02376 2.66595
C -4.57193 -6.42971 3.52977
C -5.63372 -5.37401 3.74466
O -6.31118 -5.15334 2.57943
C -7.37783 -4.20877 2.71839
C -7.93102 -3.8351 1.34708
O -7.01743 -2.95451 0.67417
C -7.12359 -1.64286 1.00193
C -6.08644 -0.78078 0.32236
C -6.48335 0.69228 0.14676
C -7.66557 1.16086 0.97107
O -8.65179 0.49063 1.24075
O -2.23565 -4.29152 1.42069
O -7.72998 2.49663 1.22589
O -7.51572 -1.34909 2.12546
C -8.76571 3.11747 1.89286
C -4.76273 -0.63037 1.09035
C -3.64647 -0.2333 0.11724
C -4.01987 1.19567 -0.18329
C -5.22111 1.35773 0.74557
O -4.92568 0.53797 1.84843
H -5.87477 -1.25158 -0.66519
H -6.65575 1.00777 -0.90549
H -4.4893 -1.53908 1.65438
H -2.69066 -0.22886 0.68731
H -3.54356 -0.8753 -0.78316
H -3.18471 1.85469 0.14431
H -4.2816 1.4096 -1.24227
H -5.34942 2.43798 0.97279
O -5.95325 -4.93572 4.84353
C -1.97826 -3.06213 0.86996
C -3.58403 -6.96731 1.45995
C -3.0956 -8.37322 1.80898
C -4.17064 -8.81382 2.7826
C -5.11916 -7.61228 2.70944
O -4.97699 -7.1515 1.38728
H -2.39602 -6.27884 3.14856
H -4.23485 -6.74115 4.54389
H -1.82625 -2.30558 1.66882
H -3.09058 -6.61456 0.52818
H -3.184 -8.98811 0.88454
H -2.05359 -8.43568 2.18992
H -4.66217 -9.72505 2.37504
H -3.82285 -9.00147 3.82152
H -6.1467 -7.89969 3.02363
H -2.82265 -2.78681 0.21236
H -1.05913 -3.12489 0.25244
H -8.55383 4.20407 1.9625
H -8.85971 2.70458 2.92007
H -9.71897 2.97353 1.34081
H -8.08797 -4.75694 0.74768
H -8.92758 -3.34612 1.45144
H -7.06338 -3.31065 3.28845
H -8.19151 -4.70564 3.2925
$end

$opt
CONSTRAINT
tors           1           2           3           4     +10.580
tors           3           4           5           6     +70.242
tors           4           5           6           7    +177.235
tors           5           6           7           8    +170.415
tors           6           7           8           9     -74.738
tors           7           8           9          10     -83.339
tors           8           9          10          11    +176.711
tors           9          10          11          12    +154.873
tors          11          12          13          14     -35.707
ENDCONSTRAINT
$end

$rem
JOBTYPE                   OPT
METHOD                    B3LYP
DFT_D                     d3_op
BASIS                     STO-3G
GEOM_OPT_MAX_CYCLES       100
GEOM_OPT_TOL_GRADIENT     300
GEOM_OPT_TOL_DISPLACEMENT 1200
GEOM_OPT_TOL_ENERGY       100
SYMMETRY                  False
THRESH                    12
SCF_CONVERGENCE           8
MAX_SUB_FILE_NUM          128
MEM_STATIC                400
MEM_TOTAL                 4000
$end
