$molecule
0  1
O -3.94934 -3.66094 2.70899
C -3.26408 -4.56952 2.26188
C -3.36658 -6.02376 2.66595
C -4.48456 -6.40211 3.65125
C -5.48513 -5.31779 3.98469
O -6.27609 -5.06677 2.89989
C -7.32638 -4.13312 3.17273
C -7.93784 -3.63371 1.86781
O -7.05007 -2.69627 1.23857
C -7.11359 -1.42629 1.71
C -6.06567 -0.52161 1.10661
C -6.35791 0.98081 1.23158
C -7.43498 1.36396 2.22647
O -8.40097 0.67673 2.52505
O -2.29361 -4.30001 1.35132
O -7.43521 2.66174 2.6365
O -7.36614 -1.30333 2.90112
C -8.37832 3.21606 3.47679
C -4.66872 -0.57068 1.74423
C -3.61959 -0.06621 0.74782
C -3.91458 1.41173 0.74618
C -5.01077 1.46399 1.8088
O -4.6767 0.44355 2.71187
H -5.98403 -0.80971 0.03349
H -6.5949 1.49016 0.27167
H -4.40802 -1.56171 2.10469
H -2.61919 -0.21277 1.2111
H -3.64141 -0.54497 -0.25419
H -3.00827 1.95456 1.09707
H -4.25628 1.82985 -0.22548
H -5.05064 2.4893 2.23626
O -5.67798 -4.8933 5.11809
C -2.03355 -3.06068 0.82093
C -3.72458 -6.95412 1.48656
C -3.24496 -8.37473 1.78434
C -4.2354 -8.79098 2.85401
C -5.14792 -7.56008 2.88163
O -5.12308 -7.09544 1.55273
H -2.3626 -6.3007 3.06015
H -4.05352 -6.73714 4.62145
H -1.7634 -2.35243 1.63165
H -3.3144 -6.60867 0.51261
H -3.43543 -8.98363 0.87148
H -2.17388 -8.46447 2.06642
H -4.79502 -9.68031 2.48788
H -3.79555 -9.00341 3.85244
H -6.14761 -7.81908 3.29477
H -2.92235 -2.70762 0.26172
H -1.18106 -3.1385 0.11575
H -8.13146 4.28414 3.64621
H -8.37526 2.68843 4.45457
H -9.38765 3.15076 3.01724
H -8.122 -4.49755 1.19425
H -8.92634 -3.15448 2.05813
H -6.99663 -3.31279 3.83775
H -8.11743 -4.6878 3.72432
$end

$opt
CONSTRAINT
tors           1           2           3           4      +4.201
tors           3           4           5           6     +70.242
tors           4           5           6           7    +174.858
tors           5           6           7           8    +165.710
tors           6           7           8           9     -74.978
tors           7           8           9          10     -81.974
tors           8           9          10          11    +174.326
tors           9          10          11          12    +160.895
tors          11          12          13          14     -30.385
ENDCONSTRAINT
$end

$rem
JOBTYPE                   OPT
METHOD                    B3LYP
DFT_D                     d3_op
BASIS                     STO-3G
GEOM_OPT_MAX_CYCLES       100
GEOM_OPT_TOL_GRADIENT     300
GEOM_OPT_TOL_DISPLACEMENT 1200
GEOM_OPT_TOL_ENERGY       100
SYMMETRY                  False
THRESH                    12
SCF_CONVERGENCE           8
MAX_SUB_FILE_NUM          128
MEM_STATIC                400
MEM_TOTAL                 4000
$end
