$molecule
0  1
O -3.94934 -3.66094 2.70899
C -3.26408 -4.56952 2.26188
C -3.36658 -6.02376 2.66595
C -4.56324 -6.42659 3.54322
C -5.61912 -5.36769 3.77112
O -6.30919 -5.1439 2.6139
C -7.45396 -4.30357 2.79443
C -7.95601 -3.80207 1.44441
O -7.10667 -2.74645 0.96779
C -7.37483 -1.51321 1.46414
C -6.41236 -0.45875 0.97177
C -6.9544 0.97773 1.00311
C -8.20365 1.19463 1.8332
O -9.12281 0.39742 1.95228
O -2.27974 -4.26605 1.37565
O -8.40414 2.45845 2.29669
O -7.83786 -1.43041 2.5956
C -9.51453 2.86382 3.00772
C -5.1536 -0.33308 1.84706
C -4.01749 0.26978 1.02507
C -4.51106 1.69208 0.87105
C -5.76894 1.64299 1.74836
O -5.45627 0.70208 2.74499
H -6.11149 -0.74768 -0.06168
H -7.12051 1.43578 0.00376
H -4.83759 -1.2946 2.3007
H -3.11323 0.2728 1.67533
H -3.78265 -0.25345 0.07358
H -3.74848 2.37462 1.3079
H -4.75233 2.00318 -0.16845
H -5.99862 2.6679 2.11138
O -5.93383 -4.94772 4.87861
C -2.03977 -2.99839 0.88832
C -3.60205 -6.96429 1.46096
C -3.11485 -8.37271 1.8016
C -4.18003 -8.81103 2.78688
C -5.12455 -7.60563 2.727
O -4.99632 -7.14305 1.40415
H -2.3899 -6.28244 3.13363
H -4.21647 -6.74265 4.55266
H -1.79299 -2.30628 1.72174
H -3.11806 -6.61192 0.52412
H -3.21641 -8.98554 0.87713
H -2.0687 -8.43985 2.17018
H -4.6799 -9.71953 2.38338
H -3.82085 -9.00205 3.82129
H -6.14945 -7.88974 3.0527
H -2.93282 -2.62634 0.34268
H -1.18172 -3.03426 0.1864
H -9.41155 3.93882 3.26112
H -9.59824 2.28048 3.94963
H -10.43252 2.72646 2.3973
H -7.97535 -4.64215 0.71802
H -9.00416 -3.43293 1.5361
H -7.2626 -3.46679 3.49545
H -8.252 -4.93515 3.24372
$end

$opt
CONSTRAINT
tors           1           2           3           4      +9.896
tors           3           4           5           6     +70.242
tors           4           5           6           7    +171.195
tors           5           6           7           8    +165.248
tors           6           7           8           9     -76.853
tors           7           8           9          10     -82.800
tors           8           9          10          11    +177.536
tors           9          10          11          12    +156.120
tors          11          12          13          14     -35.707
ENDCONSTRAINT
$end

$rem
JOBTYPE                   OPT
METHOD                    B3LYP
DFT_D                     d3_op
BASIS                     STO-3G
GEOM_OPT_MAX_CYCLES       100
GEOM_OPT_TOL_GRADIENT     300
GEOM_OPT_TOL_DISPLACEMENT 1200
GEOM_OPT_TOL_ENERGY       100
SYMMETRY                  False
THRESH                    12
SCF_CONVERGENCE           8
MAX_SUB_FILE_NUM          128
MEM_STATIC                400
MEM_TOTAL                 4000
$end
