$molecule
0  1
O -3.94934 -3.66094 2.70899
C -3.26408 -4.56952 2.26188
C -3.36658 -6.02376 2.66595
C -4.49587 -6.40526 3.63704
C -5.50456 -5.32426 3.95648
O -6.28506 -5.08002 2.86259
C -7.30875 -4.10956 3.10657
C -7.93788 -3.66677 1.78965
O -7.06227 -2.75176 1.1122
C -7.10416 -1.46996 1.55309
C -6.07869 -0.5845 0.88598
C -6.43403 0.90921 0.85698
C -7.5501 1.34109 1.78681
O -8.5417 0.67987 2.05897
O -2.28533 -4.29791 1.36126
O -7.55345 2.65161 2.15547
O -7.42631 -1.25502 2.71548
C -8.52702 3.24384 2.93294
C -4.70803 -0.52682 1.58341
C -3.63609 -0.08943 0.57943
C -3.98183 1.36748 0.40691
C -5.1179 1.49273 1.42033
O -4.78574 0.58291 2.437
H -5.93557 -0.97781 -0.14675
H -6.66412 1.31106 -0.15401
H -4.42981 -1.47571 2.06085
H -2.65167 -0.15255 1.09439
H -3.6004 -0.66377 -0.36988
H -3.10662 1.97784 0.72389
H -4.30466 1.66483 -0.61443
H -5.19775 2.55547 1.73523
O -5.70867 -4.89001 5.08412
C -2.04327 -3.06304 0.81322
C -3.70769 -6.95614 1.48281
C -3.22608 -8.37475 1.78683
C -4.2266 -8.79394 2.84594
C -5.14488 -7.56709 2.86134
O -5.10628 -7.10337 1.53251
H -2.36623 -6.29797 3.07116
H -4.07525 -6.73591 4.61327
H -1.8092 -2.33025 1.61372
H -3.2876 -6.60981 0.51341
H -3.40462 -8.98469 0.87224
H -2.15781 -8.46092 2.08043
H -4.77762 -9.6867 2.47516
H -3.79707 -9.00226 3.84972
H -6.14826 -7.82989 3.26297
H -2.92995 -2.74752 0.23055
H -1.1757 -3.13333 0.12586
H -8.27393 4.31377 3.08003
H -8.57616 2.74786 3.92595
H -9.51481 3.17587 2.42914
H -8.13194 -4.55792 1.15563
H -8.92383 -3.17969 1.97263
H -6.93903 -3.25435 3.70601
H -8.09838 -4.61364 3.70697
$end

$opt
CONSTRAINT
tors           1           2           3           4      +4.974
tors           3           4           5           6     +70.432
tors           4           5           6           7    +177.235
tors           5           6           7           8    +167.819
tors           6           7           8           9     -76.776
tors           7           8           9          10     -80.501
tors           8           9          10          11    +175.000
tors           9          10          11          12    +154.873
tors          11          12          13          14     -35.707
ENDCONSTRAINT
$end

$rem
JOBTYPE                   OPT
METHOD                    B3LYP
DFT_D                     d3_op
BASIS                     STO-3G
GEOM_OPT_MAX_CYCLES       100
GEOM_OPT_TOL_GRADIENT     300
GEOM_OPT_TOL_DISPLACEMENT 1200
GEOM_OPT_TOL_ENERGY       100
SYMMETRY                  False
THRESH                    12
SCF_CONVERGENCE           8
MAX_SUB_FILE_NUM          128
MEM_STATIC                400
MEM_TOTAL                 4000
$end
