$molecule
0  1
O -3.94934 -3.66094 2.70899
C -3.26408 -4.56952 2.26188
C -3.36658 -6.02376 2.66595
C -4.66085 -6.46883 3.3664
C -5.77954 -5.45241 3.42551
O -6.30849 -5.27158 2.17934
C -7.41322 -4.36133 2.16316
C -7.6602 -3.85967 0.74419
O -6.68003 -2.86858 0.39794
C -6.91142 -1.6244 0.8854
C -5.83258 -0.63597 0.51155
C -6.24039 0.84035 0.6231
C -7.50348 1.11911 1.41278
O -8.48825 0.39582 1.45324
O -2.20103 -4.28207 1.46651
O -7.6283 2.37548 1.9215
O -7.41397 -1.54749 1.99685
C -8.73535 2.83757 2.60258
C -4.57744 -0.63867 1.39504
C -3.39447 -0.04151 0.62605
C -3.77535 1.41697 0.6049
C -5.04824 1.37177 1.44993
O -4.82345 0.33677 2.37158
H -5.53601 -0.87779 -0.53486
H -6.33176 1.37122 -0.34985
H -4.33163 -1.63454 1.76477
H -2.49116 -0.15078 1.26625
H -3.19696 -0.4854 -0.37299
H -2.98144 1.99726 1.12644
H -3.96201 1.84744 -0.40284
H -5.22219 2.37737 1.88987
O -6.25799 -5.02734 4.4707
C -1.89213 -3.03968 0.97126
C -3.40377 -6.98102 1.44729
C -2.91197 -8.36737 1.86393
C -4.07958 -8.84116 2.70569
C -5.05616 -7.67806 2.50036
O -4.76824 -7.21905 1.20253
H -2.448 -6.25086 3.25264
H -4.44858 -6.75696 4.42039
H -1.73229 -2.32672 1.80685
H -2.81204 -6.61882 0.5787
H -2.86966 -8.98759 0.93968
H -1.92086 -8.39498 2.3656
H -4.48088 -9.77655 2.25627
H -3.85466 -9.00171 3.78236
H -6.10358 -8.00216 2.68767
H -2.70719 -2.7002 0.3024
H -0.95844 -3.10798 0.37663
H -8.56229 3.89036 2.90606
H -8.90516 2.22557 3.51424
H -9.63295 2.79647 1.94929
H -7.60707 -4.71507 0.03747
H -8.68256 -3.42412 0.65622
H -7.33311 -3.56538 2.92506
H -8.30809 -4.95546 2.45183
$end

$opt
CONSTRAINT
tors           1           2           3           4     +18.549
tors           3           4           5           6     +70.613
tors           4           5           6           7    +177.574
tors           5           6           7           8    +161.734
tors           6           7           8           9     -76.729
tors           7           8           9          10     -79.716
tors           8           9          10          11    +178.799
tors           9          10          11          12    +160.897
tors          11          12          13          14     -34.366
ENDCONSTRAINT
$end

$rem
JOBTYPE                   OPT
METHOD                    B3LYP
DFT_D                     d3_op
BASIS                     STO-3G
GEOM_OPT_MAX_CYCLES       100
GEOM_OPT_TOL_GRADIENT     300
GEOM_OPT_TOL_DISPLACEMENT 1200
GEOM_OPT_TOL_ENERGY       100
SYMMETRY                  False
THRESH                    12
SCF_CONVERGENCE           8
MAX_SUB_FILE_NUM          128
MEM_STATIC                400
MEM_TOTAL                 4000
$end
