$molecule
0  1
O -3.94934 -3.66094 2.70899
C -3.26408 -4.56952 2.26188
C -3.36658 -6.02376 2.66595
C -2.1637 -6.92746 2.34928
C -0.92277 -6.23941 1.8251
O -0.80904 -6.44898 0.48027
C -1.74003 -7.41456 -0.0199
C -0.99707 -8.54656 -0.72183
O -1.73262 -8.97029 -1.88041
C -1.05523 -8.91401 -3.05392
C -1.91827 -8.46937 -4.2107
C -1.63361 -9.18072 -5.54157
C -0.80743 -10.4479 -5.45002
O -0.47895 -11.14975 -6.39557
O -2.4767 -4.25962 1.19731
O -0.53559 -11.014 -4.24202
O 0.16526 -8.80221 -3.12095
C 0.15308 -12.19404 -4.03795
C -3.43539 -8.75995 -4.08089
C -4.22069 -7.79735 -4.97197
C -3.87204 -8.3307 -6.34626
C -3.05769 -9.56973 -5.96102
O -3.6221 -9.98831 -4.74147
H -1.7719 -7.36877 -4.29725
H -1.1057 -8.51183 -6.25629
H -3.83 -8.69833 -3.04451
H -5.30146 -7.99014 -4.78316
H -4.01144 -6.71754 -4.81372
H -4.81516 -8.62106 -6.8603
H -3.28309 -7.64063 -6.98874
H -3.06761 -10.31638 -6.78564
O -0.20872 -5.45625 2.43609
C -2.32252 -2.99474 0.66803
C -3.41996 -6.08292 4.20599
C -3.95327 -7.43895 4.67557
C -2.72272 -8.2856 4.48744
C -1.78038 -7.26226 3.8372
O -2.06825 -6.09575 4.56122
H -4.32223 -6.39852 2.23914
H -2.32743 -8.00503 2.11854
H -1.90486 -2.30835 1.43528
H -4.03361 -5.27101 4.65486
H -4.20202 -7.41333 5.76005
H -4.84333 -7.75737 4.09078
H -2.30095 -8.51885 5.49197
H -2.87639 -9.23766 3.93544
H -0.73565 -7.63742 3.94381
H -3.29951 -2.60792 0.30754
H -1.61946 -3.04342 -0.18858
H 0.21963 -12.39112 -2.94838
H 1.18168 -12.11161 -4.4497
H -0.38105 -13.03932 -4.52205
H 0.03431 -8.1924 -0.94437
H -0.89486 -9.39359 -0.0121
H -2.07714 -6.82576 -0.90134
H -2.81741 -7.56179 0.22662
$end

$opt
CONSTRAINT
tors           1           2           3           4    -161.053
tors           3           4           5           6    -104.211
tors           4           5           6           7      -9.474
tors           5           6           7           8    -123.158
tors           6           7           8           9    -142.105
tors           7           8           9          10    +123.158
tors           8           9          10          11    -142.105
tors           9          10          11          12    -142.105
tors          11          12          13          14    -180.000
ENDCONSTRAINT
$end

$rem
JOBTYPE                   OPT
METHOD                    B3LYP
DFT_D                     d3_op
BASIS                     STO-3G
GEOM_OPT_MAX_CYCLES       100
GEOM_OPT_TOL_GRADIENT     300
GEOM_OPT_TOL_DISPLACEMENT 1200
GEOM_OPT_TOL_ENERGY       100
SYMMETRY                  False
THRESH                    12
SCF_CONVERGENCE           8
MAX_SUB_FILE_NUM          128
MEM_STATIC                400
MEM_TOTAL                 4000
$end
