$molecule
0  1
O -3.94934 -3.66094 2.70899
C -3.26408 -4.56952 2.26188
C -3.36658 -6.02376 2.66595
C -2.97353 -6.38153 4.10864
C -2.69204 -5.22192 5.03825
O -1.96948 -5.65415 6.11365
C -1.66266 -4.60916 7.0427
C -1.28945 -5.20282 8.3971
O -1.41359 -4.20295 9.42068
C -1.89864 -4.64172 10.60868
C -2.00532 -3.54532 11.64172
C -2.55025 -3.99226 13.00611
C -2.56798 -5.4874 13.25298
O -1.62974 -6.14711 13.67613
O -2.38507 -4.29058 1.26344
O -3.77344 -6.09616 13.09375
O -2.26358 -5.79875 10.77103
C -4.00039 -7.43944 13.3089
C -0.64797 -2.94314 12.0542
C -0.86262 -1.53166 12.59753
C -1.5527 -1.83725 13.91211
C -1.47071 -3.36888 13.915
O -0.2834 -3.64965 13.21301
H -2.63923 -2.74867 11.1899
H -3.56679 -3.59388 13.22115
H 0.10065 -2.93108 11.23231
H 0.14645 -1.11305 12.81467
H -1.4092 -0.83527 11.92585
H -0.94322 -1.40469 14.73632
H -2.60506 -1.48784 13.98967
H -1.52514 -3.7586 14.9558
O -3.38086 -4.21043 5.07901
C -2.17608 -3.03146 0.74083
C -4.8221 -6.51677 2.62715
C -4.85979 -8.04116 2.51504
C -4.43686 -8.43635 3.91429
C -4.28537 -7.05658 4.5608
O -5.28438 -6.28742 3.93467
H -2.74789 -6.60519 1.94467
H -2.11817 -7.09353 4.16031
H -1.81489 -2.34306 1.53462
H -5.41426 -6.05389 1.80712
H -5.91974 -8.34795 2.36635
H -4.23566 -8.45543 1.69415
H -5.2808 -8.97968 4.39534
H -3.51013 -9.04646 3.9787
H -4.35922 -7.14272 5.66782
H -3.11774 -2.63789 0.30175
H -1.40779 -3.0916 -0.05705
H -5.06647 -7.66587 13.10239
H -3.77658 -7.70173 14.36499
H -3.36714 -8.04773 12.62809
H -1.99977 -6.04769 8.54373
H -0.25806 -5.61335 8.36
H -2.59416 -4.03917 7.26877
H -0.89722 -3.90169 6.65561
$end

$opt
CONSTRAINT
tors           1           2           3           4     -66.316
tors           3           4           5           6    -161.053
tors           4           5           6           7    -180.000
tors           5           6           7           8    +161.053
tors           6           7           8           9    -161.053
tors           7           8           9          10    +142.105
tors           8           9          10          11    -180.000
tors           9          10          11          12    -180.000
tors          11          12          13          14     +85.263
ENDCONSTRAINT
$end

$rem
JOBTYPE                   OPT
METHOD                    B3LYP
DFT_D                     d3_op
BASIS                     STO-3G
GEOM_OPT_MAX_CYCLES       100
GEOM_OPT_TOL_GRADIENT     300
GEOM_OPT_TOL_DISPLACEMENT 1200
GEOM_OPT_TOL_ENERGY       100
SYMMETRY                  False
THRESH                    12
SCF_CONVERGENCE           8
MAX_SUB_FILE_NUM          128
MEM_STATIC                400
MEM_TOTAL                 4000
$end
