$molecule
0  1
O -3.94934 -3.66094 2.70899
C -3.26408 -4.56952 2.26188
C -3.36658 -6.02376 2.66595
C -3.85957 -6.32399 4.09097
C -4.36389 -5.14454 4.89263
O -5.13703 -5.58447 5.92903
C -6.4569 -5.03026 5.92178
C -6.55425 -3.918 4.88278
O -5.43346 -3.02903 5.01101
C -4.22121 -3.62924 5.10767
C -3.61725 -3.95544 3.7625
C -3.23948 -2.73558 2.90957
C -3.18218 -1.40976 3.64143
O -2.92073 -1.26524 4.82689
O -2.88397 -4.57712 0.92921
O -3.47045 -0.27572 2.93511
O -3.54455 -3.24666 6.09696
C -3.40211 1.00037 3.45929
C -1.92296 -4.26523 4.36638
C -0.77725 -4.84163 3.48026
C -0.59384 -3.7189 2.49747
C -1.54422 -2.70019 3.13417
O -1.3712 -3.00974 4.49519
H -5.34012 -4.64004 2.46745
H -3.15033 -2.15124 1.81127
H -1.8765 -4.85182 5.31214
H 0.11795 -4.83905 4.14897
H -0.68314 -5.85199 3.0616
H 0.46527 -3.37878 2.57951
H -0.74763 -3.91977 1.4278
H -1.05567 -1.72928 2.82971
O -5.26235 -5.09244 4.17566
C -2.96052 -3.62636 -0.07511
C -4.37861 -6.89821 1.84109
C -3.92405 -8.35926 1.81455
C -4.18258 -8.75837 3.25504
C -4.87848 -7.49557 3.76875
O -5.54008 -7.01 2.62733
H -2.42584 -6.52495 2.41478
H -3.03865 -6.75138 4.70851
H -2.23755 -2.79873 0.08071
H -4.53373 -6.53294 0.80276
H -4.64656 -8.90077 1.16051
H -2.89518 -8.55314 1.44484
H -4.88898 -9.61938 3.2542
H -3.28317 -8.99666 3.85976
H -5.52676 -7.73725 4.63833
H -3.99891 -3.24947 -0.1776
H -2.65222 -4.096 -1.03012
H -3.6739 1.73561 2.67512
H -2.36731 1.21495 3.80498
H -4.10725 1.10473 4.31157
H -7.01205 -4.00348 3.84579
H -7.4321 -3.33794 5.24112
H -6.59565 -4.57018 6.9251
H -7.24081 -5.80644 5.78726
$end

$opt
CONSTRAINT
tors           1           2           3           4     -28.421
tors           3           4           5           6    +161.053
tors           4           5           6           7    -123.158
tors           5           6           7           8      -9.474
tors           6           7           8           9     -47.368
tors           7           8           9          10     +47.368
tors           8           9          10          11     +85.263
tors           9          10          11          12     +66.316
tors          11          12          13          14     +28.421
ENDCONSTRAINT
$end

$rem
JOBTYPE                   OPT
METHOD                    B3LYP
DFT_D                     d3_op
BASIS                     STO-3G
GEOM_OPT_MAX_CYCLES       100
GEOM_OPT_TOL_GRADIENT     300
GEOM_OPT_TOL_DISPLACEMENT 1200
GEOM_OPT_TOL_ENERGY       100
SYMMETRY                  False
THRESH                    12
SCF_CONVERGENCE           8
MAX_SUB_FILE_NUM          128
MEM_STATIC                400
MEM_TOTAL                 4000
$end
