$molecule
0  1
O -3.94934 -3.66094 2.70899
C -3.26408 -4.56952 2.26188
C -3.36658 -6.02376 2.66595
C -4.25419 -6.35572 3.87665
C -5.08044 -5.22016 4.4387
O -6.25455 -5.11496 3.7489
C -6.91754 -6.37114 3.57082
C -6.73645 -6.86265 2.13842
O -5.49451 -7.57403 2.01843
C -5.06047 -8.18426 3.14908
C -4.84057 -9.66756 2.96981
C -3.622 -10.23565 3.71187
C -3.02698 -9.34506 4.78402
O -2.87757 -9.65197 5.95792
O -2.06197 -4.19245 1.70061
O -2.24229 -8.34153 4.31526
O -5.21332 -8.1985 4.47527
C -1.27484 -7.70498 5.07542
C -5.93493 -10.6319 3.5631
C -5.91057 -11.98464 2.84393
C -4.60074 -12.54531 3.34306
C -4.23367 -11.48084 4.38146
O -5.4664 -10.98908 4.8386
H -4.91258 -9.9519 1.9053
H -2.79083 -10.49129 3.01815
H -6.97826 -10.2621 3.51876
H -6.7405 -12.58809 3.27898
H -6.02836 -11.96449 1.73918
H -4.79884 -13.53205 3.81739
H -3.80257 -12.64257 2.57535
H -3.56567 -11.92182 5.15366
O -4.66104 -4.3291 5.16797
C -1.7341 -2.89866 1.3516
C -3.967 -5.75376 1.0708
C -3.87038 -6.95426 0.1627
C -3.47125 -7.72462 1.28403
C -4.60177 -6.15216 2.88448
O -5.15314 -5.38473 1.64226
H -2.25731 -6.28977 2.81418
H -3.39949 -6.24545 4.57106
H -1.74982 -2.24146 2.24669
H -3.78211 -5.01088 0.19678
H -4.86704 -7.16365 -0.28567
H -3.05313 -6.96415 -0.59653
H -3.64556 -8.76333 0.99113
H -2.34658 -7.72452 1.33615
H -6.80834 -8.18675 3.53692
H -2.45147 -2.51819 0.59302
H -0.7144 -2.88672 0.91539
H -0.76799 -6.93096 4.46522
H -0.51074 -8.43879 5.40983
H -1.73411 -7.22026 5.96353
H -7.55236 -7.57808 1.84315
H -7.05685 -6.18539 1.30528
H -7.98881 -6.07881 3.50482
H -7.04494 -6.73061 4.64865
$end

$opt
CONSTRAINT
tors           1           2           3           4      -9.474
tors           3           4           5           6     +85.263
tors           4           5           6           7     +47.368
tors           5           6           7           8    -104.211
tors           6           7           8           9     +85.263
tors           7           8           9          10     +28.421
tors           8           9          10          11    +123.158
tors           9          10          11          12    +142.105
tors          11          12          13          14    +123.158
ENDCONSTRAINT
$end

$rem
JOBTYPE                   OPT
METHOD                    B3LYP
DFT_D                     d3_op
BASIS                     STO-3G
GEOM_OPT_MAX_CYCLES       100
GEOM_OPT_TOL_GRADIENT     300
GEOM_OPT_TOL_DISPLACEMENT 1200
GEOM_OPT_TOL_ENERGY       100
SYMMETRY                  False
THRESH                    12
SCF_CONVERGENCE           8
MAX_SUB_FILE_NUM          128
MEM_STATIC                400
MEM_TOTAL                 4000
$end
