$molecule
0  1
O -3.94934 -3.66094 2.70899
C -3.26408 -4.56952 2.26188
C -3.36658 -6.02376 2.66595
C -4.55778 -6.42467 3.55148
C -5.60993 -5.36381 3.78738
O -5.37997 -4.29275 2.97168
C -4.37078 -4.54107 1.98724
C -3.99766 -6.01987 1.97842
O -4.91618 -6.76125 2.79668
C -6.00231 -6.07176 3.2257
C -6.13989 -4.72048 2.56556
C -5.18309 -4.47394 1.38997
C -4.49914 -5.70297 0.8257
O -4.76863 -6.85979 1.11505
O -1.93772 -4.2416 1.81933
O -3.91716 -5.49102 -0.457
O -7.06113 -6.92111 3.26627
C -3.65887 -6.44561 -1.42683
C -7.55092 -4.95926 1.66636
C -8.24842 -3.70199 1.04667
C -7.43664 -3.54537 -0.17476
C -6.34193 -4.61444 0.13357
O -7.14247 -5.66567 0.5515
H -7.23568 -4.03895 3.06313
H -5.60012 -3.27923 0.97499
H -8.39351 -5.47839 2.19687
H -9.29439 -3.92475 0.73518
H -8.25581 -2.80816 1.70823
H -8.02366 -3.91132 -1.05111
H -7.09797 -2.50832 -0.39355
H -5.94392 -4.75018 -0.89759
O -5.868 -4.92556 5.07237
C -1.32807 -3.0096 1.96917
C -2.23819 -7.16647 3.37177
C -1.68296 -6.96631 4.82942
C -2.88751 -7.34456 5.6723
C -3.88525 -7.71282 4.5514
O -3.02796 -8.31641 3.60307
H -2.55489 -5.47119 3.41909
H -4.10061 -5.84558 4.49023
H -1.25594 -2.75733 3.04794
H -1.36721 -7.33831 2.69942
H -0.8984 -7.73889 4.99695
H -1.23498 -5.97393 5.055
H -2.64073 -8.2563 6.26088
H -3.26139 -6.55569 6.36054
H -4.69544 -8.37632 4.92344
H -1.88487 -2.20823 1.44283
H -0.30417 -3.05999 1.54606
H -2.57043 -6.46414 -1.64016
H -4.20087 -6.17362 -2.3555
H -3.9848 -7.46083 -1.11734
H -2.80591 -6.84229 1.00569
H -2.80591 -6.84229 1.00569
H -3.70838 -3.38289 0.74004
H -3.70838 -3.38289 0.74004
$end

$opt
CONSTRAINT
tors           1           2           3           4      +9.474
tors           3           4           5           6      +9.474
tors           4           5           6           7      +9.474
tors           5           6           7           8      +9.474
tors           6           7           8           9      +9.474
tors           7           8           9          10      +9.474
tors           8           9          10          11      +9.474
tors           9          10          11          12      +9.474
tors          11          12          13          14      +9.474
ENDCONSTRAINT
$end

$rem
JOBTYPE                   OPT
METHOD                    B3LYP
DFT_D                     d3_op
BASIS                     STO-3G
GEOM_OPT_MAX_CYCLES       100
GEOM_OPT_TOL_GRADIENT     300
GEOM_OPT_TOL_DISPLACEMENT 1200
GEOM_OPT_TOL_ENERGY       100
SYMMETRY                  False
THRESH                    12
SCF_CONVERGENCE           8
MAX_SUB_FILE_NUM          128
MEM_STATIC                400
MEM_TOTAL                 4000
$end
