$molecule
0  1
O -3.94934 -3.66094 2.70899
C -3.26408 -4.56952 2.26188
C -3.36658 -6.02376 2.66595
C -4.73745 -6.52338 3.15068
C -5.89497 -5.55994 3.00924
O -5.70875 -4.48672 3.83323
C -4.93806 -4.79854 4.99859
C -3.71407 -3.89203 5.07736
O -2.82037 -4.18091 3.99074
C -3.12192 -5.28676 3.26597
C -2.2205 -6.45785 3.57684
C -1.47325 -7.03848 2.36739
C -1.45025 -6.17 1.12565
O -2.12575 -6.34939 0.12261
O -2.59194 -4.06189 1.14035
O -0.38334 -5.32209 0.98756
O -4.70442 -5.35785 1.30497
C 0.11073 -4.86547 -0.21903
C -0.99599 -6.06816 4.49811
C -0.40943 -7.28494 5.22516
C 0.19633 -8.02752 4.06548
C -0.02168 -6.99389 2.95241
O 0.02894 -5.75464 3.60679
H -2.61814 -7.27068 4.31125
H -1.43739 -8.09237 2.0477
H -1.21057 -5.30207 5.27153
H 0.41336 -6.90187 5.87207
H -1.10616 -7.87785 5.85605
H 1.2785 -8.17852 4.27597
H -0.28131 -9.00005 3.81989
H 0.75418 -7.14827 2.16748
O -6.91115 -5.66712 2.32302
C -2.5751 -2.73538 0.73203
C -3.77427 -7.69831 1.67297
C -3.59037 -9.05123 2.51393
C -4.85416 -9.11734 3.24345
C -5.45045 -7.85067 2.6749
O -5.15399 -7.83594 1.35286
H -3.46849 -6.70345 1.71725
H -4.66836 -6.94075 4.15415
H -2.12713 -2.10049 1.52575
H -3.21193 -8.18163 0.71673
H -3.60518 -9.92394 1.8144
H -2.7221 -9.23608 3.17608
H -5.44684 -10.00741 2.92828
H -4.76499 -9.09823 4.35194
H -6.53952 -7.9228 2.91139
H -3.6071 -2.3893 0.51058
H -1.973 -2.62666 -0.18969
H 0.94944 -4.1652 -0.02853
H -0.67255 -4.34562 -0.80305
H 0.4897 -5.72211 -0.81551
H -4.03774 -2.82911 5.00055
H -3.18994 -4.01301 6.0489
H -4.93423 -5.74158 5.57171
H -5.56788 -4.36439 5.80464
$end

$opt
CONSTRAINT
tors           1           2           3           4     +28.421
tors           3           4           5           6     -66.316
tors           4           5           6           7     -28.421
tors           5           6           7           8    +123.158
tors           6           7           8           9     -66.316
tors           7           8           9          10      -9.474
tors           8           9          10          11    -104.211
tors           9          10          11          12    -123.158
tors          11          12          13          14    -104.211
ENDCONSTRAINT
$end

$rem
JOBTYPE                   OPT
METHOD                    B3LYP
DFT_D                     d3_op
BASIS                     STO-3G
GEOM_OPT_MAX_CYCLES       100
GEOM_OPT_TOL_GRADIENT     300
GEOM_OPT_TOL_DISPLACEMENT 1200
GEOM_OPT_TOL_ENERGY       100
SYMMETRY                  False
THRESH                    12
SCF_CONVERGENCE           8
MAX_SUB_FILE_NUM          128
MEM_STATIC                400
MEM_TOTAL                 4000
$end
