$molecule
0  1
O -3.94934 -3.66094 2.70899
C -3.26408 -4.56952 2.26188
C -3.36658 -6.02376 2.66595
C -4.66266 -6.76517 2.29943
C -5.63801 -6.02118 1.41441
O -5.50887 -4.67566 1.61014
C -5.2159 -3.95716 0.40715
C -5.08646 -2.46666 0.70341
O -4.03409 -1.89909 -0.09236
C -4.07126 -0.55068 -0.23223
C -4.72204 0.1447 0.93978
C -6.1495 0.64891 0.68209
C -6.83729 0.08673 -0.54575
O -7.70999 -0.76938 -0.53977
O -2.19649 -4.25286 1.47392
O -6.35068 0.50787 -1.74352
O -3.31661 0.0157 -1.00953
C -6.80467 0.06326 -2.96736
C -4.81985 -0.11468 2.47812
C -4.92215 1.19657 3.27728
C -6.36546 1.58783 3.00204
C -6.79751 0.45181 2.07029
O -6.1258 -0.63823 2.63826
H -4.077 1.05308 0.93769
H -6.17399 1.74244 0.4671
H -3.96913 -0.71654 2.86538
H -4.82519 0.96865 4.36253
H -4.16045 1.95504 2.99609
H -6.94248 1.49583 3.94989
H -6.51041 2.60783 2.58541
H -7.90545 0.38196 2.02153
O -6.59146 -6.52323 0.8374
C -1.66902 -2.99606 1.25206
C -2.32236 -6.93478 1.98052
C -2.14033 -8.22984 2.77552
C -3.41607 -8.95757 2.42109
C -4.06748 -7.93635 1.48843
O -2.97583 -7.36128 0.814
H -3.1963 -6.03551 3.76535
H -5.23514 -7.14983 3.17224
H -2.21367 -2.20095 1.80254
H -1.32801 -6.45836 1.84302
H -1.28267 -8.79338 2.34347
H -1.96925 -8.06851 3.8617
H -3.15145 -9.8646 1.83225
H -4.05872 -9.24336 3.28162
H -4.81946 -8.44559 0.84588
H -1.68189 -2.77922 0.16499
H -0.61311 -2.98636 1.59155
H -6.23495 0.57055 -3.77264
H -7.88307 0.30286 -3.08556
H -6.65064 -1.03348 -3.05656
H -6.07805 -2.08891 0.44539
H -5.01286 -2.25773 1.70784
H -5.9781 -4.12894 -0.38787
H -4.26203 -4.33542 -0.02246
$end

$opt
CONSTRAINT
tors           1           2           3           4     +66.316
tors           3           4           5           6     -28.421
tors           4           5           6           7    +123.158
tors           5           6           7           8    -180.000
tors           6           7           8           9    +142.105
tors           7           8           9          10    +161.053
tors           8           9          10          11     +28.421
tors           9          10          11          12    -104.211
tors          11          12          13          14    +104.211
ENDCONSTRAINT
$end

$rem
JOBTYPE                   OPT
METHOD                    B3LYP
DFT_D                     d3_op
BASIS                     STO-3G
GEOM_OPT_MAX_CYCLES       100
GEOM_OPT_TOL_GRADIENT     300
GEOM_OPT_TOL_DISPLACEMENT 1200
GEOM_OPT_TOL_ENERGY       100
SYMMETRY                  False
THRESH                    12
SCF_CONVERGENCE           8
MAX_SUB_FILE_NUM          128
MEM_STATIC                400
MEM_TOTAL                 4000
$end
