$molecule
0  1
O -3.94934 -3.66094 2.70899
C -3.26408 -4.56952 2.26188
C -3.36658 -6.02376 2.66595
C -4.41631 -6.88207 1.94122
C -5.12384 -6.23632 0.77054
O -6.02143 -7.11254 0.23016
C -6.41274 -6.76736 -1.10287
C -7.89456 -7.06367 -1.30908
O -8.28161 -6.71559 -2.6477
C -9.29855 -5.82394 -2.74745
C -9.96021 -5.83557 -4.10492
C -10.78168 -4.58087 -4.4354
C -10.53748 -3.37807 -3.54639
O -10.81312 -3.30783 -2.35742
O -2.25742 -4.24112 1.40587
O -9.96731 -2.28124 -4.1193
O -9.97733 -5.54024 -1.76895
C -9.67273 -1.11091 -3.45115
C -8.98524 -5.85155 -5.30724
C -9.68092 -6.48238 -6.51122
C -10.69699 -5.40907 -6.84238
C -10.2617 -4.3098 -5.86379
O -8.87834 -4.50859 -5.70983
H -10.57785 -6.76209 -4.13909
H -11.87658 -4.77351 -4.41225
H -8.02602 -6.37667 -5.11054
H -8.92552 -6.52181 -7.32909
H -10.10008 -7.49979 -6.35628
H -10.54472 -5.0975 -7.89951
H -11.75881 -5.69231 -6.67479
H -10.57567 -3.31617 -6.25196
O -4.93516 -5.10022 0.35418
C -1.99865 -2.96304 0.95659
C -2.09469 -6.83387 2.30279
C -1.99436 -8.08494 3.17622
C -3.0916 -8.93506 2.5768
C -3.53787 -8.03411 1.42246
O -2.36319 -7.37019 1.03153
H -3.45323 -6.04064 3.77543
H -5.2102 -7.22151 2.64357
H -1.76176 -2.29634 1.81308
H -1.15441 -6.24778 2.39884
H -1.01505 -8.56638 2.95323
H -2.07305 -7.90605 4.27009
H -2.6362 -9.87067 2.18213
H -3.9316 -9.18109 3.26199
H -4.0366 -8.64256 0.63653
H -2.87728 -2.56755 0.40339
H -1.1267 -2.98821 0.27142
H -9.21612 -0.39179 -4.16165
H -8.95085 -1.31055 -2.63055
H -10.60074 -0.6633 -3.03562
H -8.06713 -8.15061 -1.15787
H -8.43682 -6.53123 -0.49769
H -5.83176 -7.38597 -1.82047
H -6.26435 -5.69842 -1.37402
$end

$opt
CONSTRAINT
tors           1           2           3           4     +85.263
tors           3           4           5           6    -180.000
tors           4           5           6           7    -161.053
tors           5           6           7           8    -142.105
tors           6           7           8           9    -180.000
tors           7           8           9          10    -123.158
tors           8           9          10          11    -161.053
tors           9          10          11          12    -161.053
tors          11          12          13          14     -66.316
ENDCONSTRAINT
$end

$rem
JOBTYPE                   OPT
METHOD                    B3LYP
DFT_D                     d3_op
BASIS                     STO-3G
GEOM_OPT_MAX_CYCLES       100
GEOM_OPT_TOL_GRADIENT     300
GEOM_OPT_TOL_DISPLACEMENT 1200
GEOM_OPT_TOL_ENERGY       100
SYMMETRY                  False
THRESH                    12
SCF_CONVERGENCE           8
MAX_SUB_FILE_NUM          128
MEM_STATIC                400
MEM_TOTAL                 4000
$end
