$molecule
0  1
O -3.94934 -3.66094 2.70899
C -3.26408 -4.56952 2.26188
C -3.36658 -6.02376 2.66595
C -4.06137 -6.97914 1.68189
C -4.41791 -6.40938 0.32677
O -5.75795 -6.54904 0.10269
C -6.07081 -6.87455 -1.25578
C -5.97787 -8.38174 -1.46994
O -4.62102 -8.75193 -1.76115
C -4.46103 -9.96042 -2.35537
C -5.40115 -10.17353 -3.51787
C -5.479 -9.00413 -4.51021
C -4.37381 -7.97264 -4.40394
O -4.06559 -7.1718 -5.27469
O -2.4009 -4.28566 1.2499
O -3.33234 -8.0921 -3.5341
O -3.45358 -10.62749 -2.17411
C -2.22892 -7.26303 -3.42901
C -4.97005 -11.31667 -4.46582
C -6.18221 -11.83707 -5.23788
C -6.44907 -10.66896 -6.16279
C -5.24979 -9.77511 -5.82608
O -4.23086 -10.6793 -5.47595
H -6.3904 -10.47359 -3.10455
H -6.44885 -8.462 -4.51064
H -4.46546 -12.16107 -3.94771
H -5.82861 -12.69931 -5.84806
H -7.04761 -12.16041 -4.62036
H -6.39327 -11.03366 -7.2125
H -7.41036 -10.13722 -5.99281
H -5.02565 -9.10178 -6.68271
O -3.61151 -6.00051 -0.49961
C -2.21018 -3.02853 0.71609
C -1.99198 -6.70197 2.79853
C -2.09828 -7.93481 3.69686
C -2.82719 -8.89353 2.7771
C -2.952 -8.03397 1.51602
O -1.77265 -7.26361 1.52638
H -3.89759 -6.02968 3.64494
H -4.9764 -7.42476 2.13722
H -1.84511 -2.33127 1.50017
H -1.20491 -6.01295 3.17631
H -1.06896 -8.32352 3.86744
H -2.59004 -7.74755 4.67568
H -2.15818 -9.75867 2.57051
H -3.80935 -9.25747 3.14877
H -3.10908 -8.67857 0.62315
H -3.16106 -2.6475 0.28602
H -1.45194 -3.08805 -0.09135
H -1.57916 -7.62798 -2.60734
H -2.55315 -6.22679 -3.19453
H -1.64639 -7.27269 -4.3747
H -6.3954 -8.96323 -0.61916
H -6.66439 -8.51455 -2.3175
H -5.54339 -6.26426 -2.02359
H -7.14803 -6.61463 -1.35569
$end

$opt
CONSTRAINT
tors           1           2           3           4    +104.211
tors           3           4           5           6    -123.158
tors           4           5           6           7    -142.105
tors           5           6           7           8     +85.263
tors           6           7           8           9     -85.263
tors           7           8           9          10    -161.053
tors           8           9          10          11     +47.368
tors           9          10          11          12     +47.368
tors          11          12          13          14    +161.053
ENDCONSTRAINT
$end

$rem
JOBTYPE                   OPT
METHOD                    B3LYP
DFT_D                     d3_op
BASIS                     STO-3G
GEOM_OPT_MAX_CYCLES       100
GEOM_OPT_TOL_GRADIENT     300
GEOM_OPT_TOL_DISPLACEMENT 1200
GEOM_OPT_TOL_ENERGY       100
SYMMETRY                  False
THRESH                    12
SCF_CONVERGENCE           8
MAX_SUB_FILE_NUM          128
MEM_STATIC                400
MEM_TOTAL                 4000
$end
