$molecule
0  1
O -3.94934 -3.66094 2.70899
C -3.26408 -4.56952 2.26188
C -3.36658 -6.02376 2.66595
C -2.40867 -7.01244 1.98128
C -1.33566 -6.41165 1.10049
O -0.10337 -6.81477 1.52988
C -0.12236 -8.09161 2.17685
C 1.12648 -8.88599 1.80878
O 1.33572 -9.93883 2.76305
C 2.32681 -9.72171 3.66292
C 2.2147 -10.60137 4.88533
C 3.50653 -10.73953 5.70409
C 4.59166 -9.72553 5.40244
O 5.77476 -9.84823 5.68492
O -2.27755 -4.12402 1.44602
O 4.1619 -8.42668 5.36998
O 3.35569 -9.20112 3.25723
C 4.98079 -7.31567 5.32826
C 1.24617 -10.06149 5.95326
C 0.75519 -11.21695 6.82412
C 2.01898 -11.54623 7.59646
C 2.94209 -10.4244 7.10446
O 2.06481 -9.35231 6.84937
H 1.85717 -11.59737 4.53578
H 3.96233 -11.75169 5.63354
H 0.3859 -9.50225 5.52403
H 0.00673 -10.79238 7.53127
H 0.29755 -12.06977 6.27812
H 1.80424 -11.43568 8.68252
H 2.4541 -12.54847 7.39203
H 3.74888 -10.22688 7.8447
O -1.50876 -5.90413 0.00088
C -2.07163 -2.81368 1.05644
C -3.30117 -6.27242 4.17881
C -4.37961 -7.276 4.53664
C -3.87874 -8.4551 3.73762
C -2.46383 -7.937 3.33922
O -2.14092 -7.0226 4.34535
H -4.40272 -6.24394 2.31036
H -2.97265 -7.61587 1.23461
H -1.87733 -2.17506 1.94443
H -3.36725 -5.35716 4.8066
H -4.26741 -7.47935 5.62648
H -5.43014 -6.98362 4.32171
H -3.86786 -9.33654 4.4189
H -4.46117 -8.69122 2.82075
H -1.92288 -8.89768 3.42964
H -2.95872 -2.43488 0.50525
H -1.18925 -2.76898 0.38573
H 4.35184 -6.40255 5.29736
H 5.61582 -7.34475 4.41725
H 5.62223 -7.27591 6.23434
H 1.1027 -9.2816 0.76915
H 1.95223 -8.13859 1.82
H -0.84495 -8.81912 1.73056
H 0.00106 -7.91614 3.26989
$end

$opt
CONSTRAINT
tors           1           2           3           4    -180.000
tors           3           4           5           6    +123.158
tors           4           5           6           7     +28.421
tors           5           6           7           8    +142.105
tors           6           7           8           9    +161.053
tors           7           8           9          10    -104.211
tors           8           9          10          11    +161.053
tors           9          10          11          12    +161.053
tors          11          12          13          14    -161.053
ENDCONSTRAINT
$end

$rem
JOBTYPE                   OPT
METHOD                    B3LYP
DFT_D                     d3_op
BASIS                     STO-3G
GEOM_OPT_MAX_CYCLES       100
GEOM_OPT_TOL_GRADIENT     300
GEOM_OPT_TOL_DISPLACEMENT 1200
GEOM_OPT_TOL_ENERGY       100
SYMMETRY                  False
THRESH                    12
SCF_CONVERGENCE           8
MAX_SUB_FILE_NUM          128
MEM_STATIC                400
MEM_TOTAL                 4000
$end
