$molecule
0  1
O -3.94934 -3.66094 2.70899
C -3.26408 -4.56952 2.26188
C -3.36658 -6.02376 2.66595
C -2.64602 -7.05202 1.77863
C -1.75662 -6.49646 0.68849
O -2.26644 -5.31489 0.23087
C -1.50127 -4.17585 0.63872
C -0.5542 -4.55716 1.77176
O -0.90958 -3.84493 2.96729
C -0.40882 -4.35425 4.1201
C 1.04667 -4.01141 4.33147
C 1.31247 -2.95705 5.41588
C 0.1587 -2.67043 6.35576
O 0.21958 -1.98004 7.36285
O -4.0124 -4.68743 1.07315
O -1.09893 -2.63705 5.83559
O -1.08407 -4.84634 5.0013
C -2.25811 -2.35269 6.53568
C 1.88247 -5.19321 4.85033
C 3.35508 -4.97131 4.50876
C 3.69495 -3.83343 5.45106
C 2.37902 -3.71711 6.22978
O 1.87579 -5.03256 6.24701
H 1.47991 -3.66032 3.3698
H 1.66995 -1.98378 5.01345
H 1.53567 -6.17712 4.46465
H 3.90528 -5.88215 4.83728
H 3.57378 -4.77962 3.43615
H 4.51985 -4.16747 6.11891
H 3.96428 -2.87283 4.9609
H 2.56145 -3.25526 7.22535
O -1.0481 -7.2022 -0.01326
C -4.63589 -3.72587 0.26715
C -2.91996 -6.52485 4.04122
C -3.62027 -7.84098 4.41681
C -2.8776 -8.82502 3.53621
C -1.90145 -7.88488 2.82873
O -1.59242 -6.95263 3.82499
H -4.46523 -6.24058 2.66203
H -3.36928 -7.6962 1.2286
H -4.45293 -2.68792 0.6189
H -3.14363 -5.78703 4.83799
H -3.38338 -8.07618 5.47895
H -4.72384 -7.8256 4.28584
H -2.30024 -9.51851 4.18796
H -3.5135 -9.41246 2.83898
H -1.04742 -8.45532 2.40333
H -5.72831 -3.91759 0.25076
H -4.24788 -3.80856 -0.7689
H -3.12672 -2.44024 5.8515
H -2.22537 -1.32128 6.94545
H -2.38623 -3.08283 7.36435
H -0.05259 -5.53978 1.93409
H 0.36632 -4.01527 1.46088
H -2.01197 -3.18851 0.70776
H -0.86546 -3.98783 -0.25705
$end

$opt
CONSTRAINT
tors           1           2           3           4    +166.791
tors           3           4           5           6     -32.298
tors           4           5           6           7    +108.024
tors           5           6           7           8     -15.276
tors           6           7           8           9    -115.650
tors           7           8           9          10    +162.202
tors           8           9          10          11     +77.716
tors           9          10          11          12    +106.851
tors          11          12          13          14    +171.538
ENDCONSTRAINT
$end

$rem
JOBTYPE                   OPT
METHOD                    B3LYP
DFT_D                     d3_op
BASIS                     STO-3G
GEOM_OPT_MAX_CYCLES       100
GEOM_OPT_TOL_GRADIENT     300
GEOM_OPT_TOL_DISPLACEMENT 1200
GEOM_OPT_TOL_ENERGY       100
SYMMETRY                  False
THRESH                    12
SCF_CONVERGENCE           8
MAX_SUB_FILE_NUM          128
MEM_STATIC                400
MEM_TOTAL                 4000
$end
