$molecule
0  1
O -3.94934 -3.66094 2.70899
C -3.26408 -4.56952 2.26188
C -3.36658 -6.02376 2.66595
C -2.97353 -6.38153 4.10864
C -2.69204 -5.22192 5.03825
O -1.96948 -5.65415 6.11365
C -1.66266 -4.60916 7.0427
C -2.90347 -3.76417 7.31194
O -2.52083 -2.49537 7.86567
C -1.85265 -1.66909 7.0231
C -1.4787 -0.35329 7.66302
C -2.0398 -0.13817 9.07623
C -2.57292 -1.37508 9.77088
O -3.06551 -2.34474 9.2126
O -2.38475 -4.29044 1.26381
O -2.6905 -1.29557 11.12391
O -1.57495 -1.91868 5.85824
C -3.21651 -2.29115 11.92061
C 0.03129 -0.20113 7.88709
C 0.38622 1.28067 7.9803
C -0.22314 1.63 9.32169
C -0.70928 0.24677 9.7729
O 0.22201 -0.64299 9.20557
H -1.85087 0.43945 6.97528
H -2.79591 0.67169 9.16989
H 0.64551 -0.70148 7.10669
H 1.49474 1.34796 8.06362
H 0.0432 1.90446 7.12694
H 0.58926 1.99522 9.9888
H -1.05297 2.36885 9.29138
H -0.77679 0.22639 10.88229
O -2.57785 -4.07244 4.64793
C -2.17253 -3.03025 0.74514
C -4.82418 -6.51169 2.63479
C -4.8682 -8.03596 2.52438
C -4.43878 -8.43184 3.92155
C -4.28182 -7.05247 4.56755
O -5.28 -6.27961 3.94471
H -2.75266 -6.60792 1.9428
H -2.11086 -7.08534 4.15122
H -1.80921 -2.34553 1.54121
H -5.41886 -6.04778 1.81713
H -5.93051 -8.33783 2.38254
H -4.25125 -8.45427 1.70012
H -5.28043 -8.97529 4.40641
H -3.5116 -9.04184 3.98106
H -4.35135 -7.13784 5.67494
H -3.11326 -2.63263 0.30773
H -1.40466 -3.08989 -0.05316
H -3.18701 -1.96311 12.97983
H -2.61614 -3.22025 11.81639
H -4.27182 -2.49192 11.63729
H -3.61845 -3.51424 6.50724
H -3.53402 -4.3482 8.01904
H -0.84755 -4.02171 6.57744
H -1.23407 -5.01509 7.98322
$end

$opt
CONSTRAINT
tors           1           2           3           4     -66.316
tors           3           4           5           6    -161.053
tors           4           5           6           7    -180.000
tors           5           6           7           8     +45.743
tors           6           7           8           9    -161.053
tors           7           8           9          10     +67.891
tors           8           9          10          11    -180.000
tors           9          10          11          12      -5.959
tors          11          12          13          14     -29.697
ENDCONSTRAINT
$end

$rem
JOBTYPE                   OPT
METHOD                    B3LYP
DFT_D                     d3_op
BASIS                     STO-3G
GEOM_OPT_MAX_CYCLES       100
GEOM_OPT_TOL_GRADIENT     300
GEOM_OPT_TOL_DISPLACEMENT 1200
GEOM_OPT_TOL_ENERGY       100
SYMMETRY                  False
THRESH                    12
SCF_CONVERGENCE           8
MAX_SUB_FILE_NUM          128
MEM_STATIC                400
MEM_TOTAL                 4000
$end
