$molecule
0  1
O -3.94934 -3.66094 2.70899
C -3.26408 -4.56952 2.26188
C -3.36658 -6.02376 2.66595
C -2.97353 -6.38153 4.10864
C -2.69204 -5.22192 5.03825
O -3.29238 -4.09058 4.5638
C -3.07053 -2.94517 5.3933
C -1.57673 -2.74967 5.63094
O -1.3463 -2.34334 6.98913
C -0.24065 -2.86658 7.57471
C -0.05383 -2.40219 8.99953
C 0.32822 -3.50683 9.99557
C 0.80995 -4.80816 9.38634
O 0.34046 -5.91382 9.61365
O -2.38129 -4.28896 1.26748
O 1.93987 -4.75624 8.62716
O 0.65119 -3.4111 6.93726
C 2.54046 -5.85001 8.03858
C 1.13242 -1.43359 9.19868
C 0.89346 -0.58613 10.44827
C 1.06578 -1.63023 11.53594
C 1.52059 -2.82956 10.69445
O 2.20434 -2.24565 9.61082
H -0.98278 -1.86944 9.31026
H -0.5111 -3.75398 10.68278
H 1.32008 -0.78254 8.31709
H 1.74019 0.13493 10.51055
H -0.06409 -0.02316 10.47969
H 1.8721 -1.29071 12.2231
H 0.1465 -1.87171 12.11245
H 2.10497 -3.54819 11.31076
O -2.34125 -5.39133 6.2018
C -2.1644 -3.02684 0.75557
C -4.82033 -6.5269 2.63637
C -4.8468 -8.04981 2.50637
C -4.39221 -8.46015 3.89219
C -4.26358 -7.08877 4.562
O -5.27604 -6.32347 3.95215
H -2.75105 -6.60681 1.94312
H -2.08045 -7.0442 4.14527
H -1.80192 -2.34706 1.55639
H -5.42499 -6.05933 1.82834
H -5.90929 -8.35734 2.37792
H -4.24175 -8.45568 1.66726
H -5.21128 -9.0405 4.37266
H -3.44442 -9.03952 3.93069
H -4.3275 -7.1916 5.66778
H -3.10287 -2.62471 0.31743
H -1.39432 -3.08445 -0.04073
H 3.43829 -5.51461 7.48025
H 1.83749 -6.33462 7.32761
H 2.85354 -6.57979 8.81539
H -0.94476 -3.60597 5.31972
H -1.24305 -1.94564 4.94045
H -3.56422 -3.15588 6.36992
H -3.55372 -2.03014 4.98949
$end

$opt
CONSTRAINT
tors           1           2           3           4     -66.316
tors           3           4           5           6     +21.638
tors           4           5           6           7    -180.000
tors           5           6           7           8     +53.445
tors           6           7           8           9    -140.575
tors           7           8           9          10    +142.105
tors           8           9          10          11    -180.000
tors           9          10          11          12    +135.551
tors          11          12          13          14    -125.214
ENDCONSTRAINT
$end

$rem
JOBTYPE                   OPT
METHOD                    B3LYP
DFT_D                     d3_op
BASIS                     STO-3G
GEOM_OPT_MAX_CYCLES       100
GEOM_OPT_TOL_GRADIENT     300
GEOM_OPT_TOL_DISPLACEMENT 1200
GEOM_OPT_TOL_ENERGY       100
SYMMETRY                  False
THRESH                    12
SCF_CONVERGENCE           8
MAX_SUB_FILE_NUM          128
MEM_STATIC                400
MEM_TOTAL                 4000
$end
