$molecule
0  1
O -3.94934 -3.66094 2.70899
C -3.26408 -4.56952 2.26188
C -3.36658 -6.02376 2.66595
C -2.11166 -6.89341 2.48502
C -0.84286 -6.17213 2.08752
O -1.09337 -4.83712 1.94463
C 0.01061 -4.01237 2.33228
C 1.29182 -4.50125 1.66473
O 2.43551 -3.98789 2.36566
C 2.30619 -3.90841 3.71329
C 3.53996 -3.36213 4.39155
C 4.67722 -2.96074 3.44086
C 4.29968 -2.82416 1.97953
O 3.82901 -1.82278 1.45965
O -3.09601 -4.46595 0.89902
O 4.77955 -3.80432 1.16436
O 1.70231 -4.76835 4.34694
C 4.65028 -3.80935 -0.20899
C 3.29252 -2.02141 5.11223
C 4.32972 -1.84131 6.21966
C 5.58325 -1.6134 5.39738
C 4.97814 -1.55235 3.98878
O 3.68511 -1.03454 4.19112
H 3.87563 -4.10846 5.14976
H 5.54425 -3.65494 3.51142
H 2.26411 -1.92609 5.52449
H 4.07189 -0.89394 6.74578
H 4.39532 -2.66319 6.96468
H 6.02224 -0.63454 5.69192
H 6.34999 -2.41521 5.46771
H 5.63554 -0.97052 3.30519
O 0.20958 -6.75531 2.29052
C -3.11682 -3.30041 0.15221
C -3.56961 -6.15676 4.1925
C -4.21706 -7.50123 4.51931
C -3.06066 -8.43844 4.25661
C -1.95725 -7.428 3.927
O -2.27311 -6.30628 4.71049
H -4.2658 -6.43909 2.15709
H -2.25869 -7.7175 1.75276
H -3.24813 -2.39333 0.7801
H -4.17683 -5.33674 4.63453
H -4.43434 -7.50584 5.61171
H -5.14999 -7.72644 3.95919
H -2.82411 -8.9769 5.20145
H -3.21568 -9.16764 3.43213
H -0.96472 -7.88937 4.12148
H -3.94261 -3.35337 -0.58636
H -2.15471 -3.20471 -0.39235
H 5.12631 -4.72497 -0.61562
H 5.15421 -2.92035 -0.64469
H 3.57652 -3.80847 -0.49277
H 1.61657 -5.51069 1.39191
H 1.26884 -4.06308 0.64434
H -0.09835 -4.00856 3.42541
H -0.17586 -2.95014 2.06462
$end

$opt
CONSTRAINT
tors           1           2           3           4    -154.794
tors           3           4           5           6      -1.003
tors           4           5           6           7    +145.991
tors           5           6           7           8     +49.791
tors           6           7           8           9    -161.053
tors           7           8           9          10     +36.724
tors           8           9          10          11    -180.000
tors           9          10          11          12      +1.899
tors          11          12          13          14     +85.263
ENDCONSTRAINT
$end

$rem
JOBTYPE                   OPT
METHOD                    B3LYP
DFT_D                     d3_op
BASIS                     STO-3G
GEOM_OPT_MAX_CYCLES       100
GEOM_OPT_TOL_GRADIENT     300
GEOM_OPT_TOL_DISPLACEMENT 1200
GEOM_OPT_TOL_ENERGY       100
SYMMETRY                  False
THRESH                    12
SCF_CONVERGENCE           8
MAX_SUB_FILE_NUM          128
MEM_STATIC                400
MEM_TOTAL                 4000
$end
