$molecule
0  1
O -3.94934 -3.66094 2.70899
C -3.26408 -4.56952 2.26188
C -3.36658 -6.02376 2.66595
C -2.33524 -6.99387 2.06673
C -1.20851 -6.37328 1.27084
O -1.05342 -7.03977 0.08883
C -0.00113 -6.50847 -0.72336
C 0.61638 -7.61426 -1.57311
O 1.90259 -7.19817 -2.05829
C 2.91726 -8.07207 -1.84401
C 4.23912 -7.5834 -2.38673
C 5.42139 -8.53891 -2.16874
C 5.06071 -9.95801 -1.77788
O 4.78177 -10.85846 -2.5563
O -2.51992 -4.22496 1.17742
O 5.18955 -10.25545 -0.45722
O 2.76917 -9.09536 -1.18939
C 4.94972 -11.50013 0.08635
C 4.26645 -7.43613 -3.92098
C 5.34425 -6.42773 -4.31497
C 6.59872 -7.21429 -3.99038
C 5.98281 -8.56518 -3.60514
O 4.81406 -8.64417 -4.38543
H 4.42284 -6.58876 -1.92026
H 6.15976 -8.154 -1.43051
H 3.28628 -7.14361 -4.35659
H 5.27927 -6.30231 -5.41981
H 5.27143 -5.43039 -3.83032
H 7.2061 -7.3034 -4.91829
H 7.21847 -6.80218 -3.16473
H 6.72166 -9.3845 -3.74979
O -0.42338 -5.54506 1.72594
C -2.39831 -2.95147 0.6574
C -3.05315 -6.19617 4.16708
C -3.66544 -7.49817 4.6834
C -2.74153 -8.51455 4.0473
C -1.73945 -7.58366 3.35763
O -1.6747 -6.46757 4.2101
H -4.41786 -6.33449 2.47418
H -2.82446 -7.78633 1.45459
H -1.9648 -2.26826 1.41857
H -3.40127 -5.34167 4.78829
H -3.51346 -7.52505 5.78628
H -4.74564 -7.62885 4.4576
H -2.23531 -9.08513 4.85767
H -3.22453 -9.21708 3.33419
H -0.77944 -8.11618 3.17516
H -3.39072 -2.57316 0.33174
H -1.72216 -2.98219 -0.22153
H 5.1277 -11.45964 1.18048
H 5.63476 -12.25205 -0.36036
H 3.89476 -11.79875 -0.09365
H 0.63801 -8.52733 -0.93979
H -0.06433 -7.83259 -2.42292
H 0.85397 -6.18775 -0.08373
H -0.3328 -5.63797 -1.32962
$end

$opt
CONSTRAINT
tors           1           2           3           4    -175.214
tors           3           4           5           6    -132.606
tors           4           5           6           7    -180.000
tors           5           6           7           8    +149.862
tors           6           7           8           9    -162.141
tors           7           8           9          10    +129.122
tors           8           9          10          11    +179.501
tors           9          10          11          12    -180.000
tors          11          12          13          14     +85.263
ENDCONSTRAINT
$end

$rem
JOBTYPE                   OPT
METHOD                    B3LYP
DFT_D                     d3_op
BASIS                     STO-3G
GEOM_OPT_MAX_CYCLES       100
GEOM_OPT_TOL_GRADIENT     300
GEOM_OPT_TOL_DISPLACEMENT 1200
GEOM_OPT_TOL_ENERGY       100
SYMMETRY                  False
THRESH                    12
SCF_CONVERGENCE           8
MAX_SUB_FILE_NUM          128
MEM_STATIC                400
MEM_TOTAL                 4000
$end
