$molecule
0  1
O -3.94934 -3.66094 2.70899
C -3.26408 -4.56952 2.26188
C -3.36658 -6.02376 2.66595
C -4.56164 -6.42602 3.54565
C -5.61643 -5.36655 3.7759
O -5.4723 -4.83192 5.02443
C -6.2703 -3.66162 5.23144
C -6.74381 -3.59774 6.67983
O -7.86837 -2.71093 6.78842
C -8.68963 -2.93719 7.84364
C -9.851 -1.97365 7.90252
C -11.20291 -2.6102 8.25669
C -11.14275 -4.00796 8.83923
O -10.18171 -4.76102 8.77704
O -2.2797 -4.26728 1.37478
O -12.30311 -4.48511 9.36404
O -8.23532 -3.4425 8.86722
C -12.45267 -5.74436 9.90636
C -9.71368 -0.92856 9.02682
C -10.55644 0.30046 8.69216
C -11.95198 -0.25997 8.87118
C -11.6191 -1.66012 9.40166
O -10.41623 -1.48331 10.10913
H -9.90089 -1.43635 6.92702
H -11.93507 -2.61883 7.41981
H -8.66003 -0.63276 9.2248
H -10.36767 1.04929 9.49479
H -10.35608 0.76697 7.70368
H -12.4748 0.3449 9.64506
H -12.56656 -0.3125 7.94643
H -12.47415 -2.05042 9.996
O -6.32003 -4.90536 2.88155
C -2.02338 -2.99783 0.90065
C -3.63032 -6.93389 1.44488
C -3.18312 -8.3628 1.7529
C -4.2657 -8.79558 2.71933
C -5.1664 -7.55655 2.69897
O -5.03032 -7.061 1.38992
H -2.38782 -6.29668 3.1206
H -4.21335 -6.79169 4.53905
H -1.75816 -2.32113 1.74089
H -3.13783 -6.57795 0.51364
H -3.29212 -8.9531 0.81481
H -2.14185 -8.46043 2.12847
H -4.80062 -9.66742 2.28105
H -3.91678 -9.04127 3.74568
H -6.19884 -7.81887 3.02014
H -2.9137 -2.60259 0.36622
H -1.17083 -3.03941 0.1922
H -13.497 -5.86645 10.25982
H -11.76536 -5.8723 10.76991
H -12.2413 -6.51983 9.1394
H -7.09248 -4.63246 6.91208
H -5.92532 -3.3336 7.38389
H -7.21591 -3.70873 4.64152
H -5.72129 -2.73723 4.95146
$end

$opt
CONSTRAINT
tors           1           2           3           4      +9.772
tors           3           4           5           6    -102.843
tors           4           5           6           7    +169.310
tors           5           6           7           8    +146.080
tors           6           7           8           9    -161.053
tors           7           8           9          10    +155.673
tors           8           9          10          11    -180.000
tors           9          10          11          12    +137.678
tors          11          12          13          14     -16.991
ENDCONSTRAINT
$end

$rem
JOBTYPE                   OPT
METHOD                    B3LYP
DFT_D                     d3_op
BASIS                     STO-3G
GEOM_OPT_MAX_CYCLES       100
GEOM_OPT_TOL_GRADIENT     300
GEOM_OPT_TOL_DISPLACEMENT 1200
GEOM_OPT_TOL_ENERGY       100
SYMMETRY                  False
THRESH                    12
SCF_CONVERGENCE           8
MAX_SUB_FILE_NUM          128
MEM_STATIC                400
MEM_TOTAL                 4000
$end
