$molecule
0  1
O -3.94934 -3.66094 2.70899
C -3.26408 -4.56952 2.26188
C -3.36658 -6.02376 2.66595
C -4.56164 -6.42602 3.54565
C -5.61643 -5.36655 3.7759
O -5.19676 -4.17396 3.25916
C -6.22939 -3.18338 3.21825
C -5.63896 -1.79825 3.46098
O -6.6944 -0.83562 3.61025
C -6.63402 -0.07303 4.73005
C -7.63753 1.05552 4.72816
C -8.85761 0.83837 5.63509
C -8.73089 -0.27215 6.65852
O -7.78719 -1.04337 6.75443
O -2.27828 -4.26442 1.37745
O -9.77635 -0.41287 7.51603
O -5.67391 -0.06145 5.49459
C -9.84356 -1.36643 8.5101
C -7.09825 2.38312 5.30608
C -7.91445 3.55329 4.75874
C -9.23021 3.34132 5.47942
C -8.85376 2.17439 6.40006
O -7.4838 2.3663 6.65831
H -7.93398 1.24278 3.67001
H -9.78947 0.64971 5.05817
H -6.01667 2.54523 5.10507
H -7.44212 4.48372 5.14851
H -7.98523 3.61823 3.65169
H -9.45887 4.2575 6.06784
H -10.09221 3.07894 4.82835
H -9.51779 2.1582 7.29219
O -6.68071 -5.57386 4.34731
C -2.0223 -2.99228 0.91022
C -3.63023 -6.91838 1.43546
C -3.20076 -8.35496 1.73095
C -4.29646 -8.78568 2.68152
C -5.17785 -7.53324 2.67257
O -5.03033 -7.02275 1.3715
H -2.38901 -6.3002 3.12037
H -4.25344 -6.80112 4.54628
H -1.75862 -2.31996 1.75456
H -3.12764 -6.55927 0.51078
H -3.30559 -8.93507 0.78609
H -2.16438 -8.46455 2.11669
H -4.84221 -9.64104 2.2243
H -3.95998 -9.05409 3.70634
H -6.2152 -7.79392 2.97844
H -2.91277 -2.59438 0.37794
H -1.16909 -3.02932 0.20235
H -10.80191 -1.25445 9.05738
H -9.00471 -1.23218 9.22613
H -9.80083 -2.3846 8.06752
H -4.97213 -1.87953 4.34824
H -5.01422 -1.49868 2.59237
H -6.97357 -3.31328 4.03723
H -6.7629 -3.21129 2.24357
$end

$opt
CONSTRAINT
tors           1           2           3           4      +9.772
tors           3           4           5           6      -7.195
tors           4           5           6           7    +169.310
tors           5           6           7           8    +146.080
tors           6           7           8           9    -171.766
tors           7           8           9          10    +127.170
tors           8           9          10          11    +171.107
tors           9          10          11          12    +104.460
tors          11          12          13          14      -4.903
ENDCONSTRAINT
$end

$rem
JOBTYPE                   OPT
METHOD                    B3LYP
DFT_D                     d3_op
BASIS                     STO-3G
GEOM_OPT_MAX_CYCLES       100
GEOM_OPT_TOL_GRADIENT     300
GEOM_OPT_TOL_DISPLACEMENT 1200
GEOM_OPT_TOL_ENERGY       100
SYMMETRY                  False
THRESH                    12
SCF_CONVERGENCE           8
MAX_SUB_FILE_NUM          128
MEM_STATIC                400
MEM_TOTAL                 4000
$end
