$molecule
0  1
O -3.94934 -3.66094 2.70899
C -3.26408 -4.56952 2.26188
C -3.36658 -6.02376 2.66595
C -3.9255 -6.3263 4.06592
C -4.48507 -5.15143 4.83707
O -3.68371 -4.8753 5.90804
C -4.00474 -3.63497 6.54661
C -4.49241 -3.88712 7.96954
O -4.85993 -2.64421 8.5884
C -6.04024 -2.65189 9.25618
C -6.37001 -1.31834 9.88352
C -7.81376 -1.17969 10.38815
C -8.59413 -2.47196 10.52142
O -9.35586 -2.92978 9.68194
O -2.40108 -4.29811 1.24796
O -8.3616 -3.21889 11.63716
O -6.7792 -3.6263 9.2397
C -8.95886 -4.43296 11.90487
C -5.56746 -0.98228 11.15002
C -5.52173 0.53377 11.33365
C -6.96319 0.81742 11.71271
C -7.51402 -0.61208 11.79363
O -6.40525 -1.37785 12.20729
H -6.17492 -0.55411 9.09617
H -8.4259 -0.48629 9.76988
H -4.54101 -1.40939 11.14744
H -4.87531 0.73331 12.21837
H -5.13852 1.11024 10.4643
H -6.97249 1.30181 12.7143
H -7.53453 1.43306 10.98464
H -8.4072 -0.64852 12.45587
O -5.51856 -4.56005 4.53863
C -2.20303 -3.04329 0.71106
C -4.39823 -6.7757 1.80127
C -4.09779 -8.2743 1.81577
C -4.52287 -8.63467 3.22474
C -5.07016 -7.2859 3.7039
O -5.59645 -6.70227 2.53639
H -2.35981 -6.47514 2.51247
H -3.14567 -6.81951 4.69129
H -1.8316 -2.34687 1.49301
H -4.4428 -6.40366 0.7539
H -4.80058 -8.75876 1.1005
H -3.05494 -8.5493 1.54798
H -5.34352 -9.3837 3.16347
H -3.71203 -9.01328 3.88403
H -5.78251 -7.4299 4.54629
H -3.15221 -2.65593 0.28277
H -1.44685 -3.10889 -0.09788
H -8.58762 -4.81375 12.87829
H -8.70366 -5.16827 11.11214
H -10.06154 -4.31153 11.96483
H -5.30556 -4.64209 7.90302
H -3.65817 -4.34465 8.54316
H -4.7834 -3.02756 6.0334
H -3.09512 -2.99809 6.57505
$end

$opt
CONSTRAINT
tors           1           2           3           4     -25.464
tors           3           4           5           6    -111.566
tors           4           5           6           7    +169.310
tors           5           6           7           8    +115.751
tors           6           7           8           9    -177.874
tors           7           8           9          10    +134.234
tors           8           9          10          11    -180.000
tors           9          10          11          12    +167.484
tors          11          12          13          14     -95.756
ENDCONSTRAINT
$end

$rem
JOBTYPE                   OPT
METHOD                    B3LYP
DFT_D                     d3_op
BASIS                     STO-3G
GEOM_OPT_MAX_CYCLES       100
GEOM_OPT_TOL_GRADIENT     300
GEOM_OPT_TOL_DISPLACEMENT 1200
GEOM_OPT_TOL_ENERGY       100
SYMMETRY                  False
THRESH                    12
SCF_CONVERGENCE           8
MAX_SUB_FILE_NUM          128
MEM_STATIC                400
MEM_TOTAL                 4000
$end
