$molecule
0  1
O -3.94934 -3.66094 2.70899
C -3.26408 -4.56952 2.26188
C -3.36658 -6.02376 2.66595
C -4.68167 -6.75177 2.34286
C -5.67984 -5.99616 1.49384
O -6.95114 -6.33963 1.85611
C -7.95009 -5.49586 1.27353
C -9.22187 -6.29421 1.00639
O -10.00179 -5.64634 -0.01089
C -10.24727 -6.38886 -1.11884
C -11.07041 -5.65344 -2.1495
C -10.26664 -5.0562 -3.31377
C -8.84986 -5.57064 -3.47114
O -7.88994 -4.90484 -3.83145
O -2.33601 -4.25446 1.3174
O -8.67595 -6.91844 -3.3891
O -10.11148 -7.60698 -1.16321
C -7.46907 -7.5653 -3.55506
C -12.06367 -6.55162 -2.92055
C -13.19474 -5.69842 -3.49464
C -12.45785 -4.95413 -4.58898
C -11.08177 -5.62287 -4.49475
O -11.36866 -6.93579 -4.07836
H -11.66859 -4.8831 -1.61036
H -10.23747 -3.94434 -3.3289
H -12.48346 -7.37548 -2.30289
H -13.92114 -6.39751 -3.9681
H -13.73071 -5.05708 -2.76235
H -12.94414 -5.18959 -5.56168
H -12.38837 -3.85312 -4.45295
H -10.53798 -5.529 -5.46123
O -5.37877 -5.37939 0.4775
C -2.12122 -2.98428 0.82448
C -2.35919 -6.9333 1.92651
C -2.1518 -8.23858 2.69855
C -3.44593 -8.95543 2.38856
C -4.13018 -7.91876 1.49686
O -3.06316 -7.34399 0.78356
H -3.14377 -6.04513 3.7558
H -5.19626 -7.15438 3.24573
H -1.81626 -2.30123 1.64586
H -1.37146 -6.45403 1.75264
H -1.31589 -8.80173 2.22551
H -1.93575 -8.09024 3.77855
H -3.21178 -9.85552 1.77672
H -4.05274 -9.25039 3.27169
H -4.91753 -8.40951 0.88185
H -3.04464 -2.60134 0.33963
H -1.30963 -3.0199 0.06916
H -7.62215 -8.65681 -3.43051
H -6.74173 -7.21667 -2.79078
H -7.06772 -7.37384 -4.57307
H -8.88548 -7.31277 0.71033
H -9.80348 -6.41078 1.945
H -7.64073 -5.16309 0.25619
H -8.14693 -4.58862 1.88403
$end

$opt
CONSTRAINT
tors           1           2           3           4     +64.251
tors           3           4           5           6    -147.250
tors           4           5           6           7    +169.310
tors           5           6           7           8    +147.239
tors           6           7           8           9    -157.541
tors           7           8           9          10    +120.760
tors           8           9          10          11    -180.000
tors           9          10          11          12    +100.172
tors          11          12          13          14    -144.030
ENDCONSTRAINT
$end

$rem
JOBTYPE                   OPT
METHOD                    B3LYP
DFT_D                     d3_op
BASIS                     STO-3G
GEOM_OPT_MAX_CYCLES       100
GEOM_OPT_TOL_GRADIENT     300
GEOM_OPT_TOL_DISPLACEMENT 1200
GEOM_OPT_TOL_ENERGY       100
SYMMETRY                  False
THRESH                    12
SCF_CONVERGENCE           8
MAX_SUB_FILE_NUM          128
MEM_STATIC                400
MEM_TOTAL                 4000
$end
