$molecule
0  1
O -3.94934 -3.66094 2.70899
C -3.26408 -4.56952 2.26188
C -3.36658 -6.02376 2.66595
C -4.1266 -6.96481 1.71692
C -4.54593 -6.38431 0.38453
O -5.43537 -7.22123 -0.22695
C -6.08941 -6.62359 -1.35137
C -6.85974 -7.68145 -2.13473
O -7.06567 -7.23722 -3.48496
C -6.09047 -6.44334 -3.99277
C -6.36458 -6.01019 -5.4133
C -7.8428 -5.74777 -5.73621
C -8.76501 -5.60624 -4.54198
O -9.92124 -5.99976 -4.48874
O -2.30267 -4.26088 1.34738
O -8.33419 -4.79344 -3.53598
O -4.90142 -6.67358 -3.78507
C -9.07371 -4.47383 -2.41647
C -5.73576 -4.65231 -5.78176
C -5.56702 -4.56213 -7.29781
C -7.01165 -4.42169 -7.73444
C -7.70473 -4.34689 -6.36893
O -6.75567 -3.71729 -5.54175
H -5.94898 -6.80452 -6.07572
H -8.29585 -6.4762 -6.44451
H -4.76607 -4.4609 -5.27271
H -5.03708 -3.60613 -7.51142
H -5.00934 -5.40187 -7.76549
H -7.12008 -3.45881 -8.28144
H -7.40674 -5.25792 -8.351
H -8.68655 -3.83087 -6.45961
O -4.31941 -5.24238 0.00458
C -2.05088 -2.98801 0.87959
C -1.99657 -6.72882 2.70892
C -2.0662 -7.96249 3.60936
C -2.87615 -8.90236 2.74015
C -3.05393 -8.04149 1.48635
O -1.86385 -7.29177 1.42541
H -3.82013 -6.03057 3.68301
H -5.04629 -7.35907 2.20639
H -1.75583 -2.32321 1.71933
H -1.17359 -6.05803 3.04034
H -1.0342 -8.37014 3.70277
H -2.48134 -7.7743 4.62284
H -2.24792 -9.78957 2.50189
H -3.8472 -9.23083 3.16986
H -3.27458 -8.68284 0.60458
H -2.9531 -2.57985 0.37587
H -1.21969 -3.0282 0.14618
H -8.47623 -3.80261 -1.76621
H -9.32293 -5.39513 -1.8478
H -10.00739 -3.94897 -2.71105
H -6.20206 -8.57532 -2.20913
H -7.80182 -7.99717 -1.63938
H -5.34134 -6.00005 -1.83923
H -6.8221 -5.86091 -1.00817
$end

$opt
CONSTRAINT
tors           1           2           3           4    +101.050
tors           3           4           5           6    -167.480
tors           4           5           6           7    +167.780
tors           5           6           7           8    +169.395
tors           6           7           8           9    -157.541
tors           7           8           9          10     +31.540
tors           8           9          10          11    -180.000
tors           9          10          11          12     +35.768
tors          11          12          13          14    -144.030
ENDCONSTRAINT
$end

$rem
JOBTYPE                   OPT
METHOD                    B3LYP
DFT_D                     d3_op
BASIS                     STO-3G
GEOM_OPT_MAX_CYCLES       100
GEOM_OPT_TOL_GRADIENT     300
GEOM_OPT_TOL_DISPLACEMENT 1200
GEOM_OPT_TOL_ENERGY       100
SYMMETRY                  False
THRESH                    12
SCF_CONVERGENCE           8
MAX_SUB_FILE_NUM          128
MEM_STATIC                400
MEM_TOTAL                 4000
$end
