$molecule
0  1
O -3.94934 -3.66094 2.70899
C -3.26408 -4.56952 2.26188
C -3.36658 -6.02376 2.66595
C -4.74113 -6.69756 2.52287
C -5.81663 -5.89435 1.82556
O -7.00206 -6.57143 1.86747
C -8.11812 -5.77934 1.44765
C -9.38103 -6.63321 1.40169
O -10.47147 -5.86585 0.86786
C -10.50054 -5.75586 -0.48351
C -11.66854 -4.93879 -0.98233
C -11.33195 -3.48673 -1.35177
C -9.85857 -3.17021 -1.51203
O -9.37662 -2.04808 -1.56762
O -2.38158 -4.26811 1.27111
O -9.04891 -4.16686 -1.96311
O -9.88853 -6.52423 -1.21893
C -7.71141 -4.02569 -2.27516
C -12.25243 -5.43204 -2.32714
C -13.69846 -4.95702 -2.46796
C -13.48788 -3.47228 -2.68279
C -11.95762 -3.4218 -2.75619
O -11.59749 -4.66553 -3.30616
H -12.48097 -5.01241 -0.22305
H -11.7585 -2.74689 -0.63947
H -12.20209 -6.53572 -2.45275
H -14.09195 -5.39949 -3.41141
H -14.37852 -5.22356 -1.63056
H -13.94323 -3.19085 -3.65816
H -13.87598 -2.81488 -1.87471
H -11.62396 -2.52469 -3.32383
O -5.68936 -4.80429 1.28317
C -2.18915 -3.00432 0.75312
C -2.51111 -6.98559 1.80996
C -2.24058 -8.28011 2.57922
C -3.5989 -8.94363 2.50683
C -4.36547 -7.91945 1.66799
O -3.38889 -7.40592 0.79366
H -3.01671 -6.05767 3.72196
H -5.1503 -6.97113 3.5219
H -1.84599 -2.31174 1.55114
H -1.54364 -6.55128 1.47801
H -1.52144 -8.88731 1.98404
H -1.83693 -8.13052 3.60373
H -3.49704 -9.89237 1.93382
H -4.08433 -9.14443 3.48636
H -5.24692 -8.39909 1.18842
H -3.1338 -2.62604 0.30698
H -1.41355 -3.05012 -0.03857
H -7.3098 -5.00647 -2.60244
H -7.14439 -3.68781 -1.3814
H -7.58449 -3.2934 -3.10068
H -9.22573 -7.57955 0.83594
H -9.62646 -6.92246 2.44539
H -7.93351 -5.41446 0.41277
H -8.27057 -4.90751 2.12311
$end

$opt
CONSTRAINT
tors           1           2           3           4     +55.983
tors           3           4           5           6    -175.172
tors           4           5           6           7    +169.310
tors           5           6           7           8    +174.969
tors           6           7           8           9    -174.929
tors           7           8           9          10     +80.223
tors           8           9          10          11    -180.000
tors           9          10          11          12    +100.172
tors          11          12          13          14    -166.328
ENDCONSTRAINT
$end

$rem
JOBTYPE                   OPT
METHOD                    B3LYP
DFT_D                     d3_op
BASIS                     STO-3G
GEOM_OPT_MAX_CYCLES       100
GEOM_OPT_TOL_GRADIENT     300
GEOM_OPT_TOL_DISPLACEMENT 1200
GEOM_OPT_TOL_ENERGY       100
SYMMETRY                  False
THRESH                    12
SCF_CONVERGENCE           8
MAX_SUB_FILE_NUM          128
MEM_STATIC                400
MEM_TOTAL                 4000
$end
