$molecule
0  1
O -3.94934 -3.66094 2.70899
C -3.26408 -4.56952 2.26188
C -3.36658 -6.02376 2.66595
C -4.72561 -6.51235 3.19336
C -5.87841 -5.53833 3.09118
O -6.64075 -5.60131 4.22268
C -7.74856 -4.69481 4.20648
C -9.00668 -5.41085 3.72631
O -10.06274 -4.45948 3.52014
C -10.15317 -3.95131 2.26606
C -11.30801 -2.99213 2.10175
C -11.13882 -1.64602 2.82123
C -9.73413 -1.31657 3.28491
O -9.45097 -0.63819 4.26173
O -2.1943 -4.24178 1.48884
O -8.73016 -1.57331 2.4
O -9.42305 -4.27672 1.33639
C -7.4264 -1.14268 2.54324
C -11.52741 -2.50858 0.6498
C -12.97001 -2.03329 0.47723
C -12.94072 -0.74875 1.27868
C -11.45492 -0.69357 1.65003
O -10.80779 -1.30659 0.56206
H -12.22321 -3.54075 2.41988
H -11.83312 -1.49127 3.67629
H -11.29086 -3.2795 -0.11553
H -13.10246 -1.77684 -0.59853
H -13.75292 -2.76256 0.77733
H -13.20768 0.09314 0.60185
H -13.5902 -0.73477 2.18064
H -11.14865 0.35399 1.86795
O -6.215 -4.9878 2.04671
C -1.89467 -2.96055 1.0751
C -3.23288 -6.94673 1.42755
C -2.80188 -8.34848 1.8602
C -4.08165 -8.85339 2.48736
C -5.00748 -7.66509 2.21356
O -4.55082 -7.15248 0.98898
H -2.51129 -6.23439 3.34582
H -4.65819 -6.89339 4.23829
H -1.71737 -2.30497 1.95433
H -2.52386 -6.5678 0.6599
H -2.60673 -8.93844 0.9359
H -1.90379 -8.38256 2.51374
H -4.42588 -9.74473 1.91675
H -4.0181 -9.0976 3.56982
H -6.07123 -7.99185 2.23935
H -2.72765 -2.55231 0.46355
H -0.9747 -2.98414 0.45579
H -6.82474 -1.5148 1.6888
H -6.98935 -1.5307 3.48732
H -7.3914 -0.03245 2.54927
H -8.78957 -5.9955 2.8037
H -9.31895 -6.15648 4.48744
H -7.5606 -3.81435 3.55618
H -7.91028 -4.27977 5.22356
$end

$opt
CONSTRAINT
tors           1           2           3           4     +26.509
tors           3           4           5           6    -139.562
tors           4           5           6           7    +179.417
tors           5           6           7           8     +95.698
tors           6           7           8           9    -171.409
tors           7           8           9          10     +91.601
tors           8           9          10          11    +178.163
tors           9          10          11          12     +70.676
tors          11          12          13          14    -149.762
ENDCONSTRAINT
$end

$rem
JOBTYPE                   OPT
METHOD                    B3LYP
DFT_D                     d3_op
BASIS                     STO-3G
GEOM_OPT_MAX_CYCLES       100
GEOM_OPT_TOL_GRADIENT     300
GEOM_OPT_TOL_DISPLACEMENT 1200
GEOM_OPT_TOL_ENERGY       100
SYMMETRY                  False
THRESH                    12
SCF_CONVERGENCE           8
MAX_SUB_FILE_NUM          128
MEM_STATIC                400
MEM_TOTAL                 4000
$end
