$molecule
0  1
O -3.94934 -3.66094 2.70899
C -3.26408 -4.56952 2.26188
C -3.36658 -6.02376 2.66595
C -4.77316 -6.57765 2.94627
C -5.93469 -5.66543 2.61948
O -7.00531 -5.97662 3.40837
C -8.10222 -5.07017 3.25223
C -9.10782 -5.6294 2.25115
O -10.08884 -4.62988 1.93263
C -9.72742 -3.74333 0.97214
C -10.91022 -3.0689 0.31885
C -12.28299 -3.5534 0.80774
C -12.28141 -4.35366 2.0947
O -13.1381 -5.1589 2.42971
O -2.41396 -4.27518 1.2413
O -11.76185 -3.65728 3.16495
O -8.57167 -3.51732 0.63783
C -11.85004 -4.04162 4.48875
C -11.02208 -1.55567 0.57607
C -11.82787 -0.90886 -0.55008
C -13.21648 -1.44344 -0.24989
C -12.94819 -2.18552 1.06536
O -11.90817 -1.44498 1.66246
H -10.79502 -3.25159 -0.77375
H -12.81251 -4.16392 0.04321
H -10.03622 -1.05488 0.69105
H -11.82174 0.18889 -0.36225
H -11.45736 -1.10418 -1.57941
H -13.89648 -0.57849 -0.0849
H -13.64146 -2.12295 -1.02018
H -13.88241 -2.28305 1.66132
O -6.02772 -5.0467 1.56417
C -2.23169 -3.01364 0.71402
C -2.89386 -7.00404 1.56972
C -2.54245 -8.36016 2.18629
C -3.9236 -8.90729 2.46862
C -4.78898 -7.75734 1.95244
O -4.0664 -7.2751 0.84563
H -2.72407 -6.11807 3.56923
H -4.89301 -6.9528 3.98886
H -1.85884 -2.3213 1.49888
H -2.02578 -6.63988 0.98016
H -2.06702 -8.99372 1.40379
H -1.86848 -8.28894 3.06708
H -4.08842 -9.79771 1.82105
H -4.12527 -9.17274 3.5288
H -5.81861 -8.12257 1.73981
H -3.18805 -2.63079 0.29792
H -1.48232 -3.06553 -0.10218
H -11.32667 -3.29406 5.11897
H -11.36593 -5.03167 4.6304
H -12.91351 -4.09316 4.80567
H -8.60082 -5.97891 1.32242
H -9.60451 -6.51498 2.70059
H -7.75256 -4.05918 2.9409
H -8.59848 -4.91059 4.23278
$end

$opt
CONSTRAINT
tors           1           2           3           4     +37.417
tors           3           4           5           6    -153.446
tors           4           5           6           7    +174.143
tors           5           6           7           8     +95.698
tors           6           7           8           9    -170.632
tors           7           8           9          10     +83.434
tors           8           9          10          11    +158.597
tors           9          10          11          12      -2.775
tors          11          12          13          14    -155.776
ENDCONSTRAINT
$end

$rem
JOBTYPE                   OPT
METHOD                    B3LYP
DFT_D                     d3_op
BASIS                     STO-3G
GEOM_OPT_MAX_CYCLES       100
GEOM_OPT_TOL_GRADIENT     300
GEOM_OPT_TOL_DISPLACEMENT 1200
GEOM_OPT_TOL_ENERGY       100
SYMMETRY                  False
THRESH                    12
SCF_CONVERGENCE           8
MAX_SUB_FILE_NUM          128
MEM_STATIC                400
MEM_TOTAL                 4000
$end
