$molecule
0  1
O -3.94934 -3.66094 2.70899
C -3.26408 -4.56952 2.26188
C -3.36658 -6.02376 2.66595
C -4.72561 -6.51235 3.19336
C -5.87841 -5.53833 3.09118
O -6.64075 -5.60131 4.22268
C -7.67624 -4.61356 4.25973
C -8.82782 -5.02484 3.34822
O -9.21498 -3.91788 2.51899
C -8.97177 -4.06922 1.19343
C -9.4517 -2.89799 0.36971
C -8.40137 -1.80459 0.12566
C -6.96539 -2.19064 0.41826
O -6.06446 -1.41207 0.69523
O -2.16555 -4.2405 1.52926
O -6.60011 -3.38718 -0.1204
O -8.68747 -5.14143 0.67073
C -5.33544 -3.70429 -0.56626
C -9.8199 -3.24968 -1.09319
C -10.79416 -2.20787 -1.64383
C -9.87861 -1.00777 -1.77544
C -8.53675 -1.64771 -1.40176
O -8.6596 -2.9796 -1.83693
H -10.38194 -2.5173 0.8505
H -8.61379 -0.8602 0.67333
H -10.25092 -4.26801 -1.20898
H -11.08388 -2.54634 -2.66476
H -11.71379 -2.03953 -1.04323
H -9.88141 -0.67915 -2.8384
H -10.11821 -0.15107 -1.10886
H -7.69194 -1.07003 -1.83854
O -6.19414 -4.94907 2.06847
C -1.793 -2.95185 1.20498
C -3.23263 -6.9398 1.4236
C -2.80588 -8.34474 1.84935
C -4.08879 -8.85034 2.46928
C -5.00989 -7.65666 2.20356
O -4.55066 -7.13786 0.98252
H -2.51363 -6.23461 3.3487
H -4.66248 -6.90447 4.23439
H -1.60181 -2.36576 2.12911
H -2.52195 -6.55703 0.65925
H -2.60813 -8.9305 0.92297
H -1.9105 -8.38259 2.50638
H -4.43567 -9.73455 1.88921
H -4.02836 -9.10567 3.54933
H -6.07459 -7.98083 2.2253
H -2.5842 -2.45544 0.60581
H -0.861 -2.98401 0.60445
H -5.32718 -4.75329 -0.92655
H -4.60458 -3.59692 0.24691
H -5.05081 -3.03285 -1.40386
H -8.543 -5.94191 2.78732
H -9.69726 -5.35333 3.95689
H -7.26598 -3.60999 3.9972
H -8.0627 -4.52336 5.29724
$end

$opt
CONSTRAINT
tors           1           2           3           4     +26.509
tors           3           4           5           6    -139.562
tors           4           5           6           7    +174.143
tors           5           6           7           8     +76.818
tors           6           7           8           9    -132.338
tors           7           8           9          10    +113.049
tors           8           9          10          11    +177.641
tors           9          10          11          12     +92.355
tors          11          12          13          14    -155.776
ENDCONSTRAINT
$end

$rem
JOBTYPE                   OPT
METHOD                    B3LYP
DFT_D                     d3_op
BASIS                     STO-3G
GEOM_OPT_MAX_CYCLES       100
GEOM_OPT_TOL_GRADIENT     300
GEOM_OPT_TOL_DISPLACEMENT 1200
GEOM_OPT_TOL_ENERGY       100
SYMMETRY                  False
THRESH                    12
SCF_CONVERGENCE           8
MAX_SUB_FILE_NUM          128
MEM_STATIC                400
MEM_TOTAL                 4000
$end
