$molecule
0  1
O -3.94934 -3.66094 2.70899
C -3.26408 -4.56952 2.26188
C -3.36658 -6.02376 2.66595
C -4.72561 -6.51235 3.19336
C -5.87841 -5.53833 3.09118
O -6.64075 -5.60131 4.22268
C -7.75441 -4.70208 4.20214
C -8.99314 -5.4117 3.66537
O -9.70166 -4.54564 2.76492
C -9.99963 -5.0805 1.55484
C -10.76872 -4.13247 0.6658
C -9.90141 -3.16206 -0.14927
C -8.42795 -3.50581 -0.2356
O -7.55087 -2.76546 -0.65655
O -2.19556 -4.24194 1.48703
O -8.13429 -4.83623 -0.29371
O -9.91003 -6.27624 1.29647
C -6.99814 -5.37724 -0.86597
C -11.537 -4.82702 -0.48715
C -12.6871 -3.93346 -0.95181
C -11.92087 -2.82337 -1.64071
C -10.49616 -3.38117 -1.55116
O -10.66757 -4.77624 -1.58967
H -11.53042 -3.62755 1.30274
H -9.9778 -2.11125 0.20628
H -11.92922 -5.83206 -0.2185
H -13.24838 -4.5082 -1.7235
H -13.39408 -3.60235 -0.16104
H -12.26199 -2.76495 -2.69811
H -11.994 -1.82451 -1.1583
H -9.85585 -2.94823 -2.35169
O -6.20831 -4.96983 2.05823
C -1.89849 -2.96132 1.0697
C -3.23414 -6.94444 1.42565
C -2.80643 -8.34815 1.85515
C -4.08825 -8.85242 2.47843
C -5.01038 -7.66062 2.2087
O -4.55212 -7.14561 0.9859
H -2.5109 -6.23546 3.34493
H -4.66011 -6.89844 4.23652
H -1.72154 -2.3031 1.94701
H -2.52394 -6.56553 0.65912
H -2.61033 -8.93638 0.92996
H -1.90981 -8.38477 2.51054
H -4.43471 -9.73967 1.90281
H -4.02666 -9.10245 3.55966
H -6.0751 -7.98475 2.23228
H -2.73274 -2.5563 0.4577
H -0.97904 -2.985 0.44962
H -7.01083 -6.47802 -0.72969
H -6.08016 -4.96335 -0.4015
H -6.98224 -5.15263 -1.95357
H -8.65671 -6.35796 3.18554
H -9.64187 -5.71511 4.51451
H -7.53749 -3.79222 3.59357
H -7.94884 -4.29432 5.21672
$end

$opt
CONSTRAINT
tors           1           2           3           4     +26.509
tors           3           4           5           6    -139.562
tors           4           5           6           7    +179.865
tors           5           6           7           8     +93.165
tors           6           7           8           9    -137.830
tors           7           8           9          10    +128.593
tors           8           9          10          11    +178.790
tors           9          10          11          12     +85.609
tors          11          12          13          14    -168.231
ENDCONSTRAINT
$end

$rem
JOBTYPE                   OPT
METHOD                    B3LYP
DFT_D                     d3_op
BASIS                     STO-3G
GEOM_OPT_MAX_CYCLES       100
GEOM_OPT_TOL_GRADIENT     300
GEOM_OPT_TOL_DISPLACEMENT 1200
GEOM_OPT_TOL_ENERGY       100
SYMMETRY                  False
THRESH                    12
SCF_CONVERGENCE           8
MAX_SUB_FILE_NUM          128
MEM_STATIC                400
MEM_TOTAL                 4000
$end
