$molecule
0  1
O -3.94934 -3.66094 2.70899
C -3.26408 -4.56952 2.26188
C -3.36658 -6.02376 2.66595
C -4.77087 -6.57154 2.96885
C -5.93343 -5.65362 2.66232
O -7.06672 -6.12399 3.26218
C -8.18334 -5.2381 3.12942
C -8.77131 -5.3402 1.72586
O -8.97481 -4.02584 1.18369
C -8.1899 -3.7035 0.12579
C -8.45642 -2.31421 -0.40287
C -7.7395 -1.1856 0.35247
C -6.61047 -1.61592 1.26725
O -6.07233 -0.91116 2.10885
O -2.02674 -4.27312 1.76853
O -5.78837 -2.5119 0.6692
O -7.53038 -4.51515 -0.51361
C -4.50057 -2.1964 0.29058
C -7.95735 -2.03617 -1.84191
C -8.7731 -0.89715 -2.4551
C -8.26464 0.28168 -1.64773
C -7.15595 -0.40103 -0.83784
O -6.70202 -1.42888 -1.68516
H -9.56389 -2.19382 -0.42321
H -8.43997 -0.58336 0.97167
H -7.99238 -2.92751 -2.50516
H -8.42387 -0.78362 -3.50678
H -9.87604 -1.03245 -2.45339
H -7.84266 1.03285 -2.3516
H -9.01437 0.76006 -0.98083
H -6.39189 0.33954 -0.51388
O -5.95994 -4.94228 1.67165
C -1.44537 -3.03142 1.62558
C -2.97395 -6.9619 1.49707
C -2.56317 -8.33151 2.03803
C -3.90931 -8.88776 2.44537
C -4.82658 -7.75259 1.98363
O -4.18611 -7.23976 0.84365
H -2.65142 -6.17653 3.50526
H -4.87009 -6.90845 4.02566
H -1.48039 -2.473 2.585
H -2.1605 -6.56381 0.85285
H -2.18084 -8.92965 1.17986
H -1.79426 -8.30629 2.83988
H -4.10724 -9.80469 1.84649
H -4.02571 -9.10948 3.5283
H -5.86137 -8.1324 1.831
H -1.91268 -2.45877 0.80888
H -0.38315 -3.1715 1.33897
H -4.50138 -1.4138 -0.49406
H -4.01124 -3.10186 -0.12218
H -3.94036 -1.78974 1.15373
H -8.14206 -6.00741 1.09719
H -9.74418 -5.87539 1.76317
H -7.87965 -4.195 3.38278
H -8.96749 -5.51906 3.86436
$end

$opt
CONSTRAINT
tors           1           2           3           4     +36.432
tors           3           4           5           6    -165.660
tors           4           5           6           7    +174.143
tors           5           6           7           8     +76.818
tors           6           7           8           9    -132.338
tors           7           8           9          10    +113.049
tors           8           9          10          11    +179.677
tors           9          10          11          12     +82.914
tors          11          12          13          14    -167.185
ENDCONSTRAINT
$end

$rem
JOBTYPE                   OPT
METHOD                    B3LYP
DFT_D                     d3_op
BASIS                     STO-3G
GEOM_OPT_MAX_CYCLES       100
GEOM_OPT_TOL_GRADIENT     300
GEOM_OPT_TOL_DISPLACEMENT 1200
GEOM_OPT_TOL_ENERGY       100
SYMMETRY                  False
THRESH                    12
SCF_CONVERGENCE           8
MAX_SUB_FILE_NUM          128
MEM_STATIC                400
MEM_TOTAL                 4000
$end
