$molecule
0  1
O -3.94934 -3.66094 2.70899
C -3.26408 -4.56952 2.26188
C -3.36658 -6.02376 2.66595
C -4.31396 -6.36509 3.82776
C -5.18675 -5.24038 4.33898
O -5.36133 -5.36491 5.68784
C -5.89656 -4.18553 6.29765
C -7.39249 -4.08233 6.01898
O -7.66495 -2.90828 5.2378
C -8.10784 -3.1369 3.97656
C -8.40429 -1.86543 3.21754
C -7.16594 -1.09299 2.73991
C -5.85816 -1.85822 2.76851
O -4.77112 -1.3926 3.07852
O -2.38646 -4.29223 1.26245
O -5.74563 -2.72168 1.69925
O -8.54105 -4.21885 3.59741
C -6.5151 -3.6594 1.03141
C -9.26302 -1.85727 1.92809
C -9.96174 -0.50052 1.79606
C -8.77658 0.39927 1.46933
C -7.65907 -0.64762 1.34322
O -8.34964 -1.77209 0.86465
H -8.98169 -1.26325 3.95719
H -6.98135 -0.2071 3.3882
H -10.00017 -2.68727 1.8838
H -10.61744 -0.56256 0.89776
H -10.57526 -0.18 2.6654
H -8.97186 0.89182 0.49108
H -8.53567 1.16531 2.23772
H -6.82528 -0.27279 0.71101
O -5.9661 -4.65238 3.62544
C -2.19601 -3.03667 0.7244
C -3.95892 -6.89602 1.54548
C -3.55606 -8.35623 1.752
C -4.43518 -8.72704 2.92889
C -5.20095 -7.41606 3.13026
O -5.33694 -6.91334 1.82389
H -2.3271 -6.34325 2.9042
H -3.773 -6.82074 4.68917
H -1.84942 -2.33183 1.51017
H -3.66855 -6.5559 0.52736
H -3.89486 -8.93398 0.86252
H -2.46639 -8.51393 1.90285
H -5.14209 -9.52206 2.60174
H -3.8954 -9.05587 3.843
H -6.14837 -7.60314 3.68296
H -3.14286 -2.6645 0.27757
H -1.4246 -3.09458 -0.07054
H -5.96021 -4.61395 0.99536
H -7.4791 -3.86823 1.5069
H -6.6566 -3.33965 -0.02141
H -7.80843 -5.0475 5.65115
H -7.91568 -3.90886 6.9844
H -5.31865 -3.25895 6.07924
H -5.79335 -4.36264 7.39006
$end

$opt
CONSTRAINT
tors           1           2           3           4      -6.214
tors           3           4           5           6    -145.502
tors           4           5           6           7    +165.897
tors           5           6           7           8     +76.818
tors           6           7           8           9    -116.606
tors           7           8           9          10    +113.049
tors           8           9          10          11    +178.760
tors           9          10          11          12     +74.505
tors          11          12          13          14    -141.889
ENDCONSTRAINT
$end

$rem
JOBTYPE                   OPT
METHOD                    B3LYP
DFT_D                     d3_op
BASIS                     STO-3G
GEOM_OPT_MAX_CYCLES       100
GEOM_OPT_TOL_GRADIENT     300
GEOM_OPT_TOL_DISPLACEMENT 1200
GEOM_OPT_TOL_ENERGY       100
SYMMETRY                  False
THRESH                    12
SCF_CONVERGENCE           8
MAX_SUB_FILE_NUM          128
MEM_STATIC                400
MEM_TOTAL                 4000
$end
