$molecule
0  1
O -3.94934 -3.66094 2.70899
C -3.26408 -4.56952 2.26188
C -3.36658 -6.02376 2.66595
C -4.72561 -6.51235 3.19336
C -5.87841 -5.53833 3.09118
O -6.45235 -5.36824 4.31881
C -7.54953 -4.44885 4.30498
C -8.8233 -5.15729 3.85582
O -9.49169 -4.3742 2.85436
C -9.53631 -4.92602 1.61636
C -10.28114 -4.07205 0.61805
C -9.5393 -2.80439 0.16973
C -8.059 -2.7566 0.49088
O -7.39257 -1.73893 0.61239
O -2.20142 -4.24333 1.47879
O -7.37818 -3.8581 0.0697
O -9.1136 -6.04157 1.33477
C -6.08573 -3.83141 -0.4275
C -10.53054 -4.73974 -0.7563
C -11.73124 -4.08055 -1.43559
C -11.1487 -2.7263 -1.78763
C -9.69237 -2.9365 -1.35807
O -9.46892 -4.30949 -1.56965
H -11.27668 -3.8575 1.06884
H -9.99541 -1.87284 0.57132
H -10.68785 -5.83849 -0.69494
H -11.91606 -4.64278 -2.37926
H -12.669 -4.05341 -0.84005
H -11.22291 -2.58788 -2.88908
H -11.6055 -1.86042 -1.26106
H -9.01651 -2.24334 -1.90643
O -6.28954 -5.06122 2.0523
C -1.91162 -2.96405 1.0524
C -3.24344 -6.95251 1.42889
C -2.79961 -8.34935 1.86401
C -4.06617 -8.85574 2.51807
C -5.00748 -7.6809 2.23749
O -4.56502 -7.1744 1.00474
H -2.50752 -6.23806 3.34006
H -4.63859 -6.86033 4.24848
H -1.73207 -2.30009 1.92483
H -2.54592 -6.57364 0.65078
H -2.62131 -8.94209 0.93801
H -1.88848 -8.38104 2.4993
H -4.40662 -9.76338 1.9716
H -3.98592 -9.07443 3.60492
H -6.06877 -8.01372 2.27795
H -2.75095 -2.56565 0.44296
H -0.99581 -2.98788 0.427
H -5.76955 -4.86441 -0.68006
H -5.3826 -3.40932 0.32095
H -6.04932 -3.21379 -1.35001
H -8.56669 -6.19029 3.53243
H -9.5025 -5.3106 4.72161
H -7.31944 -3.54612 3.69124
H -7.71084 -4.06221 5.33377
$end

$opt
CONSTRAINT
tors           1           2           3           4     +26.509
tors           3           4           5           6    -125.489
tors           4           5           6           7    +179.574
tors           5           6           7           8     +82.867
tors           6           7           8           9    -132.491
tors           7           8           9          10    +113.526
tors           8           9          10          11    +178.544
tors           9          10          11          12     +72.617
tors          11          12          13          14    -155.776
ENDCONSTRAINT
$end

$rem
JOBTYPE                   OPT
METHOD                    B3LYP
DFT_D                     d3_op
BASIS                     STO-3G
GEOM_OPT_MAX_CYCLES       100
GEOM_OPT_TOL_GRADIENT     300
GEOM_OPT_TOL_DISPLACEMENT 1200
GEOM_OPT_TOL_ENERGY       100
SYMMETRY                  False
THRESH                    12
SCF_CONVERGENCE           8
MAX_SUB_FILE_NUM          128
MEM_STATIC                400
MEM_TOTAL                 4000
$end
