$molecule
0  1
O -3.94934 -3.66094 2.70899
C -3.26408 -4.56952 2.26188
C -3.36658 -6.02376 2.66595
C -4.77665 -6.62953 2.7587
C -5.9158 -5.76512 2.26552
O -6.89697 -5.70518 3.21373
C -7.97332 -4.83186 2.8559
C -8.87727 -5.50531 1.82854
O -9.64817 -4.51449 1.13078
C -9.59584 -4.58166 -0.22269
C -10.47 -3.55133 -0.89715
C -9.71585 -2.3565 -1.49876
C -8.21891 -2.53188 -1.65726
O -7.40512 -1.62456 -1.75262
O -2.43736 -4.28031 1.22063
O -7.78334 -3.76192 -2.045
O -9.22316 -5.58285 -0.82638
C -6.47317 -4.08048 -2.33954
C -11.21486 -4.07538 -2.14486
C -12.44396 -3.20828 -2.41679
C -11.78672 -1.93181 -2.89968
C -10.31821 -2.37058 -2.91813
O -10.37581 -3.74345 -3.22113
H -11.23793 -3.22624 -0.15768
H -9.89648 -1.39283 -0.9736
H -11.51217 -5.14381 -2.06399
H -12.98708 -3.6728 -3.27105
H -13.14381 -3.08787 -1.56207
H -12.14714 -1.72046 -3.93095
H -11.94012 -1.0421 -2.25123
H -9.73488 -1.74181 -3.62731
O -5.94993 -5.229 1.16233
C -2.27948 -3.02457 0.67208
C -2.70374 -7.00425 1.6755
C -2.39854 -8.33448 2.36901
C -3.78572 -8.93179 2.45708
C -4.60954 -7.82439 1.79919
O -3.75062 -7.33319 0.79716
H -2.86603 -6.07614 3.6583
H -5.01113 -6.99335 3.78627
H -1.89935 -2.31679 1.43942
H -1.77306 -6.61337 1.21142
H -1.78815 -8.9637 1.68267
H -1.86747 -8.21824 3.33834
H -3.82163 -9.83484 1.80701
H -4.12892 -9.19458 3.48091
H -5.58494 -8.23082 1.45002
H -3.24825 -2.65875 0.26913
H -1.54594 -3.08014 -0.15813
H -6.41363 -5.15328 -2.61496
H -5.82846 -3.90261 -1.45232
H -6.11267 -3.47097 -3.19543
H -8.24861 -6.11317 1.14566
H -9.54268 -6.2264 2.34921
H -7.56035 -3.87576 2.45625
H -8.57688 -4.56142 3.74797
$end

$opt
CONSTRAINT
tors           1           2           3           4     +45.579
tors           3           4           5           6    -129.190
tors           4           5           6           7    +176.125
tors           5           6           7           8     +76.818
tors           6           7           8           9    -159.829
tors           7           8           9          10    +128.187
tors           8           9          10          11    +177.641
tors           9          10          11          12    +104.362
tors          11          12          13          14    -158.475
ENDCONSTRAINT
$end

$rem
JOBTYPE                   OPT
METHOD                    B3LYP
DFT_D                     d3_op
BASIS                     STO-3G
GEOM_OPT_MAX_CYCLES       100
GEOM_OPT_TOL_GRADIENT     300
GEOM_OPT_TOL_DISPLACEMENT 1200
GEOM_OPT_TOL_ENERGY       100
SYMMETRY                  False
THRESH                    12
SCF_CONVERGENCE           8
MAX_SUB_FILE_NUM          128
MEM_STATIC                400
MEM_TOTAL                 4000
$end
