$molecule
0  1
O -3.94934 -3.66094 2.70899
C -3.26408 -4.56952 2.26188
C -3.36658 -6.02376 2.66595
C -4.72561 -6.51235 3.19336
C -5.87841 -5.53833 3.09118
O -6.64075 -5.60131 4.22268
C -7.72703 -4.66896 4.22243
C -8.85177 -5.17261 3.32386
O -9.25413 -4.13539 2.41547
C -9.20338 -4.46048 1.09984
C -9.64561 -3.33299 0.1977
C -8.51519 -2.41972 -0.29865
C -7.10841 -2.95649 -0.1268
O -6.10578 -2.27691 0.03894
O -2.20274 -4.24254 1.47729
O -6.91529 -4.239 -0.54564
O -9.09708 -5.61044 0.68785
C -5.69554 -4.76765 -0.92122
C -10.2341 -3.79872 -1.15657
C -11.14084 -2.70818 -1.72756
C -10.11442 -1.66444 -2.1169
C -8.82121 -2.42783 -1.80969
O -9.15193 -3.77332 -2.05066
H -10.4575 -2.78468 0.72823
H -8.54509 -1.39414 0.13065
H -10.79292 -4.75767 -1.08996
H -11.59652 -3.12111 -2.65632
H -11.94949 -2.35068 -1.05446
H -10.21037 -1.46784 -3.20781
H -10.16719 -0.70996 -1.5496
H -7.97631 -2.02126 -2.4091
O -6.20292 -4.95159 2.06908
C -1.92007 -2.96427 1.04332
C -3.23212 -6.9486 1.42881
C -2.80228 -8.34996 1.86375
C -4.08383 -8.85388 2.48849
C -5.00797 -7.66461 2.21337
O -4.54929 -7.15505 0.98939
H -2.51115 -6.23365 3.34576
H -4.66075 -6.89732 4.23698
H -1.74426 -2.294 1.91168
H -2.52276 -6.57078 0.66102
H -2.60502 -8.94123 0.94075
H -1.90578 -8.38298 2.5195
H -4.42837 -9.74412 1.91635
H -4.02232 -9.09957 3.57072
H -6.07222 -7.98987 2.23765
H -2.76207 -2.57472 0.43158
H -1.00426 -2.9867 0.41789
H -5.8287 -5.83574 -1.18838
H -4.95675 -4.6868 -0.09908
H -5.30712 -4.22432 -1.80863
H -8.55028 -6.13058 2.84426
H -9.72427 -5.44052 3.95808
H -7.37999 -3.64492 3.94967
H -8.12031 -4.58959 5.25864
$end

$opt
CONSTRAINT
tors           1           2           3           4     +26.509
tors           3           4           5           6    -139.562
tors           4           5           6           7    +177.796
tors           5           6           7           8     +76.818
tors           6           7           8           9    -129.856
tors           7           8           9          10    +124.159
tors           8           9          10          11    +179.655
tors           9          10          11          12     +92.355
tors          11          12          13          14    -150.420
ENDCONSTRAINT
$end

$rem
JOBTYPE                   OPT
METHOD                    B3LYP
DFT_D                     d3_op
BASIS                     STO-3G
GEOM_OPT_MAX_CYCLES       100
GEOM_OPT_TOL_GRADIENT     300
GEOM_OPT_TOL_DISPLACEMENT 1200
GEOM_OPT_TOL_ENERGY       100
SYMMETRY                  False
THRESH                    12
SCF_CONVERGENCE           8
MAX_SUB_FILE_NUM          128
MEM_STATIC                400
MEM_TOTAL                 4000
$end
