$molecule
0  1
O -3.94934 -3.66094 2.70899
C -3.26408 -4.56952 2.26188
C -3.36658 -6.02376 2.66595
C -4.72561 -6.51235 3.19336
C -5.87841 -5.53833 3.09118
O -6.6013 -5.55176 4.24992
C -7.68421 -4.61551 4.24893
C -8.84085 -5.15054 3.41104
O -9.2714 -4.14954 2.47535
C -9.01169 -4.41952 1.17197
C -9.49506 -3.33497 0.23882
C -8.45401 -2.25633 -0.09441
C -7.01729 -2.59671 0.24717
O -6.13596 -1.78589 0.49294
O -2.18098 -4.24058 1.50734
O -6.61999 -3.8082 -0.23286
O -8.6997 -5.52975 0.75553
C -5.34528 -4.10904 -0.66488
C -9.84576 -3.82164 -1.18931
C -10.82799 -2.84605 -1.83843
C -9.92655 -1.64977 -2.06856
C -8.57965 -2.23651 -1.63077
O -8.68328 -3.60336 -1.94667
H -10.43414 -2.92268 0.67429
H -8.68298 -1.27063 0.36706
H -10.26257 -4.85202 -1.21617
H -11.10331 -3.278 -2.82758
H -11.75573 -2.63735 -1.26352
H -9.92552 -1.41526 -3.15614
H -10.18204 -0.74146 -1.48086
H -7.73814 -1.6892 -2.11077
O -6.20955 -4.965 2.06808
C -1.84946 -2.95466 1.13301
C -3.2354 -6.94264 1.42452
C -2.80554 -8.3461 1.85208
C -4.08541 -8.85163 2.47872
C -5.01003 -7.66124 2.21016
O -4.55411 -7.14535 0.98692
H -2.51158 -6.23572 3.34574
H -4.65821 -6.89724 4.23687
H -1.66549 -2.32954 2.03273
H -2.52747 -6.56117 0.65705
H -2.6118 -8.93324 0.92571
H -1.90699 -8.38294 2.50481
H -4.43147 -9.74029 1.90505
H -4.02108 -9.10004 3.56017
H -6.07424 -7.98665 2.23562
H -2.66487 -2.5067 0.52657
H -0.92426 -2.98137 0.52178
H -5.30701 -5.17245 -0.97712
H -4.61398 -3.94177 0.14031
H -5.08118 -3.4701 -1.53404
H -8.54952 -6.12112 2.95173
H -9.6956 -5.41858 4.0684
H -7.34278 -3.60573 3.92114
H -8.04414 -4.49045 5.29246
$end

$opt
CONSTRAINT
tors           1           2           3           4     +26.509
tors           3           4           5           6    -136.487
tors           4           5           6           7    +177.796
tors           5           6           7           8     +76.818
tors           6           7           8           9    -129.856
tors           7           8           9          10    +111.138
tors           8           9          10          11    +179.655
tors           9          10          11          12     +92.355
tors          11          12          13          14    -153.841
ENDCONSTRAINT
$end

$rem
JOBTYPE                   OPT
METHOD                    B3LYP
DFT_D                     d3_op
BASIS                     STO-3G
GEOM_OPT_MAX_CYCLES       100
GEOM_OPT_TOL_GRADIENT     300
GEOM_OPT_TOL_DISPLACEMENT 1200
GEOM_OPT_TOL_ENERGY       100
SYMMETRY                  False
THRESH                    12
SCF_CONVERGENCE           8
MAX_SUB_FILE_NUM          128
MEM_STATIC                400
MEM_TOTAL                 4000
$end
