$molecule
0  1
O -3.94934 -3.66094 2.70899
C -3.26408 -4.56952 2.26188
C -3.36658 -6.02376 2.66595
C -4.72561 -6.51235 3.19336
C -5.87841 -5.53833 3.09118
O -6.591 -5.53889 4.25636
C -7.69969 -4.63349 4.23883
C -8.8478 -5.22406 3.42691
O -9.61887 -4.16918 2.83062
C -9.75402 -4.23588 1.48287
C -10.60436 -3.12151 0.92096
C -9.82321 -1.8874 0.44657
C -8.33038 -2.07847 0.26863
O -7.48313 -1.20774 0.40489
O -2.19844 -4.24198 1.48316
O -7.93397 -3.227 -0.34748
O -9.50077 -5.23809 0.82265
C -6.65311 -3.47418 -0.79908
C -11.34816 -3.49554 -0.38377
C -12.56151 -2.58386 -0.56757
C -11.88015 -1.27444 -0.90522
C -10.42006 -1.73634 -0.96729
O -10.49987 -3.06645 -1.41644
H -11.38397 -2.88372 1.68052
H -9.98599 -0.97656 1.06372
H -11.66758 -4.55995 -0.42149
H -13.10409 -2.94453 -1.47101
H -13.26789 -2.54441 0.28933
H -12.23302 -0.94356 -1.90725
H -12.01933 -0.45948 -0.1622
H -9.82152 -1.04582 -1.60262
O -6.21503 -4.97317 2.05621
C -1.90688 -2.96198 1.06002
C -3.23597 -6.94528 1.42579
C -2.80564 -8.34809 1.85556
C -4.08485 -8.8528 2.48396
C -5.0101 -7.66344 2.21308
O -4.5548 -7.14918 0.9887
H -2.51012 -6.23609 3.34378
H -4.65648 -6.89382 4.23804
H -1.72989 -2.29966 1.93424
H -2.52776 -6.56633 0.65742
H -2.61268 -8.93671 0.92994
H -1.90648 -8.38422 2.5075
H -4.4306 -9.74322 1.91284
H -4.0199 -9.09825 3.56606
H -6.07417 -7.98919 2.23991
H -2.74438 -2.56232 0.44875
H -0.98908 -2.9849 0.4375
H -6.6105 -4.49403 -1.23318
H -5.926 -3.40601 0.03668
H -6.37904 -2.73878 -1.58518
H -8.4277 -5.92614 2.67733
H -9.47923 -5.85753 4.08545
H -7.36826 -3.65922 3.80722
H -8.05273 -4.40583 5.26679
$end

$opt
CONSTRAINT
tors           1           2           3           4     +26.509
tors           3           4           5           6    -135.697
tors           4           5           6           7    +179.738
tors           5           6           7           8     +76.818
tors           6           7           8           9    -150.476
tors           7           8           9          10    +124.159
tors           8           9          10          11    +178.465
tors           9          10          11          12     +93.608
tors          11          12          13          14    -150.420
ENDCONSTRAINT
$end

$rem
JOBTYPE                   OPT
METHOD                    B3LYP
DFT_D                     d3_op
BASIS                     STO-3G
GEOM_OPT_MAX_CYCLES       100
GEOM_OPT_TOL_GRADIENT     300
GEOM_OPT_TOL_DISPLACEMENT 1200
GEOM_OPT_TOL_ENERGY       100
SYMMETRY                  False
THRESH                    12
SCF_CONVERGENCE           8
MAX_SUB_FILE_NUM          128
MEM_STATIC                400
MEM_TOTAL                 4000
$end
