$molecule
0  1
O -3.94934 -3.66094 2.70899
C -3.26408 -4.56952 2.26188
C -3.36658 -6.02376 2.66595
C -4.77583 -6.58685 2.91251
C -5.93515 -5.68318 2.5555
O -6.90998 -5.78116 3.50709
C -8.01438 -4.90052 3.27464
C -8.77558 -5.33057 2.02493
O -8.96529 -4.20334 1.1553
C -8.62704 -4.40464 -0.14247
C -8.85677 -3.18719 -1.00601
C -7.74889 -2.12603 -0.93674
C -6.44043 -2.57619 -0.31868
O -5.65768 -1.85745 0.2857
O -2.13979 -4.22621 1.57467
O -5.96278 -3.73219 -0.85864
O -8.35711 -5.50085 -0.62012
C -4.63464 -4.05427 -1.01497
C -8.86502 -3.46888 -2.52937
C -9.64792 -2.37097 -3.25019
C -8.69608 -1.20158 -3.10048
C -7.5035 -1.90518 -2.44292
O -7.55232 -3.21334 -2.95716
H -9.86601 -2.79461 -0.74532
H -8.06291 -1.19335 -0.4185
H -9.28205 -4.46471 -2.79462
H -9.68972 -2.65844 -4.32556
H -10.68113 -2.19196 -2.88246
H -8.43076 -0.83272 -4.11608
H -9.06789 -0.36259 -2.47316
H -6.56233 -1.34309 -2.6338
O -6.04018 -5.08618 1.49468
C -1.76396 -2.9316 1.27721
C -2.91058 -6.96145 1.51965
C -2.5252 -8.3315 2.0799
C -3.89004 -8.89753 2.39811
C -4.78191 -7.75483 1.90832
O -4.08703 -7.23471 0.80432
H -2.68154 -6.16077 3.53181
H -4.91104 -6.97288 3.94906
H -1.60434 -2.3557 2.21355
H -2.06296 -6.56595 0.92013
H -2.08214 -8.9284 1.25068
H -1.81202 -8.29671 2.93143
H -4.05524 -9.79671 1.76321
H -4.06443 -9.15223 3.46581
H -5.80851 -8.13304 1.70276
H -2.54121 -2.43192 0.66155
H -0.81426 -2.95173 0.70454
H -4.55528 -5.05965 -1.47648
H -4.13227 -4.07069 -0.0439
H -4.13963 -3.31222 -1.67654
H -8.31779 -6.23008 1.55639
H -9.7792 -5.68221 2.3481
H -7.65516 -3.84795 3.19931
H -8.69644 -4.94042 4.15106
$end

$opt
CONSTRAINT
tors           1           2           3           4     +38.887
tors           3           4           5           6    -139.562
tors           4           5           6           7    +176.957
tors           5           6           7           8     +67.519
tors           6           7           8           9    -129.856
tors           7           8           9          10    +130.831
tors           8           9          10          11    +179.655
tors           9          10          11          12     +81.044
tors          11          12          13          14    -150.420
ENDCONSTRAINT
$end

$rem
JOBTYPE                   OPT
METHOD                    B3LYP
DFT_D                     d3_op
BASIS                     STO-3G
GEOM_OPT_MAX_CYCLES       100
GEOM_OPT_TOL_GRADIENT     300
GEOM_OPT_TOL_DISPLACEMENT 1200
GEOM_OPT_TOL_ENERGY       100
SYMMETRY                  False
THRESH                    12
SCF_CONVERGENCE           8
MAX_SUB_FILE_NUM          128
MEM_STATIC                400
MEM_TOTAL                 4000
$end
