$molecule
0  1
O -3.94934 -3.66094 2.70899
C -3.26408 -4.56952 2.26188
C -3.36658 -6.02376 2.66595
C -4.77761 -6.59615 2.87859
C -5.9339 -5.70109 2.49135
O -6.9313 -5.80422 3.4187
C -8.03562 -4.93161 3.15738
C -8.7418 -5.34814 1.87133
O -8.73669 -4.25879 0.93529
C -8.37497 -4.58025 -0.33158
C -8.39722 -3.39588 -1.26829
C -7.28176 -2.36618 -1.03647
C -6.12614 -2.82737 -0.17129
O -5.37521 -2.09559 0.45733
O -2.08444 -4.22214 1.6753
O -5.60396 -3.98325 -0.66988
O -8.15133 -5.72122 -0.71874
C -4.29086 -4.17405 -1.03779
C -8.1655 -3.7172 -2.76474
C -8.78903 -2.61686 -3.6242
C -7.84355 -1.4654 -3.34033
C -6.79026 -2.18144 -2.48657
O -6.79406 -3.49987 -2.97987
H -9.41527 -2.95299 -1.17823
H -7.66526 -1.4242 -0.5861
H -8.56009 -4.70959 -3.07288
H -8.66041 -2.92748 -4.68617
H -9.86367 -2.40513 -3.43676
H -7.40966 -1.12169 -4.3054
H -8.29059 -0.60676 -2.79391
H -5.81626 -1.64609 -2.53008
O -6.02939 -5.14371 1.42294
C -1.64787 -2.92508 1.48667
C -2.87551 -6.95956 1.53328
C -2.49048 -8.32397 2.10687
C -3.85717 -8.90088 2.39829
C -4.74871 -7.76959 1.88146
O -4.03256 -7.24749 0.79199
H -2.70576 -6.15384 3.55167
H -4.93398 -6.97517 3.91477
H -1.53003 -2.41642 2.467
H -2.01916 -6.55554 0.9519
H -2.02509 -8.91922 1.28879
H -1.79557 -8.28097 2.973
H -3.99925 -9.80624 1.76662
H -4.05342 -9.1492 3.4637
H -5.76669 -8.15808 1.65367
H -2.36581 -2.35512 0.86027
H -0.66427 -2.94387 0.97419
H -4.15838 -5.21876 -1.38531
H -3.61936 -3.98896 -0.19812
H -4.02657 -3.48394 -1.86628
H -8.4121 -6.34651 1.50441
H -9.81169 -5.49706 2.13478
H -7.73382 -3.85946 3.1571
H -8.74264 -5.0642 4.00496
$end

$opt
CONSTRAINT
tors           1           2           3           4     +40.362
tors           3           4           5           6    -139.562
tors           4           5           6           7    +176.957
tors           5           6           7           8     +66.122
tors           6           7           8           9    -121.499
tors           7           8           9          10    +133.329
tors           8           9          10          11    +179.655
tors           9          10          11          12     +71.106
tors          11          12          13          14    -156.487
ENDCONSTRAINT
$end

$rem
JOBTYPE                   OPT
METHOD                    B3LYP
DFT_D                     d3_op
BASIS                     STO-3G
GEOM_OPT_MAX_CYCLES       100
GEOM_OPT_TOL_GRADIENT     300
GEOM_OPT_TOL_DISPLACEMENT 1200
GEOM_OPT_TOL_ENERGY       100
SYMMETRY                  False
THRESH                    12
SCF_CONVERGENCE           8
MAX_SUB_FILE_NUM          128
MEM_STATIC                400
MEM_TOTAL                 4000
$end
