$molecule
0  1
O -3.94934 -3.66094 2.70899
C -3.26408 -4.56952 2.26188
C -3.36658 -6.02376 2.66595
C -4.74199 -6.52808 3.13259
C -5.9011 -5.56914 2.97457
O -6.80824 -5.7687 3.97592
C -7.93268 -4.8859 3.90129
C -8.76818 -5.20225 2.66518
O -8.72866 -4.09499 1.75124
C -8.25506 -4.37807 0.5124
C -8.24627 -3.17684 -0.40281
C -7.04995 -2.2317 -0.21893
C -5.88309 -2.7888 0.57149
O -5.02136 -2.12328 1.12743
O -2.10687 -4.23684 1.62658
O -5.44278 -3.92757 -0.04628
O -8.08243 -5.51531 0.08824
C -4.25512 -4.06026 -0.74585
C -8.13306 -3.46221 -1.92114
C -8.74767 -2.30007 -2.70317
C -7.7247 -1.20946 -2.44166
C -6.6541 -2.0136 -1.6933
O -6.77199 -3.30946 -2.2303
H -9.22777 -2.67134 -0.25158
H -7.35299 -1.29413 0.29713
H -8.60269 -4.42111 -2.22986
H -8.69959 -2.5806 -3.78018
H -9.79633 -2.03723 -2.44623
H -7.34412 -0.84372 -3.42093
H -8.08645 -0.35613 -1.82793
H -5.65619 -1.53207 -1.78756
O -6.14309 -5.01364 1.94718
C -1.63321 -2.94961 1.47055
C -3.14165 -6.96381 1.45811
C -2.72701 -8.35459 1.94021
C -4.0428 -8.86796 2.47974
C -4.9569 -7.68809 2.14174
O -4.42852 -7.18541 0.94141
H -2.55643 -6.20573 3.40686
H -4.72446 -6.90745 4.18006
H -1.44454 -2.49202 2.46488
H -2.38388 -6.58889 0.73686
H -2.45555 -8.95711 1.04379
H -1.8801 -8.36264 2.6596
H -4.34411 -9.75882 1.88446
H -4.04982 -9.11686 3.56291
H -6.01777 -8.02297 2.10441
H -2.35805 -2.32492 0.91299
H -0.67932 -2.97986 0.90542
H -4.48021 -4.35316 -1.7908
H -3.64443 -4.869 -0.3178
H -3.68033 -3.11267 -0.7793
H -8.55171 -6.21811 2.26321
H -9.83009 -5.25423 2.98982
H -7.65752 -3.81059 3.98817
H -8.54983 -5.1309 4.79265
$end

$opt
CONSTRAINT
tors           1           2           3           4     +29.227
tors           3           4           5           6    -147.897
tors           4           5           6           7    +179.446
tors           5           6           7           8     +67.115
tors           6           7           8           9    -114.754
tors           7           8           9          10    +121.686
tors           8           9          10          11    +179.655
tors           9          10          11          12     +81.044
tors          11          12          13          14    -159.279
ENDCONSTRAINT
$end

$rem
JOBTYPE                   OPT
METHOD                    B3LYP
DFT_D                     d3_op
BASIS                     STO-3G
GEOM_OPT_MAX_CYCLES       100
GEOM_OPT_TOL_GRADIENT     300
GEOM_OPT_TOL_DISPLACEMENT 1200
GEOM_OPT_TOL_ENERGY       100
SYMMETRY                  False
THRESH                    12
SCF_CONVERGENCE           8
MAX_SUB_FILE_NUM          128
MEM_STATIC                400
MEM_TOTAL                 4000
$end
