$molecule
0  1
O -3.94934 -3.66094 2.70899
C -3.26408 -4.56952 2.26188
C -3.36658 -6.02376 2.66595
C -4.77596 -6.5874 2.91049
C -5.93512 -5.68424 2.55168
O -6.95257 -5.85758 3.4462
C -8.0037 -4.89738 3.29649
C -8.88993 -5.26857 2.11203
O -9.06427 -4.12913 1.25521
C -8.84442 -4.35263 -0.0642
C -9.05021 -3.11996 -0.91205
C -7.88465 -2.12023 -0.89446
C -6.57366 -2.64337 -0.3428
O -5.67724 -1.95652 0.12541
O -2.22446 -4.23677 1.44908
O -6.21234 -3.85086 -0.86337
O -8.67779 -5.46301 -0.55615
C -4.91617 -4.2667 -1.09064
C -9.14599 -3.39233 -2.43406
C -9.90229 -2.25022 -3.11326
C -8.88325 -1.13399 -3.00587
C -7.69969 -1.90358 -2.4089
O -7.84284 -3.20482 -2.9232
H -10.02202 -2.67439 -0.59964
H -8.12406 -1.17951 -0.35167
H -9.628 -4.36285 -2.68243
H -10.0104 -2.52919 -4.18625
H -10.90581 -2.01845 -2.69612
H -8.64787 -0.77362 -4.03183
H -9.17908 -0.28029 -2.35826
H -6.74008 -1.39135 -2.64322
O -6.04309 -5.0824 1.49694
C -1.91561 -2.9498 1.05838
C -2.89125 -6.97542 1.54121
C -2.52223 -8.34092 2.12444
C -3.89547 -8.90294 2.41219
C -4.77345 -7.75709 1.90667
O -4.05803 -7.24777 0.80985
H -2.70313 -6.14387 3.55079
H -4.9162 -6.97545 3.94567
H -1.68021 -2.32665 1.94732
H -2.02997 -6.5912 0.9544
H -2.05585 -8.94978 1.31711
H -1.83409 -8.29215 2.99572
H -4.05261 -9.79631 1.76697
H -4.09126 -9.16656 3.47396
H -5.79837 -8.13173 1.68689
H -2.76482 -2.50013 0.50171
H -1.02756 -2.97502 0.3943
H -4.93186 -5.29431 -1.5076
H -4.33547 -4.27202 -0.15445
H -4.42528 -3.59013 -1.82188
H -8.50195 -6.1842 1.61204
H -9.88786 -5.56108 2.50477
H -7.59644 -3.86173 3.22374
H -8.626 -4.91483 4.21706
$end

$opt
CONSTRAINT
tors           1           2           3           4     +38.975
tors           3           4           5           6    -144.118
tors           4           5           6           7    +171.122
tors           5           6           7           8     +77.931
tors           6           7           8           9    -129.909
tors           7           8           9          10    +130.831
tors           8           9          10          11    +179.710
tors           9          10          11          12     +78.982
tors          11          12          13          14    -156.786
ENDCONSTRAINT
$end

$rem
JOBTYPE                   OPT
METHOD                    B3LYP
DFT_D                     d3_op
BASIS                     STO-3G
GEOM_OPT_MAX_CYCLES       100
GEOM_OPT_TOL_GRADIENT     300
GEOM_OPT_TOL_DISPLACEMENT 1200
GEOM_OPT_TOL_ENERGY       100
SYMMETRY                  False
THRESH                    12
SCF_CONVERGENCE           8
MAX_SUB_FILE_NUM          128
MEM_STATIC                400
MEM_TOTAL                 4000
$end
