$molecule
0  1
O -3.94934 -3.66094 2.70899
C -3.26408 -4.56952 2.26188
C -3.36658 -6.02376 2.66595
C -4.77596 -6.5874 2.91049
C -5.93512 -5.68424 2.55168
O -6.94103 -5.83608 3.46301
C -8.03317 -4.9351 3.25159
C -9.01065 -5.52249 2.23885
O -9.24944 -4.57732 1.18409
C -9.00835 -5.03094 -0.071
C -9.28609 -3.99525 -1.13442
C -8.11997 -3.04014 -1.42804
C -6.76603 -3.46793 -0.89837
O -5.85595 -2.71328 -0.58722
O -2.42659 -4.27898 1.22982
O -6.42213 -4.75594 -1.18386
O -8.81698 -6.20998 -0.34697
C -5.12627 -5.20597 -1.34794
C -9.51504 -4.58179 -2.55002
C -10.3228 -3.59385 -3.39212
C -9.29375 -2.50398 -3.61133
C -8.06672 -3.15585 -2.96408
O -8.25854 -4.53288 -3.17461
H -10.2293 -3.477 -0.84706
H -8.30344 -1.99728 -1.08788
H -10.02087 -5.57187 -2.54351
H -10.5245 -4.09227 -4.36768
H -11.28546 -3.25605 -2.95172
H -9.146 -2.37591 -4.70662
H -9.52893 -1.52543 -3.13931
H -7.12913 -2.72691 -3.38279
O -6.04573 -5.07743 1.49932
C -2.24819 -3.01958 0.69649
C -2.84571 -7.00945 1.59893
C -2.51218 -8.35884 2.24059
C -3.90123 -8.9145 2.46401
C -4.75162 -7.76799 1.91657
O -3.98938 -7.29078 0.83495
H -2.76063 -6.10084 3.59573
H -4.91929 -6.97744 3.94491
H -1.8632 -2.32598 1.47421
H -1.95833 -6.64241 1.04072
H -1.9951 -8.99725 1.48921
H -1.88191 -8.27068 3.15171
H -4.03614 -9.79996 1.80273
H -4.14267 -9.19197 3.51268
H -5.77156 -8.13718 1.66718
H -3.20821 -2.63513 0.29208
H -1.51052 -3.0761 -0.12991
H -5.14259 -6.29718 -1.54505
H -4.51562 -5.00713 -0.44589
H -4.65867 -4.69454 -2.21587
H -8.66409 -6.53046 1.91804
H -9.98204 -5.70256 2.74855
H -7.70234 -3.89851 3.00728
H -8.56934 -4.84236 4.22066
$end

$opt
CONSTRAINT
tors           1           2           3           4     +38.975
tors           3           4           5           6    -142.796
tors           4           5           6           7    +175.329
tors           5           6           7           8     +85.760
tors           6           7           8           9    -127.074
tors           7           8           9          10    +124.675
tors           8           9          10          11    +179.632
tors           9          10          11          12     +85.859
tors          11          12          13          14    -152.056
ENDCONSTRAINT
$end

$rem
JOBTYPE                   OPT
METHOD                    B3LYP
DFT_D                     d3_op
BASIS                     STO-3G
GEOM_OPT_MAX_CYCLES       100
GEOM_OPT_TOL_GRADIENT     300
GEOM_OPT_TOL_DISPLACEMENT 1200
GEOM_OPT_TOL_ENERGY       100
SYMMETRY                  False
THRESH                    12
SCF_CONVERGENCE           8
MAX_SUB_FILE_NUM          128
MEM_STATIC                400
MEM_TOTAL                 4000
$end
