$molecule
0  1
O -3.94934 -3.66094 2.70899
C -3.26408 -4.56952 2.26188
C -3.36658 -6.02376 2.66595
C -4.76924 -6.56774 2.98296
C -5.93226 -5.64625 2.68912
O -6.90337 -5.80838 3.63573
C -7.9624 -4.85151 3.52568
C -9.04185 -5.36856 2.58039
O -9.35909 -4.36436 1.60375
C -9.37228 -4.78754 0.31538
C -9.71994 -3.68925 -0.66112
C -8.55111 -2.76987 -1.04431
C -7.16741 -3.27948 -0.6945
O -6.20047 -2.57996 -0.42946
O -2.39715 -4.27149 1.25679
O -6.91227 -4.57097 -1.04968
O -9.31751 -5.96521 -0.02081
C -5.65886 -5.07452 -1.34392
C -10.13753 -4.19461 -2.0642
C -10.98412 -3.13066 -2.76364
C -9.93155 -2.08193 -3.05726
C -8.67496 -2.81815 -2.58008
O -8.95782 -4.17364 -2.82479
H -10.5955 -3.14561 -0.2388
H -8.645 -1.73479 -0.64835
H -10.6898 -5.15928 -2.04238
H -11.32455 -3.57087 -3.72854
H -11.86913 -2.76921 -2.19712
H -9.89964 -1.91487 -4.15683
H -10.06237 -1.11404 -2.52649
H -7.76996 -2.41287 -3.08529
O -6.09094 -5.03706 1.64243
C -2.2216 -3.01153 0.72378
C -2.94047 -6.99746 1.54342
C -2.57926 -8.36241 2.13385
C -3.95427 -8.90033 2.45895
C -4.82639 -7.73885 1.98076
O -4.13734 -7.2529 0.85553
H -2.68834 -6.13353 3.5408
H -4.86202 -6.95837 4.02271
H -1.87411 -2.30809 1.51035
H -2.08999 -6.63568 0.92745
H -2.13783 -8.99126 1.32795
H -1.87356 -8.30712 2.9906
H -4.14807 -9.78518 1.81183
H -4.12228 -9.17097 3.52369
H -5.86546 -8.09404 1.79871
H -3.17498 -2.64581 0.28569
H -1.45581 -3.05918 -0.07726
H -5.7441 -6.15906 -1.56007
H -4.95274 -4.92726 -0.50254
H -5.25186 -4.56314 -2.24181
H -8.72877 -6.35048 2.1595
H -9.95643 -5.57984 3.17566
H -7.58988 -3.83988 3.23753
H -8.40954 -4.70906 4.53294
$end

$opt
CONSTRAINT
tors           1           2           3           4     +35.816
tors           3           4           5           6    -144.118
tors           4           5           6           7    +172.497
tors           5           6           7           8     +88.562
tors           6           7           8           9    -129.856
tors           7           8           9          10    +130.831
tors           8           9          10          11    +179.655
tors           9          10          11          12     +81.643
tors          11          12          13          14    -150.420
ENDCONSTRAINT
$end

$rem
JOBTYPE                   OPT
METHOD                    B3LYP
DFT_D                     d3_op
BASIS                     STO-3G
GEOM_OPT_MAX_CYCLES       100
GEOM_OPT_TOL_GRADIENT     300
GEOM_OPT_TOL_DISPLACEMENT 1200
GEOM_OPT_TOL_ENERGY       100
SYMMETRY                  False
THRESH                    12
SCF_CONVERGENCE           8
MAX_SUB_FILE_NUM          128
MEM_STATIC                400
MEM_TOTAL                 4000
$end
