$molecule
0  1
O -3.94934 -3.66094 2.70899
C -3.26408 -4.56952 2.26188
C -3.36658 -6.02376 2.66595
C -4.77729 -6.59403 2.88629
C -5.93434 -5.69702 2.5059
O -6.95105 -5.84435 3.40591
C -8.03708 -4.93905 3.18182
C -8.85201 -5.38494 1.97219
O -8.90421 -4.32828 1.00078
C -8.60128 -4.68966 -0.27074
C -8.67757 -3.53738 -1.24393
C -7.45001 -2.61471 -1.2522
C -6.2089 -3.16009 -0.57478
O -5.37549 -2.49302 0.02106
O -2.21209 -4.23805 1.46457
O -5.82974 -4.37942 -1.05241
O -8.46207 -5.8501 -0.63979
C -4.52962 -4.81821 -1.17196
C -8.71349 -3.95041 -2.73666
C -9.35841 -2.83601 -3.56142
C -8.27603 -1.77706 -3.49973
C -7.17637 -2.55558 -2.76854
O -7.37863 -3.88899 -3.16813
H -9.63306 -3.00474 -1.03418
H -7.65438 -1.61088 -0.81896
H -9.24419 -4.91006 -2.91925
H -9.4287 -3.21039 -4.60819
H -10.36513 -2.50552 -3.22664
H -7.96661 -1.53046 -4.53958
H -8.54845 -0.84963 -2.95078
H -6.17463 -2.12705 -2.99429
O -6.02861 -5.10429 1.44863
C -1.90509 -2.9552 1.06143
C -2.85742 -6.98774 1.56747
C -2.49501 -8.3423 2.18006
C -3.8724 -8.90996 2.43991
C -4.74513 -7.77634 1.89836
O -4.00474 -7.28043 0.81298
H -2.72943 -6.12954 3.57178
H -4.93311 -6.97397 3.92238
H -1.69849 -2.31478 1.94523
H -1.98542 -6.60381 0.99656
H -2.00316 -8.96005 1.39497
H -1.83081 -8.2753 3.06854
H -4.00791 -9.81132 1.80093
H -4.09269 -9.16394 3.49922
H -5.76277 -8.15851 1.65925
H -2.743 -2.52618 0.47392
H -1.00032 -2.98302 0.42044
H -4.52984 -5.8451 -1.59065
H -4.03376 -4.83362 -0.19313
H -3.96705 -4.15103 -1.85881
H -8.53288 -6.38875 1.61121
H -9.89973 -5.52858 2.31596
H -7.71159 -3.87438 3.13796
H -8.69383 -5.0229 4.07484
$end

$opt
CONSTRAINT
tors           1           2           3           4     +40.028
tors           3           4           5           6    -142.288
tors           4           5           6           7    +174.741
tors           5           6           7           8     +74.620
tors           6           7           8           9    -123.046
tors           7           8           9          10    +130.891
tors           8           9          10          11    +179.839
tors           9          10          11          12     +80.300
tors          11          12          13          14    -147.346
ENDCONSTRAINT
$end

$rem
JOBTYPE                   OPT
METHOD                    B3LYP
DFT_D                     d3_op
BASIS                     STO-3G
GEOM_OPT_MAX_CYCLES       100
GEOM_OPT_TOL_GRADIENT     300
GEOM_OPT_TOL_DISPLACEMENT 1200
GEOM_OPT_TOL_ENERGY       100
SYMMETRY                  False
THRESH                    12
SCF_CONVERGENCE           8
MAX_SUB_FILE_NUM          128
MEM_STATIC                400
MEM_TOTAL                 4000
$end
