$molecule
0  1
O -3.94934 -3.66094 2.70899
C -3.26408 -4.56952 2.26188
C -3.36658 -6.02376 2.66595
C -4.77849 -6.60562 2.84426
C -5.9309 -5.71931 2.42654
O -6.99835 -5.92573 3.2532
C -8.06981 -5.0029 3.03048
C -8.87164 -5.41539 1.80042
O -8.84687 -4.36213 0.82425
C -8.46444 -4.73207 -0.42316
C -8.46247 -3.58293 -1.40302
C -7.29276 -2.60038 -1.24602
C -6.1317 -3.08485 -0.40108
O -5.45004 -2.38563 0.33445
O -2.11455 -4.22108 1.61951
O -5.60055 -4.23379 -0.90777
O -8.26531 -5.89064 -0.76917
C -4.26385 -4.47509 -1.12012
C -8.28851 -3.97809 -2.89025
C -8.88318 -2.88661 -3.78095
C -7.87614 -1.77226 -3.5732
C -6.83527 -2.50267 -2.7165
O -6.91548 -3.8388 -3.15103
H -9.45878 -3.09364 -1.31007
H -7.61055 -1.61681 -0.83496
H -8.73921 -4.96193 -3.14439
H -8.79982 -3.24849 -4.83114
H -9.94069 -2.61458 -3.57486
H -7.45348 -1.49224 -4.5635
H -8.26563 -0.86992 -3.05383
H -5.83788 -2.01881 -2.8095
O -5.9951 -5.14019 1.36738
C -1.7434 -2.92569 1.31986
C -2.83294 -6.96618 1.55871
C -2.46236 -8.32491 2.15551
C -3.83579 -8.90775 2.39894
C -4.7137 -7.78118 1.85041
O -3.96422 -7.26235 0.78203
H -2.7359 -6.14017 3.5751
H -4.96246 -6.98578 3.87544
H -1.6333 -2.33324 2.25302
H -1.95826 -6.56468 1.00387
H -1.96214 -8.92455 1.36158
H -1.80207 -8.2693 3.04764
H -3.95266 -9.81224 1.76083
H -4.06722 -9.15986 3.45636
H -5.72221 -8.17463 1.59125
H -2.50124 -2.44907 0.66236
H -0.76959 -2.94046 0.78915
H -4.14186 -5.49077 -1.54841
H -3.70889 -4.42166 -0.18564
H -3.85406 -3.73131 -1.83566
H -8.59896 -6.43912 1.4582
H -9.93638 -5.49553 2.11118
H -7.75343 -3.93476 3.04081
H -8.74302 -5.12591 3.90662
$end

$opt
CONSTRAINT
tors           1           2           3           4     +41.855
tors           3           4           5           6    -145.481
tors           4           5           6           7    +172.490
tors           5           6           7           8     +78.508
tors           6           7           8           9    -120.516
tors           7           8           9          10    +127.852
tors           8           9          10          11    +179.839
tors           9          10          11          12     +74.869
tors          11          12          13          14    -144.827
ENDCONSTRAINT
$end

$rem
JOBTYPE                   OPT
METHOD                    B3LYP
DFT_D                     d3_op
BASIS                     STO-3G
GEOM_OPT_MAX_CYCLES       100
GEOM_OPT_TOL_GRADIENT     300
GEOM_OPT_TOL_DISPLACEMENT 1200
GEOM_OPT_TOL_ENERGY       100
SYMMETRY                  False
THRESH                    12
SCF_CONVERGENCE           8
MAX_SUB_FILE_NUM          128
MEM_STATIC                400
MEM_TOTAL                 4000
$end
