$molecule
0  1
O -3.94934 -3.66094 2.70899
C -3.26408 -4.56952 2.26188
C -3.36658 -6.02376 2.66595
C -4.7706 -6.57088 2.9713
C -5.93325 -5.65234 2.66696
O -6.89457 -5.78667 3.62781
C -7.97651 -4.86183 3.47509
C -8.86745 -5.28275 2.31096
O -9.00601 -4.19553 1.38271
C -8.80605 -4.5125 0.07937
C -8.96612 -3.32918 -0.84518
C -7.74719 -2.39828 -0.92211
C -6.45278 -2.9572 -0.36639
O -5.59928 -2.31315 0.22632
O -2.18722 -4.23338 1.50117
O -6.09201 -4.15745 -0.90242
O -8.6933 -5.65902 -0.33904
C -4.79581 -4.59304 -1.07626
C -9.11965 -3.69549 -2.3425
C -9.83194 -2.55991 -3.07804
C -8.75137 -1.4976 -3.07031
C -7.59482 -2.29174 -2.4526
O -7.82329 -3.61352 -2.87576
H -9.90401 -2.8104 -0.5421
H -7.91926 -1.40849 -0.44473
H -9.66023 -4.65194 -2.51257
H -9.98494 -2.90215 -4.12698
H -10.80944 -2.24555 -2.65325
H -8.52593 -1.21859 -4.12349
H -8.98223 -0.58831 -2.47402
H -6.61572 -1.85056 -2.74395
O -6.08718 -5.0589 1.61373
C -1.8884 -2.95021 1.09241
C -2.97226 -6.96766 1.50109
C -2.57673 -8.34127 2.04543
C -3.93196 -8.89179 2.42682
C -4.83287 -7.74136 1.97248
O -4.1813 -7.23171 0.83855
H -2.64253 -6.17249 3.49737
H -4.86595 -6.95222 4.01396
H -1.72359 -2.29503 1.97421
H -2.14804 -6.58141 0.86411
H -2.17949 -8.94319 1.19682
H -1.82429 -8.31523 2.86277
H -4.13415 -9.79239 1.8048
H -4.06134 -9.13918 3.50262
H -5.87152 -8.10856 1.81301
H -2.71533 -2.54415 0.47174
H -0.96184 -2.9695 0.48298
H -4.81026 -5.60569 -1.52817
H -4.26555 -4.64116 -0.11456
H -4.25423 -3.9038 -1.75817
H -8.54296 -6.25937 1.88598
H -9.88215 -5.47764 2.72164
H -7.62099 -3.80818 3.4014
H -8.5821 -4.91864 4.40549
$end

$opt
CONSTRAINT
tors           1           2           3           4     +36.325
tors           3           4           5           6    -142.288
tors           4           5           6           7    +174.741
tors           5           6           7           8     +74.252
tors           6           7           8           9    -125.577
tors           7           8           9          10    +131.768
tors           8           9          10          11    +179.977
tors           9          10          11          12     +80.300
tors          11          12          13          14    -144.429
ENDCONSTRAINT
$end

$rem
JOBTYPE                   OPT
METHOD                    B3LYP
DFT_D                     d3_op
BASIS                     STO-3G
GEOM_OPT_MAX_CYCLES       100
GEOM_OPT_TOL_GRADIENT     300
GEOM_OPT_TOL_DISPLACEMENT 1200
GEOM_OPT_TOL_ENERGY       100
SYMMETRY                  False
THRESH                    12
SCF_CONVERGENCE           8
MAX_SUB_FILE_NUM          128
MEM_STATIC                400
MEM_TOTAL                 4000
$end
