$molecule
0  1
O -3.94934 -3.66094 2.70899
C -3.26408 -4.56952 2.26188
C -3.36658 -6.02376 2.66595
C -2.1637 -6.92746 2.34928
C -0.92277 -6.23941 1.8251
O -0.57237 -6.77162 0.61705
C -0.15144 -8.13709 0.70404
C 0.00904 -8.54562 2.16469
O 1.31612 -8.17984 2.6344
C 1.90139 -9.06544 3.47839
C 2.23186 -10.38091 2.81431
C 1.65064 -10.55809 1.40397
C 1.14531 -9.29605 0.73418
O 1.74801 -8.23396 0.67692
O -2.65177 -4.32742 1.07034
O 0.85766 -9.85342 -0.54894
O 2.3696 -8.72421 4.55274
C 1.29326 -9.41106 -1.79517
C 3.73631 -10.58781 2.57837
C 4.03552 -12.08176 2.51122
C 3.37968 -12.43564 1.19456
C 2.96303 -11.03916 0.70974
O 3.93772 -10.18267 1.25085
H 1.85299 -11.16678 3.50632
H 0.85418 -11.33803 1.36409
H 4.37876 -10.09863 3.3427
H 5.13919 -12.18415 2.40099
H 3.69827 -12.68093 3.38431
H 4.15451 -12.87752 0.52916
H 2.5037 -13.11613 1.26555
H 2.91673 -11.05705 -0.39557
O -0.42811 -5.212 2.26704
C -2.55375 -3.088 0.47173
C -3.65389 -6.11523 4.15099
C -4.08421 -7.53317 4.53957
C -2.74356 -8.21506 4.5281
C -1.88369 -7.09061 3.95224
O -2.37453 -5.96748 4.63312
H -4.25289 -6.38877 2.09985
H -2.49704 -7.86984 1.86712
H -2.00231 -2.38783 1.13521
H -4.3992 -5.36799 4.50169
H -4.49853 -7.57531 5.57127
H -4.82399 -7.93441 3.81293
H -2.41494 -8.35095 5.58431
H -2.7079 -9.19687 4.01014
H -0.82322 -7.2234 4.26519
H -3.56536 -2.68365 0.2548
H -1.99687 -3.18863 -0.48229
H 1.8379 -10.2311 -2.30568
H 1.97224 -8.53643 -1.71698
H 0.41782 -9.13997 -2.4199
H -0.69619 -8.66081 2.92472
H -0.30194 -9.62237 2.38742
H -0.12908 -7.95644 -0.44738
H -1.10695 -8.71447 0.49999
$end

$opt
CONSTRAINT
tors           1           2           3           4    -161.053
tors           3           4           5           6    -123.158
tors           4           5           6           7     -66.316
tors           5           6           7           8      -9.474
tors           6           7           8           9     -85.263
tors           7           8           9          10    -142.105
tors           8           9          10          11     +66.316
tors           9          10          11          12      -9.474
tors          11          12          13          14     +47.368
ENDCONSTRAINT
$end

$rem
JOBTYPE                   OPT
METHOD                    B3LYP
DFT_D                     d3_op
BASIS                     STO-3G
GEOM_OPT_MAX_CYCLES       100
GEOM_OPT_TOL_GRADIENT     300
GEOM_OPT_TOL_DISPLACEMENT 1200
GEOM_OPT_TOL_ENERGY       100
SYMMETRY                  False
THRESH                    12
SCF_CONVERGENCE           8
MAX_SUB_FILE_NUM          128
MEM_STATIC                400
MEM_TOTAL                 4000
$end
