$molecule
0  1
O -3.94934 -3.66094 2.70899
C -3.26408 -4.56952 2.26188
C -3.36658 -6.02376 2.66595
C -2.09215 -6.69516 3.20345
C -0.90361 -5.79095 3.44399
O -0.71023 -4.98095 2.36143
C -0.73146 -3.58772 2.68963
C -1.6137 -3.3487 3.91055
O -2.64657 -2.40338 3.5905
C -3.23902 -1.80486 4.65348
C -4.73589 -2.00302 4.68141
C -5.50042 -1.32248 3.53659
C -4.65983 -0.8616 2.36283
O -4.82244 -1.19846 1.19894
O -2.76292 -4.4304 0.99885
O -3.71686 0.0809 2.63554
O -2.60751 -1.26646 5.55342
C -2.88878 0.65591 1.69465
C -5.57974 -3.29677 4.83028
C -6.88194 -2.99311 5.58404
C -7.64896 -2.20603 4.52477
C -6.67663 -2.30164 3.33744
O -6.11141 -3.56145 3.54477
H -4.97324 -1.44892 5.61942
H -5.9213 -0.35168 3.88521
H -5.01758 -4.10286 5.34207
H -7.4008 -3.96562 5.7441
H -6.76802 -2.48465 6.56553
H -8.59078 -2.75325 4.29739
H -7.88646 -1.15458 4.79521
H -7.2004 -2.14035 2.37114
O -0.26676 -5.70673 4.48915
C -3.01662 -3.38387 0.13783
C -4.32766 -6.35418 3.82393
C -4.757 -7.82377 3.76694
C -3.49677 -8.50911 4.24093
C -2.61241 -7.29478 4.52124
O -3.51751 -6.31627 4.97314
H -3.75437 -6.5531 1.76539
H -1.72765 -7.46944 2.49213
H -2.69184 -2.42172 0.57665
H -5.24339 -5.74755 3.82109
H -5.54881 -7.9782 4.53494
H -5.13789 -8.15804 2.7779
H -3.719 -9.03729 5.19519
H -3.03686 -9.21524 3.51617
H -1.79846 -7.57589 5.22448
H -4.10043 -3.34731 -0.09923
H -2.45572 -3.54777 -0.80472
H -2.22704 1.3919 2.19535
H -3.49179 1.18278 0.92458
H -2.25695 -0.11968 1.21371
H -2.04768 -4.12959 4.56872
H -0.9235 -2.83393 4.61963
H -0.91811 -2.92494 1.82562
H 0.31814 -3.33688 2.96697
$end

$opt
CONSTRAINT
tors           1           2           3           4    -123.158
tors           3           4           5           6     -47.368
tors           4           5           6           7    +123.158
tors           5           6           7           8     -28.421
tors           6           7           8           9    -123.158
tors           7           8           9          10    -161.053
tors           8           9          10          11    -123.158
tors           9          10          11          12     -66.316
tors          11          12          13          14    +123.158
ENDCONSTRAINT
$end

$rem
JOBTYPE                   OPT
METHOD                    B3LYP
DFT_D                     d3_op
BASIS                     STO-3G
GEOM_OPT_MAX_CYCLES       100
GEOM_OPT_TOL_GRADIENT     300
GEOM_OPT_TOL_DISPLACEMENT 1200
GEOM_OPT_TOL_ENERGY       100
SYMMETRY                  False
THRESH                    12
SCF_CONVERGENCE           8
MAX_SUB_FILE_NUM          128
MEM_STATIC                400
MEM_TOTAL                 4000
$end
