$molecule
0  1
O -3.94934 -3.66094 2.70899
C -3.26408 -4.56952 2.26188
C -3.36658 -6.02376 2.66595
C -2.27333 -6.57303 3.59705
C -1.29943 -5.56331 4.16282
O -0.28167 -5.35325 3.27656
C 0.87797 -4.76879 3.87897
C 1.76528 -4.13985 2.80974
O 1.59362 -4.83116 1.56254
C 0.30843 -5.05588 1.19249
C 0.17669 -6.1462 0.1559
C -1.14557 -6.14058 -0.62503
C -1.96973 -4.87314 -0.51986
O -2.23401 -4.28359 0.518
O -2.01894 -4.00935 2.58411
O -2.3765 -4.29429 -1.68327
O -0.06717 -3.94869 0.87482
C -3.1192 -3.13438 -1.7609
C 1.16816 -6.04249 -1.03529
C 1.39453 -7.43608 -1.61859
C 0.04151 -7.69942 -2.247
C -0.61752 -6.32625 -2.05928
O 0.45338 -5.41694 -2.07365
H 0.39175 -7.10376 0.68186
H -1.8051 -6.96034 -0.26653
H 2.14569 -5.58271 -0.77536
H 2.14788 -7.31862 -2.43081
H 1.74689 -8.21737 -0.91116
H 0.19533 -7.94066 -3.32206
H -0.56322 -8.49349 -1.7572
H -1.40059 -6.17751 -2.83379
O -1.28301 -5.20654 5.3372
C -1.66501 -2.67409 2.9086
C -4.62038 -6.28791 3.52912
C -5.00759 -7.76439 3.45344
C -3.91041 -8.3827 4.28889
C -3.16149 -7.12338 4.73553
O -4.16908 -6.15175 4.85149
H -3.46919 -6.59961 1.72026
H -1.68136 -7.40308 3.14937
H -1.27106 -2.63935 3.9444
H -5.49255 -5.66012 3.24231
H -5.97418 -7.88637 3.99289
H -5.10739 -8.16931 2.42332
H -4.37705 -8.87958 5.16873
H -3.25054 -9.10013 3.75484
H -2.58504 -7.34291 5.66133
H -2.50017 -1.94593 2.84005
H -0.88653 -2.2775 2.23507
H -3.31149 -2.89613 -2.827
H -2.5626 -2.29119 -1.29898
H -4.09309 -3.26987 -1.24323
H 1.40855 -3.09731 2.65782
H 2.82964 -4.07238 3.11817
H 1.44466 -5.60912 4.33636
H 0.67813 -4.00627 4.66602
$end

$opt
CONSTRAINT
tors           1           2           3           4    -104.211
tors           3           4           5           6     -85.263
tors           4           5           6           7    -161.053
tors           5           6           7           8    -161.053
tors           6           7           8           9     -28.421
tors           7           8           9          10     +47.368
tors           8           9          10          11    -161.053
tors           9          10          11          12    -161.053
tors          11          12          13          14     -47.368
ENDCONSTRAINT
$end

$rem
JOBTYPE                   OPT
METHOD                    B3LYP
DFT_D                     d3_op
BASIS                     STO-3G
GEOM_OPT_MAX_CYCLES       100
GEOM_OPT_TOL_GRADIENT     300
GEOM_OPT_TOL_DISPLACEMENT 1200
GEOM_OPT_TOL_ENERGY       100
SYMMETRY                  False
THRESH                    12
SCF_CONVERGENCE           8
MAX_SUB_FILE_NUM          128
MEM_STATIC                400
MEM_TOTAL                 4000
$end
