$molecule
0  1
O -3.94934 -3.66094 2.70899
C -3.26408 -4.56952 2.26188
C -3.36658 -6.02376 2.66595
C -2.97353 -6.38153 4.10864
C -2.69204 -5.22192 5.03825
O -2.64642 -4.05713 4.32647
C -2.22753 -4.24204 2.97016
C -3.42638 -4.14693 2.03216
O -3.00049 -4.33312 0.67318
C -2.52898 -5.56897 0.374
C -1.02385 -5.61239 0.25848
C -0.46911 -5.22738 -1.12075
C -1.43867 -4.526 -2.05065
O -2.63876 -4.39644 -1.85681
O -1.55319 -3.27645 1.32736
O -0.92186 -4.08076 -3.22643
O -3.23194 -6.37339 -0.22823
C -1.63571 -3.36967 -4.16825
C 0.268 -5.00101 1.02402
C 1.52762 -5.86649 0.83738
C 1.94673 -5.47017 -0.55309
C 0.84069 -4.47859 -0.88556
O 0.6193 -3.83479 0.31897
H -0.86062 -6.69881 0.43524
H -0.24307 -6.14368 -1.71318
H 0.31025 -4.84921 2.09525
H 2.32368 -5.50254 1.53181
H 1.36557 -6.94897 1.01819
H 2.91066 -4.91375 -0.49704
H 2.0405 -6.30842 -1.27507
H 1.14334 -3.83378 -1.73903
O -2.57775 -5.2804 6.25229
C -1.5074 -1.90386 1.05807
C -4.82643 -6.58486 2.65967
C -4.82558 -8.11441 2.56318
C -4.36474 -8.48206 3.95459
C -4.25634 -7.09196 4.58459
O -5.2831 -6.3587 3.96755
H -2.73392 -6.80288 2.17894
H -2.08843 -7.05513 4.20399
H -1.80879 -1.32105 1.95127
H -5.46526 -6.18488 1.84742
H -5.87991 -8.4509 2.44185
H -4.21283 -8.52817 1.73304
H -5.17543 -9.05937 4.45269
H -3.41013 -9.04941 4.00784
H -4.31715 -7.17434 5.69222
H -2.16032 -1.64807 0.19487
H -0.48031 -1.61366 0.76192
H -0.97032 -3.12551 -5.02147
H -2.00772 -2.42054 -3.72509
H -2.49208 -3.97177 -4.5391
H -4.80843 -4.26091 1.11359
H -3.60307 -2.9373 1.04692
H -1.31003 -4.98546 3.05054
H -1.53257 -3.35224 3.29738
$end

$opt
CONSTRAINT
tors           1           2           3           4     -66.316
tors           3           4           5           6      -9.474
tors           4           5           6           7     -28.421
tors           5           6           7           8    +104.211
tors           6           7           8           9    -180.000
tors           7           8           9          10     +66.316
tors           8           9          10          11    -104.211
tors           9          10          11          12     -85.263
tors          11          12          13          14      -9.474
ENDCONSTRAINT
$end

$rem
JOBTYPE                   OPT
METHOD                    B3LYP
DFT_D                     d3_op
BASIS                     STO-3G
GEOM_OPT_MAX_CYCLES       100
GEOM_OPT_TOL_GRADIENT     300
GEOM_OPT_TOL_DISPLACEMENT 1200
GEOM_OPT_TOL_ENERGY       100
SYMMETRY                  False
THRESH                    12
SCF_CONVERGENCE           8
MAX_SUB_FILE_NUM          128
MEM_STATIC                400
MEM_TOTAL                 4000
$end
