$molecule
0  1
O -3.94934 -3.66094 2.70899
C -3.26408 -4.56952 2.26188
C -3.36658 -6.02376 2.66595
C -3.41669 -6.33291 4.1712
C -3.53792 -5.14515 5.09996
O -4.85154 -4.79909 5.24163
C -5.10044 -3.99562 6.39997
C -6.14932 -2.93341 6.08739
O -7.46615 -3.47953 6.26231
C -8.38095 -2.63502 6.79998
C -9.80447 -3.07206 6.54844
C -10.54485 -2.27392 5.46535
C -9.67584 -1.4217 4.56243
O -9.37503 -1.69065 3.40842
O -2.27108 -4.2646 1.38538
O -9.17678 -0.28539 5.11539
O -8.11762 -1.55467 7.31383
C -8.33718 0.5933 4.46364
C -9.97362 -4.50982 5.99452
C -11.37043 -5.03191 6.32866
C -12.21549 -4.18603 5.40205
C -11.11651 -3.4431 4.63448
O -10.04272 -4.34998 4.60134
H -10.3131 -3.04001 7.5381
H -11.35432 -1.62098 5.85932
H -9.21362 -5.2288 6.37077
H -11.41259 -6.08925 5.98063
H -11.65593 -4.99065 7.40178
H -12.78174 -4.86487 4.72627
H -12.91086 -3.47898 5.90419
H -11.50334 -3.10939 3.6461
O -2.63978 -4.84257 5.87785
C -2.00297 -2.9919 0.92646
C -4.70075 -6.66085 2.21764
C -4.52917 -8.17255 2.07387
C -4.4077 -8.58211 3.52772
C -4.66854 -7.23652 4.21564
O -5.54501 -6.57111 3.33883
H -2.5407 -6.56684 2.15123
H -2.50349 -6.88601 4.48703
H -1.7396 -2.32606 1.776
H -5.09614 -6.22851 1.2722
H -5.49007 -8.56888 1.67351
H -3.69741 -8.50399 1.41576
H -5.21842 -9.30896 3.75652
H -3.42248 -9.00464 3.82145
H -5.03409 -7.3939 5.2544
H -2.88648 -2.58482 0.3897
H -1.14512 -3.03149 0.2243
H -8.08526 1.42991 5.14701
H -8.83882 1.00537 3.56207
H -7.39825 0.07688 4.16965
H -5.95806 -2.11671 6.82072
H -6.00693 -2.50785 5.07043
H -4.20079 -3.397 6.67657
H -5.38569 -4.60772 7.28275
$end

$opt
CONSTRAINT
tors           1           2           3           4     -47.368
tors           3           4           5           6     +85.263
tors           4           5           6           7    +161.053
tors           5           6           7           8    +142.105
tors           6           7           8           9     +85.263
tors           7           8           9          10    +142.105
tors           8           9          10          11    +161.053
tors           9          10          11          12    -104.211
tors          11          12          13          14    +104.211
ENDCONSTRAINT
$end

$rem
JOBTYPE                   OPT
METHOD                    B3LYP
DFT_D                     d3_op
BASIS                     STO-3G
GEOM_OPT_MAX_CYCLES       100
GEOM_OPT_TOL_GRADIENT     300
GEOM_OPT_TOL_DISPLACEMENT 1200
GEOM_OPT_TOL_ENERGY       100
SYMMETRY                  False
THRESH                    12
SCF_CONVERGENCE           8
MAX_SUB_FILE_NUM          128
MEM_STATIC                400
MEM_TOTAL                 4000
$end
