$molecule
0  1
O -3.94934 -3.66094 2.70899
C -3.26408 -4.56952 2.26188
C -3.36658 -6.02376 2.66595
C -4.25419 -6.35572 3.87665
C -5.08044 -5.22016 4.4387
O -4.45405 -4.02959 4.2029
C -3.63384 -4.04746 3.02979
C -4.50038 -4.20748 1.78495
O -4.4013 -5.55182 1.28917
C -3.63148 -5.7105 0.18403
C -2.29607 -5.01361 0.29219
C -2.3612 -3.56411 0.79516
C -3.66622 -3.14761 1.44335
O -4.36564 -2.20941 1.08955
O -1.56581 -4.44126 2.62926
O -5.95487 -4.08736 2.95721
O -3.89744 -6.55793 -0.66294
C -7.04515 -3.25894 3.16477
C -0.79834 -5.38028 0.08241
C -0.3004 -4.95291 -1.2882
C -0.42347 -3.41799 -1.11485
C -0.80058 -3.28188 0.40486
O -0.10279 -4.42948 0.84776
H -2.53309 -4.77897 -0.77381
H -2.62456 -2.90221 -0.06752
H -0.58262 -6.43263 0.37056
H 0.77302 -5.25424 -1.33538
H -0.84549 -5.40061 -2.1464
H 0.59277 -3.0026 -1.29828
H -1.15303 -2.92883 -1.7899
H -0.43539 -2.31085 0.79928
O -5.84954 -5.36402 5.37793
C -0.75624 -3.44969 3.26429
C -3.47396 -7.59168 2.1265
C -2.95523 -8.69637 3.0918
C -4.13666 -8.83416 4.02901
C -4.98414 -7.67606 3.53421
O -4.85979 -7.81954 2.14352
H -2.35712 -6.29211 3.0441
H -3.60381 -6.539 4.76859
H -0.73049 -3.56942 4.36806
H -2.93763 -7.79638 1.17881
H -2.83219 -9.66901 2.56415
H -1.99564 -8.41358 3.5736
H -4.69688 -9.76656 3.78731
H -3.88517 -8.82754 5.11145
H -6.02079 -7.72996 3.93172
H -1.10399 -2.4258 3.01119
H 0.31026 -3.57205 2.99178
H -7.21448 -3.13427 4.25432
H -7.94611 -3.70501 2.69828
H -6.84367 -2.26537 2.71444
H -5.5222 -4.06831 1.0127
H -5.5222 -4.06831 1.0127
H -2.83232 -3.91447 4.22948
H -2.83232 -3.91447 4.22948
$end

$opt
CONSTRAINT
tors           1           2           3           4      -9.474
tors           3           4           5           6     -28.421
tors           4           5           6           7     +28.421
tors           5           6           7           8     +66.316
tors           6           7           8           9    -104.211
tors           7           8           9          10    -104.211
tors           8           9          10          11     +47.368
tors           9          10          11          12     -47.368
tors          11          12          13          14    -123.158
ENDCONSTRAINT
$end

$rem
JOBTYPE                   OPT
METHOD                    B3LYP
DFT_D                     d3_op
BASIS                     STO-3G
GEOM_OPT_MAX_CYCLES       100
GEOM_OPT_TOL_GRADIENT     300
GEOM_OPT_TOL_DISPLACEMENT 1200
GEOM_OPT_TOL_ENERGY       100
SYMMETRY                  False
THRESH                    12
SCF_CONVERGENCE           8
MAX_SUB_FILE_NUM          128
MEM_STATIC                400
MEM_TOTAL                 4000
$end
