$molecule
0  1
O -3.94934 -3.66094 2.70899
C -3.26408 -4.56952 2.26188
C -3.36658 -6.02376 2.66595
C -4.55778 -6.42467 3.55148
C -5.60993 -5.36381 3.78738
O -5.37997 -4.29275 2.97168
C -4.37078 -4.54107 1.98724
C -3.99766 -6.01987 1.97842
O -4.91618 -6.76125 2.79668
C -6.00231 -6.07176 3.2257
C -6.13989 -4.72048 2.56556
C -5.18309 -4.47394 1.38997
C -4.49914 -5.70297 0.8257
O -4.76863 -6.85979 1.11505
O -1.9376 -4.24124 1.82072
O -3.9173 -5.49097 -0.45702
O -7.06114 -6.9211 3.26625
C -3.6589 -6.44556 -1.42691
C -7.55093 -4.95918 1.66637
C -8.24844 -3.70183 1.04684
C -7.43666 -3.54505 -0.17456
C -6.34196 -4.61423 0.13359
O -7.14252 -5.66548 0.55143
H -7.23568 -4.03899 3.06321
H -5.59997 -3.27919 0.97494
H -8.39351 -5.47836 2.19685
H -9.29442 -3.92454 0.73534
H -8.25584 -2.80807 1.7085
H -8.02371 -3.9108 -1.05097
H -7.09796 -2.50796 -0.39316
H -5.94396 -4.74986 -0.89758
O -5.8678 -4.92542 5.07232
C -1.32786 -3.01016 1.97693
C -2.23835 -7.16748 3.37072
C -1.68275 -6.96873 4.82825
C -2.88717 -7.34741 5.67116
C -3.88539 -7.71415 4.55034
O -3.02855 -8.3173 3.60129
H -2.55541 -5.47156 3.41989
H -4.10084 -5.84688 4.4911
H -1.25508 -2.76419 3.05718
H -1.36754 -7.33919 2.69812
H -0.89844 -7.7418 4.99483
H -1.23435 -5.97674 5.05447
H -2.64063 -8.26008 6.25846
H -3.2605 -6.55927 6.36048
H -4.69574 -8.37771 4.92195
H -1.88575 -2.20616 1.45577
H -0.30415 -3.05805 1.55314
H -2.5705 -6.46369 -1.64045
H -4.2012 -6.17377 -2.35544
H -3.98441 -7.46085 -1.11727
H -2.8059 -6.84215 1.00559
H -2.8059 -6.84215 1.00559
H -3.70824 -3.38293 0.74013
H -3.70824 -3.38293 0.74013
$end

$opt
CONSTRAINT
tors           1           2           3           4      +9.474
tors           3           4           5           6      +9.474
tors           4           5           6           7      +9.474
tors           5           6           7           8      +9.474
tors           6           7           8           9      +9.474
tors           7           8           9          10      +9.474
tors           8           9          10          11      +9.474
tors           9          10          11          12      +9.474
tors          11          12          13          14      +9.474
ENDCONSTRAINT
$end

$rem
JOBTYPE                   OPT
METHOD                    B3LYP
DFT_D                     d3_op
BASIS                     STO-3G
GEOM_OPT_MAX_CYCLES       100
GEOM_OPT_TOL_GRADIENT     300
GEOM_OPT_TOL_DISPLACEMENT 1200
GEOM_OPT_TOL_ENERGY       100
SYMMETRY                  False
THRESH                    12
SCF_CONVERGENCE           8
MAX_SUB_FILE_NUM          128
MEM_STATIC                400
MEM_TOTAL                 4000
$end
