$molecule
0  1
O -3.94934 -3.66094 2.70899
C -3.26408 -4.56952 2.26188
C -3.36658 -6.02376 2.66595
C -4.73745 -6.52338 3.15068
C -5.89497 -5.55994 3.00924
O -5.89496 -5.0153 1.75672
C -4.71279 -5.32124 1.00964
C -3.47312 -5.07517 1.86333
O -2.68866 -6.27554 1.94454
C -1.4038 -6.1619 1.52578
C -1.22017 -5.09439 0.47347
C -1.46675 -3.65829 0.95832
C -1.50426 -3.46547 2.46103
O -1.04955 -2.50401 3.06384
O -3.25522 -4.05658 0.07513
O -1.04245 -4.5186 3.25164
O -0.53034 -6.94496 1.87451
C -0.62002 -4.5304 4.58395
C 0.23641 -5.09156 -0.02132
C 0.3414 -4.36304 -1.36312
C 0.2234 -2.94116 -0.89304
C 0.00799 -3.17137 0.6091
O 0.85922 -4.2474 0.88618
H -1.77217 -5.50119 -0.4085
H -1.77111 -2.66237 0.55563
H 0.6732 -6.11006 -0.11845
H 1.35361 -4.5127 -1.80152
H -0.43444 -4.6874 -2.08999
H 1.21802 -2.45466 -1.01735
H -0.54354 -2.32197 -1.40214
H 0.31507 -2.22989 1.12521
O -6.7864 -5.36859 3.82379
C -3.69772 -2.95003 -0.70126
C -3.24394 -7.99656 3.05853
C -3.66864 -8.65456 4.41136
C -5.15189 -8.80491 4.13067
C -5.18229 -7.99734 2.83547
O -4.12066 -8.53362 2.1478
H -2.71726 -6.09943 3.8434
H -4.78388 -6.51066 4.27731
H -4.04243 -2.11691 -0.05144
H -2.20513 -8.36273 2.89935
H -3.24115 -9.6729 4.54582
H -3.38293 -7.99867 5.26229
H -5.3957 -9.85987 3.87029
H -5.8173 -8.4503 4.94765
H -6.13698 -8.07539 2.27056
H -4.53038 -3.27274 -1.35939
H -2.88317 -2.58758 -1.35951
H -1.20382 -5.26689 5.16854
H -0.73045 -3.55 5.09288
H 0.44648 -4.83278 4.61969
H -4.70116 -3.88805 1.06911
H -3.94778 -4.81179 4.06913
H -4.9236 -5.37587 -0.12437
H -4.7767 -6.4206 0.78131
$end

$opt
CONSTRAINT
tors           1           2           3           4     +28.421
tors           3           4           5           6     +47.368
tors           4           5           6           7      -9.474
tors           5           6           7           8     -47.368
tors           6           7           8           9    +123.158
tors           7           8           9          10    +123.158
tors           8           9          10          11     -28.421
tors           9          10          11          12     +66.316
tors          11          12          13          14    +142.105
ENDCONSTRAINT
$end

$rem
JOBTYPE                   OPT
METHOD                    B3LYP
DFT_D                     d3_op
BASIS                     STO-3G
GEOM_OPT_MAX_CYCLES       100
GEOM_OPT_TOL_GRADIENT     300
GEOM_OPT_TOL_DISPLACEMENT 1200
GEOM_OPT_TOL_ENERGY       100
SYMMETRY                  False
THRESH                    12
SCF_CONVERGENCE           8
MAX_SUB_FILE_NUM          128
MEM_STATIC                400
MEM_TOTAL                 4000
$end
