$molecule
0  1
O -3.94934 -3.66094 2.70899
C -3.26408 -4.56952 2.26188
C -3.36658 -6.02376 2.66595
C -4.77372 -6.64113 2.71769
C -5.90468 -5.78727 2.1886
O -7.01763 -5.96077 2.96105
C -7.26545 -4.86332 3.84618
C -8.05519 -3.77525 3.12609
O -8.86517 -4.36005 2.09419
C -8.18308 -4.91713 1.06289
C -7.42482 -3.90134 0.242
C -8.0373 -2.49317 0.22788
C -9.08068 -2.21572 1.29141
O -9.44007 -1.10671 1.65953
O -2.37266 -4.26697 1.28049
O -10.21218 -2.94769 0.98901
O -8.62659 -5.93018 0.538
C -11.45179 -2.86394 1.60425
C -5.91357 -3.42316 0.28667
C -5.50402 -2.82398 -1.07976
C -6.11371 -1.45013 -0.98484
C -6.81542 -1.56783 0.359
O -5.90764 -2.30269 1.12693
H -7.52433 -4.32727 -0.78234
H -8.55644 -2.26105 -0.73159
H -5.1072 -4.13336 0.46609
H -4.40218 -2.6979 -1.15456
H -5.83933 -3.43561 -1.94474
H -5.29742 -0.7008 -0.87097
H -6.76895 -1.15918 -1.83398
H -7.06719 -0.55529 0.74324
O -5.9946 -6.0377 0.99591
C -2.0375 -2.983 0.90262
C -2.62351 -7.02244 1.75482
C -2.27637 -8.28691 2.54071
C -3.64125 -8.92645 2.66415
C -4.49101 -7.92388 1.87752
O -3.61827 -7.47047 0.86975
H -2.92179 -6.04163 3.68623
H -5.0476 -6.96768 3.74807
H -1.57013 -2.4477 1.75638
H -1.70012 -6.61288 1.29269
H -1.6425 -8.93101 1.88998
H -1.74898 -8.10134 3.50116
H -3.62173 -9.90017 2.12523
H -4.00508 -9.07946 3.70295
H -5.42668 -8.41748 1.53311
H -2.93562 -2.42454 0.5729
H -1.31006 -3.02684 0.06649
H -11.72707 -3.86389 1.99837
H -12.21086 -2.55263 0.85769
H -11.45831 -2.14707 2.45305
H -8.67268 -3.21235 3.85921
H -7.30601 -3.07598 2.74616
H -6.37624 -4.50441 4.41212
H -7.96813 -5.27743 4.60034
$end

$opt
CONSTRAINT
tors           1           2           3           4     +47.368
tors           3           4           5           6    -142.105
tors           4           5           6           7    +104.211
tors           5           6           7           8     +85.263
tors           6           7           8           9     +28.421
tors           7           8           9          10     -66.316
tors           8           9          10          11     -66.316
tors           9          10          11          12     -28.421
tors          11          12          13          14    +161.053
ENDCONSTRAINT
$end

$rem
JOBTYPE                   OPT
METHOD                    B3LYP
DFT_D                     d3_op
BASIS                     STO-3G
GEOM_OPT_MAX_CYCLES       100
GEOM_OPT_TOL_GRADIENT     300
GEOM_OPT_TOL_DISPLACEMENT 1200
GEOM_OPT_TOL_ENERGY       100
SYMMETRY                  False
THRESH                    12
SCF_CONVERGENCE           8
MAX_SUB_FILE_NUM          128
MEM_STATIC                400
MEM_TOTAL                 4000
$end
