$molecule
0  1
O -3.94934 -3.66094 2.70899
C -3.26408 -4.56952 2.26188
C -3.36658 -6.02376 2.66595
C -4.06137 -6.97914 1.68189
C -4.41791 -6.40938 0.32677
O -5.7593 -6.15936 0.26688
C -6.55702 -7.2495 0.74069
C -7.95987 -6.76219 1.08807
O -7.88049 -5.56878 1.88327
C -7.73128 -5.76548 3.21676
C -7.01941 -7.05625 3.54508
C -6.42243 -7.12491 4.95829
C -6.91698 -6.07799 5.93609
O -7.92987 -6.16463 6.61514
O -2.38999 -4.27186 1.26207
O -6.08591 -5.02058 6.1365
O -7.93965 -4.8316 3.97258
C -6.34207 -3.98455 7.00976
C -7.92246 -8.35231 3.67659
C -7.10784 -9.62749 3.44927
C -6.23061 -9.62654 4.67677
C -6.89051 -8.48988 5.46334
O -8.22086 -8.48067 5.04338
H -6.14982 -7.11291 2.99425
H -5.31151 -7.07481 4.98341
H -8.84544 -8.39224 3.08365
H -7.83942 -10.46231 3.55538
H -6.5765 -9.79877 2.49686
H -6.32582 -10.61339 5.18113
H -5.15948 -9.39405 4.49162
H -6.7221 -8.61413 6.55639
O -3.63041 -5.89252 -0.45156
C -2.19605 -3.00871 0.74337
C -1.95852 -6.61292 2.80558
C -1.99523 -7.92985 3.58844
C -2.46944 -8.86753 2.50592
C -2.78624 -7.86292 1.38597
O -1.68592 -6.99251 1.48517
H -3.91286 -6.01121 3.62872
H -4.56384 -7.81762 2.13895
H -1.84128 -2.3189 1.53867
H -1.24564 -5.89837 3.27375
H -0.97914 -8.24804 3.91068
H -2.66708 -7.84925 4.47076
H -1.59842 -9.46511 2.151
H -3.27963 -9.56799 2.80128
H -2.85804 -8.42636 0.4269
H -3.14296 -2.62522 0.30678
H -1.42869 -3.05822 -0.05605
H -5.50268 -3.26041 6.97085
H -6.43396 -4.37134 8.04711
H -7.27863 -3.46244 6.71864
H -8.34734 -6.37906 0.11747
H -8.74784 -7.48613 1.31847
H -6.20929 -8.15178 1.22569
H -6.75127 -7.84274 -0.18137
$end

$opt
CONSTRAINT
tors           1           2           3           4    +104.211
tors           3           4           5           6    -104.211
tors           4           5           6           7     -47.368
tors           5           6           7           8    +161.053
tors           6           7           8           9     -47.368
tors           7           8           9          10     -85.263
tors           8           9          10          11     +28.421
tors           9          10          11          12    +161.053
tors          11          12          13          14     +85.263
ENDCONSTRAINT
$end

$rem
JOBTYPE                   OPT
METHOD                    B3LYP
DFT_D                     d3_op
BASIS                     STO-3G
GEOM_OPT_MAX_CYCLES       100
GEOM_OPT_TOL_GRADIENT     300
GEOM_OPT_TOL_DISPLACEMENT 1200
GEOM_OPT_TOL_ENERGY       100
SYMMETRY                  False
THRESH                    12
SCF_CONVERGENCE           8
MAX_SUB_FILE_NUM          128
MEM_STATIC                400
MEM_TOTAL                 4000
$end
