$molecule
0  1
O -3.94934 -3.66094 2.70899
C -3.26408 -4.56952 2.26188
C -3.36658 -6.02376 2.66595
C -3.63629 -7.04588 1.54953
C -3.59671 -6.52161 0.1312
O -2.43316 -6.9047 -0.47279
C -2.3218 -6.44431 -1.82367
C -1.00189 -6.90908 -2.43027
O -0.80327 -8.3054 -2.15875
C -1.3845 -8.76717 -1.02381
C -1.13974 -10.23964 -0.79453
C -1.77835 -10.81128 0.47972
C -2.83834 -9.94702 1.13254
O -3.92697 -9.67344 0.64818
O -2.313 -4.25587 1.33686
O -2.95445 -10.46298 2.39169
O -0.7536 -8.2751 -0.09422
C -4.13678 -10.88143 2.98713
C -1.79459 -11.14986 -1.85798
C -1.04243 -12.47814 -1.92331
C -1.43357 -13.08945 -0.59201
C -2.46278 -12.05902 -0.10971
O -3.02122 -11.54757 -1.29579
H -0.03642 -10.4217 -0.82816
H -0.98306 -11.0255 1.23168
H -1.84751 -10.68774 -2.86779
H -1.5161 -13.07018 -2.73943
H 0.05078 -12.41341 -2.11161
H -1.90705 -14.0773 -0.7859
H -0.60627 -13.19741 0.14263
H -3.17611 -12.52726 0.60167
O -4.48694 -5.85962 -0.38757
C -2.09707 -2.99015 0.83489
C -2.03869 -6.10947 3.41595
C -2.04971 -7.13081 4.50115
C -2.4077 -8.27659 3.66189
C -2.20525 -7.66015 2.21383
O -1.29496 -6.62754 2.41403
H -4.20487 -6.04957 3.4015
H -4.51616 -7.69174 1.74035
H -1.8189 -2.29471 1.65518
H -1.62189 -5.17275 3.86659
H -1.00084 -7.2165 4.87007
H -2.74452 -6.94272 5.34857
H -1.73069 -9.11397 3.95087
H -3.47655 -8.51572 3.82294
H -1.52397 -8.37905 1.84433
H -3.01165 -2.62246 0.32232
H -1.26744 -3.02832 0.09954
H -3.92256 -11.22222 4.02067
H -4.57011 -11.72959 2.41721
H -4.88288 -10.05981 3.02271
H -0.97282 -6.71073 -3.5223
H -0.17122 -6.34729 -1.95031
H -2.3834 -5.33437 -1.888
H -3.14613 -6.89266 -2.42444
$end

$opt
CONSTRAINT
tors           1           2           3           4    +123.158
tors           3           4           5           6    +104.211
tors           4           5           6           7    -180.000
tors           5           6           7           8    -180.000
tors           6           7           8           9     +47.368
tors           7           8           9          10     -28.421
tors           8           9          10          11    -180.000
tors           9          10          11          12    -180.000
tors          11          12          13          14     +66.316
ENDCONSTRAINT
$end

$rem
JOBTYPE                   OPT
METHOD                    B3LYP
DFT_D                     d3_op
BASIS                     STO-3G
GEOM_OPT_MAX_CYCLES       100
GEOM_OPT_TOL_GRADIENT     300
GEOM_OPT_TOL_DISPLACEMENT 1200
GEOM_OPT_TOL_ENERGY       100
SYMMETRY                  False
THRESH                    12
SCF_CONVERGENCE           8
MAX_SUB_FILE_NUM          128
MEM_STATIC                400
MEM_TOTAL                 4000
$end
