$molecule
0  1
O -3.94934 -3.66094 2.70899
C -3.26408 -4.56952 2.26188
C -3.36658 -6.02376 2.66595
C -4.25719 -6.93189 1.80226
C -4.80429 -6.32601 0.52881
O -4.57231 -7.16695 -0.52211
C -4.23162 -8.49639 -0.11495
C -5.23866 -9.00633 0.9107
O -6.48427 -9.31121 0.26388
C -6.39482 -10.11666 -0.82351
C -6.07019 -11.54854 -0.46997
C -5.71748 -12.44632 -1.66489
C -5.39393 -11.72707 -2.95899
O -4.73342 -12.18667 -3.87935
O -2.43696 -4.30689 1.21557
O -5.60037 -10.39817 -3.14908
O -7.30672 -9.94265 -1.6234
C -5.2604 -9.65372 -4.26452
C -5.06066 -12.17451 0.55592
C -5.42486 -13.6415 0.89371
C -4.86796 -14.36122 -0.30097
C -4.45448 -13.17294 -1.14484
O -3.89023 -12.29327 -0.201
H -7.05216 -11.87451 -0.05729
H -6.51003 -13.1818 -1.93031
H -4.99732 -11.76228 1.57761
H -4.87875 -14.0088 1.7927
H -6.51686 -13.77195 1.05503
H -3.93047 -14.88516 -0.00398
H -5.55765 -15.08493 -0.78614
H -3.76663 -13.51971 -1.94706
O -5.41852 -5.27545 0.42888
C -2.2635 -3.05901 0.65518
C -2.01654 -6.6255 3.02338
C -2.152 -7.44127 4.29523
C -3.16307 -8.44491 3.81836
C -3.14334 -8.1247 2.2916
O -1.88057 -7.5801 2.04877
H -3.91218 -5.87695 3.63521
H -5.19456 -6.96311 2.40625
H -1.87068 -2.34979 1.41475
H -1.17734 -5.89852 3.0935
H -1.16631 -7.93428 4.45847
H -2.45059 -6.88981 5.21286
H -2.78566 -9.45698 4.09334
H -4.19284 -8.30195 4.21165
H -3.10049 -9.16565 1.94535
H -3.22837 -2.68309 0.25253
H -1.53386 -3.13249 -0.17708
H -5.56886 -8.60039 -4.10457
H -5.78427 -10.04791 -5.16112
H -4.1617 -9.68169 -4.42521
H -4.76485 -9.9105 1.13909
H -5.54413 -8.83808 1.95636
H -3.13318 -8.54496 0.00109
H -4.23388 -9.12147 -1.0287
$end

$opt
CONSTRAINT
tors           1           2           3           4     +94.367
tors           3           4           5           6    +130.438
tors           4           5           6           7     +16.012
tors           5           6           7           8     +49.605
tors           6           7           8           9     +73.220
tors           7           8           9          10     +51.302
tors           8           9          10          11     +71.916
tors           9          10          11          12    -169.832
tors          11          12          13          14    +157.387
ENDCONSTRAINT
$end

$rem
JOBTYPE                   OPT
METHOD                    B3LYP
DFT_D                     d3_op
BASIS                     STO-3G
GEOM_OPT_MAX_CYCLES       100
GEOM_OPT_TOL_GRADIENT     300
GEOM_OPT_TOL_DISPLACEMENT 1200
GEOM_OPT_TOL_ENERGY       100
SYMMETRY                  False
THRESH                    12
SCF_CONVERGENCE           8
MAX_SUB_FILE_NUM          128
MEM_STATIC                400
MEM_TOTAL                 4000
$end
