$molecule
0  1
O -3.94934 -3.66094 2.70899
C -3.26408 -4.56952 2.26188
C -3.36658 -6.02376 2.66595
C -2.17129 -6.93154 2.33267
C -0.93485 -6.24753 1.79282
O 0.18387 -6.83054 2.31627
C 0.91608 -5.96235 3.18769
C 1.8076 -6.77994 4.11661
O 2.67285 -7.62702 3.34417
C 3.97234 -7.64183 3.7318
C 4.72028 -8.85668 3.23645
C 4.98265 -9.93333 4.29959
C 4.17216 -9.81432 5.5746
O 3.73327 -10.75143 6.22556
O -2.77296 -4.32905 1.02044
O 4.24879 -8.62336 6.22512
O 4.49956 -6.7838 4.42971
C 3.67579 -8.35352 7.45116
C 3.97652 -9.71726 2.17942
C 4.98981 -10.5075 1.35237
C 5.46699 -11.51316 2.37746
C 4.52007 -11.18865 3.53828
O 3.3446 -10.73529 2.91467
H 5.6444 -8.47573 2.7461
H 6.05133 -9.95686 4.60585
H 3.32679 -9.12912 1.49534
H 4.41062 -11.04783 0.56901
H 5.79037 -9.91146 0.86391
H 5.28111 -12.53529 1.97916
H 6.52993 -11.4094 2.68611
H 4.41072 -12.07638 4.19892
O -0.87583 -5.76699 0.67294
C -2.75376 -3.09935 0.39117
C -3.44896 -6.19278 4.19705
C -4.16256 -7.49851 4.53186
C -3.11473 -8.50171 4.1082
C -1.9605 -7.55937 3.73886
O -2.12872 -6.45946 4.59562
H -4.3129 -6.39396 2.21087
H -2.4376 -7.71682 1.59084
H -2.16007 -2.37492 0.9886
H -3.95146 -5.34627 4.71415
H -4.26442 -7.53655 5.64045
H -5.1635 -7.63207 4.06798
H -2.85224 -9.12502 4.99208
H -3.39802 -9.15425 3.25417
H -1.01241 -8.12506 3.84675
H -3.78879 -2.71888 0.25637
H -2.28323 -3.2098 -0.60724
H 3.89473 -7.3026 7.73047
H 4.09726 -9.02526 8.22917
H 2.57422 -8.48619 7.39388
H 2.32683 -6.09255 4.82046
H 1.14932 -7.43353 4.72721
H 0.22779 -5.37097 3.83515
H 1.52886 -5.25812 2.58402
$end

$opt
CONSTRAINT
tors           1           2           3           4    -161.837
tors           3           4           5           6    +141.002
tors           4           5           6           7    -113.258
tors           5           6           7           8    +158.951
tors           6           7           8           9     +55.933
tors           7           8           9          10    +134.368
tors           8           9          10          11    +160.068
tors           9          10          11          12    -104.211
tors          11          12          13          14    +143.829
ENDCONSTRAINT
$end

$rem
JOBTYPE                   OPT
METHOD                    B3LYP
DFT_D                     d3_op
BASIS                     STO-3G
GEOM_OPT_MAX_CYCLES       100
GEOM_OPT_TOL_GRADIENT     300
GEOM_OPT_TOL_DISPLACEMENT 1200
GEOM_OPT_TOL_ENERGY       100
SYMMETRY                  False
THRESH                    12
SCF_CONVERGENCE           8
MAX_SUB_FILE_NUM          128
MEM_STATIC                400
MEM_TOTAL                 4000
$end
