$molecule
0  1
O -3.94934 -3.66094 2.70899
C -3.26408 -4.56952 2.26188
C -3.36658 -6.02376 2.66595
C -3.62738 -7.04685 1.54831
C -3.5797 -6.52313 0.13002
O -3.33803 -7.55101 -0.73628
C -4.40458 -8.50431 -0.79054
C -4.0644 -9.61817 -1.77528
O -3.84112 -9.06501 -3.08182
C -2.84536 -9.64386 -3.79773
C -2.94277 -9.35948 -5.2777
C -4.34117 -9.55047 -5.88289
C -5.48351 -9.64183 -4.89121
O -6.67161 -9.66265 -5.17852
O -2.28671 -4.26058 1.36692
O -5.22619 -10.73366 -4.09531
O -2.03252 -10.43938 -3.34335
C -6.09051 -11.76385 -3.71943
C -2.69757 -7.87507 -5.62014
C -2.24127 -7.75534 -7.07325
C -3.52413 -8.10513 -7.80103
C -4.49219 -8.20639 -6.61548
O -3.97919 -7.29819 -5.6714
H -2.16311 -9.96784 -5.7909
H -4.39979 -10.43703 -6.55314
H -1.96575 -7.38324 -4.94242
H -2.01496 -6.67894 -7.2489
H -1.35523 -8.36346 -7.35606
H -3.79134 -7.25571 -8.46798
H -3.49881 -9.05415 -8.37943
H -5.53678 -8.02074 -6.95041
O -4.23931 -5.56009 -0.23202
C -2.03955 -2.9906 0.88975
C -2.04027 -6.54021 3.24877
C -2.30165 -7.74221 4.15255
C -2.6547 -8.79199 3.12299
C -2.43173 -8.00037 1.82913
O -1.38582 -7.11727 2.14837
H -4.15582 -6.07194 3.45088
H -4.61662 -7.52544 1.71121
H -1.7721 -2.31171 1.72741
H -1.473 -5.75945 3.80215
H -1.33119 -8.01891 4.62365
H -3.06244 -7.5792 4.94598
H -1.91525 -9.62009 3.20208
H -3.68717 -9.19828 3.18889
H -2.21567 -8.71746 1.00971
H -2.93519 -2.60078 0.36032
H -1.1916 -3.02942 0.17569
H -6.18789 -11.81975 -2.61886
H -5.66967 -12.72687 -4.07389
H -7.11226 -11.66817 -4.14122
H -3.19386 -10.17656 -1.36446
H -4.93534 -10.28672 -1.76936
H -5.34113 -8.00381 -1.12653
H -4.58484 -9.00748 0.18137
$end

$opt
CONSTRAINT
tors           1           2           3           4    +123.537
tors           3           4           5           6    +157.967
tors           4           5           6           7     +65.968
tors           5           6           7           8    +179.984
tors           6           7           8           9     -58.947
tors           7           8           9          10    +142.105
tors           8           9          10          11    +161.053
tors           9          10          11          12     -46.798
tors          11          12          13          14    +172.468
ENDCONSTRAINT
$end

$rem
JOBTYPE                   OPT
METHOD                    B3LYP
DFT_D                     d3_op
BASIS                     STO-3G
GEOM_OPT_MAX_CYCLES       100
GEOM_OPT_TOL_GRADIENT     300
GEOM_OPT_TOL_DISPLACEMENT 1200
GEOM_OPT_TOL_ENERGY       100
SYMMETRY                  False
THRESH                    12
SCF_CONVERGENCE           8
MAX_SUB_FILE_NUM          128
MEM_STATIC                400
MEM_TOTAL                 4000
$end
