$molecule
0  1
O -3.94934 -3.66094 2.70899
C -3.26408 -4.56952 2.26188
C -3.36658 -6.02376 2.66595
C -3.41669 -6.33291 4.1712
C -3.53792 -5.14515 5.09996
O -4.81318 -4.65735 5.06538
C -5.15006 -3.87957 6.219
C -6.08801 -4.66686 7.12814
O -5.35378 -5.20915 8.23706
C -5.9963 -5.18194 9.43103
C -5.40739 -6.14095 10.43808
C -5.98987 -7.56127 10.39686
C -6.79 -7.91164 9.15842
O -7.04552 -9.04457 8.77665
O -2.2765 -4.26597 1.37886
O -7.62131 -6.95714 8.6576
O -6.80654 -4.32103 9.75097
C -8.56028 -7.15805 7.66388
C -3.90408 -6.43028 10.25288
C -3.30307 -6.91419 11.57146
C -3.92233 -8.29219 11.67382
C -4.66907 -8.359 10.3369
O -3.87448 -7.59242 9.46398
H -5.55932 -5.67857 11.44017
H -6.60691 -7.82679 11.28299
H -3.33238 -5.55737 9.86827
H -2.20709 -7.02834 11.40972
H -3.4771 -6.24962 12.44491
H -3.10165 -9.04326 11.69995
H -4.60668 -8.44469 12.53633
H -4.82411 -9.42064 10.04331
O -2.69749 -4.87331 5.94925
C -2.01944 -2.99594 0.90645
C -4.70402 -6.66174 2.22592
C -4.53798 -8.17597 2.09572
C -4.42391 -8.57509 3.55387
C -4.67415 -7.22253 4.23028
O -5.54739 -6.56003 3.3475
H -2.54411 -6.56942 2.14868
H -2.49959 -6.88082 4.4842
H -1.75827 -2.31939 1.74808
H -5.09877 -6.23636 1.27711
H -5.49847 -8.57293 1.69512
H -3.70477 -8.51496 1.44334
H -5.24297 -9.29095 3.78764
H -3.44396 -9.00586 3.85326
H -5.03839 -7.36299 5.27219
H -2.90801 -2.60125 0.36865
H -1.16415 -3.03624 0.20122
H -9.07684 -6.1993 7.45316
H -9.31399 -7.90479 7.99269
H -8.06405 -7.51026 6.73411
H -6.86068 -3.94344 7.47342
H -6.62139 -5.45278 6.55478
H -5.73463 -3.03226 5.79907
H -4.32188 -3.38245 6.77332
$end

$opt
CONSTRAINT
tors           1           2           3           4     -47.368
tors           3           4           5           6     +75.018
tors           4           5           6           7    +158.888
tors           5           6           7           8    -106.090
tors           6           7           8           9    +101.723
tors           7           8           9          10    +140.964
tors           8           9          10          11    +161.053
tors           9          10          11          12     -88.167
tors          11          12          13          14    +160.684
ENDCONSTRAINT
$end

$rem
JOBTYPE                   OPT
METHOD                    B3LYP
DFT_D                     d3_op
BASIS                     STO-3G
GEOM_OPT_MAX_CYCLES       100
GEOM_OPT_TOL_GRADIENT     300
GEOM_OPT_TOL_DISPLACEMENT 1200
GEOM_OPT_TOL_ENERGY       100
SYMMETRY                  False
THRESH                    12
SCF_CONVERGENCE           8
MAX_SUB_FILE_NUM          128
MEM_STATIC                400
MEM_TOTAL                 4000
$end
