$molecule
0  1
O -3.94934 -3.66094 2.70899
C -3.26408 -4.56952 2.26188
C -3.36658 -6.02376 2.66595
C -2.97023 -7.07442 1.61577
C -2.34713 -6.55154 0.34046
O -1.33456 -7.37875 -0.05432
C -1.11271 -7.36208 -1.46845
C -0.56857 -8.70968 -1.93106
O -0.45439 -9.60187 -0.81131
C -0.79908 -10.89063 -1.05507
C 0.35849 -11.84834 -0.90188
C 1.53627 -11.59795 -1.855
C 1.54756 -10.25243 -2.55224
O 2.52482 -9.72968 -3.06824
O -2.1137 -4.20525 1.63123
O 0.53635 -10.37226 -3.47694
O -1.92165 -11.22558 -1.40383
C 0.46678 -9.81614 -4.75219
C 1.04553 -11.75982 0.47048
C 1.78181 -13.06577 0.7615
C 2.92653 -12.9682 -0.22581
C 2.67226 -11.57164 -0.80657
O 2.1023 -10.85764 0.26427
H -0.05428 -12.87287 -1.04557
H 1.70204 -12.4005 -2.60954
H 0.34234 -11.51441 1.2965
H 2.19364 -12.98692 1.79322
H 1.16436 -13.98631 0.68222
H 3.88186 -12.98538 0.34458
H 2.94122 -13.74797 -1.01774
H 3.6198 -11.15534 -1.21441
O -2.9307 -5.7689 -0.4027
C -1.78747 -2.91367 1.27234
C -2.36532 -6.36156 3.79204
C -2.88111 -7.54868 4.59905
C -2.70545 -8.66353 3.59278
C -1.97914 -7.91084 2.46891
O -1.25074 -6.91218 3.13509
H -4.39592 -6.17146 3.06498
H -3.85406 -7.67032 1.29792
H -1.73018 -2.26638 2.17317
H -2.15654 -5.5036 4.46882
H -2.15939 -7.70447 5.43321
H -3.90485 -7.44463 5.01846
H -2.05267 -9.44251 4.04603
H -3.64763 -9.12336 3.22337
H -1.38255 -8.64647 1.88887
H -2.54642 -2.51179 0.56744
H -0.79895 -2.91527 0.76931
H -0.44818 -9.19924 -4.85219
H 0.41122 -10.63483 -5.49832
H 1.33715 -9.17385 -5.00022
H -1.22282 -9.08758 -2.74899
H 0.41232 -8.32054 -2.24864
H -0.5039 -6.4771 -1.77106
H -2.08335 -7.26245 -2.01188
$end

$opt
CONSTRAINT
tors           1           2           3           4    +151.515
tors           3           4           5           6    +140.646
tors           4           5           6           7    +152.512
tors           5           6           7           8    -150.579
tors           6           7           8           9      +0.654
tors           7           8           9          10    +140.717
tors           8           9          10          11    +116.148
tors           9          10          11          12     -61.185
tors          11          12          13          14    +160.684
ENDCONSTRAINT
$end

$rem
JOBTYPE                   OPT
METHOD                    B3LYP
DFT_D                     d3_op
BASIS                     STO-3G
GEOM_OPT_MAX_CYCLES       100
GEOM_OPT_TOL_GRADIENT     300
GEOM_OPT_TOL_DISPLACEMENT 1200
GEOM_OPT_TOL_ENERGY       100
SYMMETRY                  False
THRESH                    12
SCF_CONVERGENCE           8
MAX_SUB_FILE_NUM          128
MEM_STATIC                400
MEM_TOTAL                 4000
$end
