$molecule
0  1
O -3.94934 -3.66094 2.70899
C -3.26408 -4.56952 2.26188
C -3.36658 -6.02376 2.66595
C -2.20469 -6.60889 3.48539
C -1.15457 -5.62958 3.96108
O -0.27783 -6.25943 4.79777
C 0.96282 -5.56023 4.94332
C 2.05207 -6.24663 4.12569
O 2.59239 -7.35463 4.86276
C 2.29017 -7.37856 6.18459
C 0.92519 -7.96039 6.46561
C -0.22869 -6.94747 6.43679
C 0.08189 -5.61014 5.79507
O -0.74501 -4.76868 5.47453
O -2.40536 -4.28999 1.24326
O 0.63055 -4.9385 7.03999
O 3.1704 -7.319 7.03074
C 0.80905 -3.58138 7.28072
C 0.46756 -9.2257 5.71306
C -0.02233 -10.212 6.75102
C -1.16099 -9.38362 7.31677
C -1.22502 -8.21865 6.26024
O -0.73625 -8.84216 5.11128
H 1.06959 -8.21701 7.54687
H -0.55005 -6.7045 7.48211
H 1.22129 -9.65401 5.01812
H -0.4209 -11.0886 6.19049
H 0.72045 -10.55472 7.50347
H -2.06157 -10.04161 7.32795
H -0.99462 -8.96627 8.33393
H -2.27544 -8.07878 6.40297
O -0.82032 -4.75154 3.15327
C -2.21156 -3.03215 0.71126
C -4.66129 -6.24208 3.40278
C -4.94969 -7.73199 3.59125
C -3.98386 -8.02275 4.70354
C -3.20741 -6.69418 4.73726
O -4.25953 -5.77348 4.61957
H -3.44343 -6.56916 1.69851
H -1.81637 -7.61043 3.20274
H -1.83736 -2.33929 1.49507
H -5.52225 -5.71776 2.93086
H -5.98453 -7.92566 3.95055
H -4.76008 -8.28632 2.64607
H -4.56177 -8.06544 5.65576
H -3.40718 -8.96467 4.58656
H -2.7425 -6.37582 5.67813
H -3.16305 -2.64393 0.28915
H -1.45848 -3.09296 -0.10088
H 1.87494 -3.39591 7.5265
H 0.18253 -3.27542 8.14292
H 0.54555 -2.96173 6.39733
H 1.5805 -6.65324 3.20239
H 2.91636 -5.63141 3.74688
H 2.00449 -4.98669 5.42508
H 1.06943 -4.64215 4.15516
$end

$opt
CONSTRAINT
tors           1           2           3           4    -109.906
tors           3           4           5           6    +173.027
tors           4           5           6           7    +160.722
tors           5           6           7           8    -103.537
tors           6           7           8           9     -82.447
tors           7           8           9          10     -14.905
tors           8           9          10          11     +82.062
tors           9          10          11          12     -88.167
tors          11          12          13          14    +166.966
ENDCONSTRAINT
$end

$rem
JOBTYPE                   OPT
METHOD                    B3LYP
DFT_D                     d3_op
BASIS                     STO-3G
GEOM_OPT_MAX_CYCLES       100
GEOM_OPT_TOL_GRADIENT     300
GEOM_OPT_TOL_DISPLACEMENT 1200
GEOM_OPT_TOL_ENERGY       100
SYMMETRY                  False
THRESH                    12
SCF_CONVERGENCE           8
MAX_SUB_FILE_NUM          128
MEM_STATIC                400
MEM_TOTAL                 4000
$end
