$molecule
0  1
O -3.94934 -3.66094 2.70899
C -3.26408 -4.56952 2.26188
C -3.36658 -6.02376 2.66595
C -2.78731 -6.41502 4.03533
C -2.33019 -5.27925 4.92368
O -2.57237 -4.08354 4.30965
C -1.64887 -3.79507 3.25457
C -1.22246 -2.33196 3.31467
O 0.03042 -2.15898 2.63405
C 0.48371 -0.88284 2.56229
C 1.86878 -0.78294 1.96878
C 2.79657 0.22881 2.65714
C 2.34722 0.71673 4.01976
O 2.62297 0.18959 5.08777
O -2.76873 -4.41854 0.98847
O 1.51939 1.79427 4.01857
O -0.24429 0.09187 2.70342
C 0.98168 2.36271 5.15419
C 2.73159 -2.06428 2.0259
C 3.80918 -2.00988 0.94291
C 4.72906 -0.95186 1.51157
C 4.03547 -0.67582 2.84896
O 3.47825 -1.91806 3.2055
H 1.70846 -0.49336 0.90592
H 3.05918 1.11925 2.04385
H 2.16009 -3.01088 1.92154
H 4.34416 -2.98668 0.95523
H 3.43292 -1.81105 -0.08367
H 5.72731 -1.41208 1.68551
H 4.83656 -0.0321 0.89689
H 4.76318 -0.24435 3.57188
O -2.01772 -5.38209 6.09958
C -2.89155 -3.28434 0.21138
C -4.83611 -6.44812 2.86055
C -4.96964 -7.96466 2.72509
C -4.32498 -8.42043 4.01684
C -4.02782 -7.06771 4.6713
O -5.07709 -6.24112 4.23049
H -2.92124 -6.64069 1.8515
H -1.93027 -7.11878 3.95072
H -2.39216 -2.42112 0.69181
H -5.53244 -5.93937 2.1578
H -6.0556 -8.20765 2.76746
H -4.5332 -8.39373 1.79758
H -5.08457 -8.9752 4.6116
H -3.40887 -9.03893 3.89966
H -3.93163 -7.18827 5.77289
H -3.96448 -3.05188 0.04285
H -2.40811 -3.46498 -0.77034
H 0.34666 3.22456 4.86371
H 1.79274 2.7244 5.82185
H 0.35368 1.62095 5.69255
H -2.02067 -1.71755 2.84643
H -1.11504 -1.99695 4.37484
H -1.06182 -4.53723 2.62198
H -0.69333 -4.06789 3.7753
$end

$opt
CONSTRAINT
tors           1           2           3           4     -74.825
tors           3           4           5           6      +1.719
tors           4           5           6           7     -75.245
tors           5           6           7           8    -137.566
tors           6           7           8           9    +158.096
tors           7           8           9          10    +176.895
tors           8           9          10          11    +173.860
tors           9          10          11          12    -139.383
tors          11          12          13          14     +89.296
ENDCONSTRAINT
$end

$rem
JOBTYPE                   OPT
METHOD                    B3LYP
DFT_D                     d3_op
BASIS                     STO-3G
GEOM_OPT_MAX_CYCLES       100
GEOM_OPT_TOL_GRADIENT     300
GEOM_OPT_TOL_DISPLACEMENT 1200
GEOM_OPT_TOL_ENERGY       100
SYMMETRY                  False
THRESH                    12
SCF_CONVERGENCE           8
MAX_SUB_FILE_NUM          128
MEM_STATIC                400
MEM_TOTAL                 4000
$end
