$molecule
0  1
O -3.94934 -3.66094 2.70899
C -3.26408 -4.56952 2.26188
C -3.36658 -6.02376 2.66595
C -2.7598 -6.42075 4.0217
C -2.27636 -5.28922 4.90148
O -2.5005 -5.59361 6.21393
C -1.67527 -4.84667 7.11412
C -0.66244 -5.76802 7.786
O 0.29166 -4.98991 8.52569
C 1.18923 -5.70299 9.25028
C 2.39117 -4.88795 9.66467
C 3.50299 -4.79177 8.60974
C 3.11668 -5.20303 7.2032
O 3.59093 -4.74281 6.17468
O -2.4303 -4.30105 1.22234
O 2.53781 -6.42973 7.08904
O 0.9716 -6.83042 9.6753
C 2.30348 -7.08252 5.8946
C 2.11078 -3.39745 9.93732
C 3.18207 -2.83402 10.86907
C 4.38183 -2.8197 9.94381
C 3.72494 -3.26469 8.63152
O 2.41249 -2.76214 8.71949
H 2.78066 -5.35911 10.5962
H 4.41073 -5.37387 8.88203
H 1.09743 -3.20991 10.35491
H 2.89498 -1.78194 11.09517
H 3.32527 -3.38658 11.82252
H 4.75005 -1.77263 9.86511
H 5.21461 -3.49667 10.23338
H 4.32581 -2.90666 7.76705
O -1.45143 -4.47759 4.49617
C -2.2373 -3.04597 0.6841
C -4.82171 -6.49109 2.82652
C -4.90754 -8.00098 2.62334
C -4.23662 -8.49067 3.88761
C -3.99378 -7.15982 4.61187
O -5.07122 -6.35249 4.20339
H -2.87364 -6.60706 1.85404
H -1.89071 -7.10512 3.89962
H -1.83605 -2.35642 1.45744
H -5.52768 -5.96929 2.14353
H -5.98577 -8.27705 2.66285
H -4.46668 -8.37708 1.67511
H -4.96799 -9.11274 4.45059
H -3.29318 -9.05881 3.73748
H -3.92687 -7.36569 5.70084
H -3.19511 -2.64804 0.28591
H -1.50602 -3.1151 -0.14712
H 1.80942 -8.05375 6.10203
H 3.26226 -7.27472 5.36763
H 1.63708 -6.4718 5.24819
H -1.21529 -6.47764 8.44147
H -0.12802 -6.34134 7.00162
H -2.31288 -4.36072 7.88265
H -1.09527 -4.01951 6.64921
$end

$opt
CONSTRAINT
tors           1           2           3           4     -76.134
tors           3           4           5           6    +144.887
tors           4           5           6           7    +158.888
tors           5           6           7           8    -111.293
tors           6           7           8           9    +171.143
tors           7           8           9          10    +175.356
tors           8           9          10          11    +162.930
tors           9          10          11          12     -84.158
tors          11          12          13          14    +149.162
ENDCONSTRAINT
$end

$rem
JOBTYPE                   OPT
METHOD                    B3LYP
DFT_D                     d3_op
BASIS                     STO-3G
GEOM_OPT_MAX_CYCLES       100
GEOM_OPT_TOL_GRADIENT     300
GEOM_OPT_TOL_DISPLACEMENT 1200
GEOM_OPT_TOL_ENERGY       100
SYMMETRY                  False
THRESH                    12
SCF_CONVERGENCE           8
MAX_SUB_FILE_NUM          128
MEM_STATIC                400
MEM_TOTAL                 4000
$end
