$molecule
0  1
O -3.94934 -3.66094 2.70899
C -3.26408 -4.56952 2.26188
C -3.36658 -6.02376 2.66595
C -2.7598 -6.42075 4.0217
C -2.27636 -5.28922 4.90148
O -2.07618 -5.7437 6.1738
C -1.19265 -4.91409 6.93563
C -0.40305 -5.76022 7.92898
O 0.56882 -4.94484 8.60241
C 1.21806 -5.54221 9.63236
C 1.44271 -7.0188 9.40904
C 0.56215 -7.94379 10.26185
C -0.63174 -7.29001 10.9281
O -1.79509 -7.40778 10.57128
O -2.43416 -4.30224 1.21897
O -0.34837 -6.43757 11.94846
O 1.9053 -4.88155 10.39714
C -1.29461 -5.71276 12.64191
C 1.56161 -7.88648 8.12323
C 2.43205 -9.13341 8.35585
C 1.47878 -10.004 9.15353
C 0.26651 -9.0768 9.25501
O 0.27397 -8.45553 7.99785
H 2.47643 -7.09526 9.81792
H 1.11368 -8.38627 11.12298
H 1.97732 -7.32243 7.25962
H 2.62217 -9.63109 7.37836
H 3.40392 -8.91629 8.84881
H 1.19387 -10.88022 8.52832
H 1.86625 -10.36189 10.13169
H -0.64562 -9.65627 9.51494
O -2.05855 -4.13593 4.55175
C -2.24715 -3.04858 0.6753
C -4.82726 -6.46441 2.82962
C -4.93667 -7.98267 2.69854
C -4.32591 -8.41972 4.01142
C -4.02899 -7.05905 4.64967
O -5.08037 -6.24333 4.19261
H -2.87736 -6.61103 1.85544
H -1.93975 -7.17002 3.95471
H -1.84637 -2.35444 1.44473
H -5.51497 -5.96384 2.11276
H -6.01722 -8.25127 2.70299
H -4.45466 -8.39861 1.78763
H -5.11002 -8.94313 4.60341
H -3.42406 -9.06397 3.92907
H -3.96639 -7.18562 5.75188
H -3.20758 -2.65582 0.27822
H -1.51813 -3.11837 -0.15784
H -0.78848 -5.10257 13.41774
H -2.01394 -6.39871 13.13827
H -1.83788 -5.03351 11.95057
H -1.12816 -6.244 8.60067
H 0.06452 -6.38296 7.16985
H -1.78647 -4.15815 7.49385
H -0.44806 -4.37842 6.29635
$end

$opt
CONSTRAINT
tors           1           2           3           4     -76.134
tors           3           4           5           6    +165.147
tors           4           5           6           7    +158.888
tors           5           6           7           8    -147.966
tors           6           7           8           9    +174.658
tors           7           8           9          10    +171.902
tors           8           9          10          11     +33.763
tors           9          10          11          12    -107.299
tors          11          12          13          14    +104.921
ENDCONSTRAINT
$end

$rem
JOBTYPE                   OPT
METHOD                    B3LYP
DFT_D                     d3_op
BASIS                     STO-3G
GEOM_OPT_MAX_CYCLES       100
GEOM_OPT_TOL_GRADIENT     300
GEOM_OPT_TOL_DISPLACEMENT 1200
GEOM_OPT_TOL_ENERGY       100
SYMMETRY                  False
THRESH                    12
SCF_CONVERGENCE           8
MAX_SUB_FILE_NUM          128
MEM_STATIC                400
MEM_TOTAL                 4000
$end
