$molecule
0  1
O -3.94934 -3.66094 2.70899
C -3.26408 -4.56952 2.26188
C -3.36658 -6.02376 2.66595
C -2.45248 -6.50241 3.80576
C -1.66632 -5.43447 4.53346
O -1.05902 -5.97285 5.63199
C 0.05443 -5.20126 6.09472
C 1.33081 -6.03422 6.03842
O 2.27963 -5.41666 5.15453
C 3.49607 -6.01331 5.09594
C 3.7103 -6.78832 3.81761
C 5.02354 -7.58183 3.75405
C 5.74265 -7.77624 5.07382
O 5.20341 -7.98821 6.15032
O -2.23837 -4.26461 1.42397
O 7.0868 -7.57822 5.04783
O 4.43106 -5.44429 5.64008
C 7.90622 -7.66064 6.15413
C 2.68817 -7.9049 3.52248
C 2.68765 -8.23035 2.02695
C 4.00495 -8.96005 1.89368
C 4.46384 -8.96161 3.35299
O 3.26517 -9.05346 4.08584
H 3.66015 -6.03525 2.99878
H 5.75089 -7.20945 2.99813
H 1.65017 -7.6684 3.81867
H 1.8633 -8.95523 1.8382
H 2.56125 -7.35072 1.35958
H 3.79789 -10.00216 1.56221
H 4.74717 -8.48636 1.21537
H 5.19859 -9.78084 3.52078
O -1.57492 -4.25655 4.21286
C -1.949 -2.99102 0.98097
C -4.74953 -6.32654 3.28837
C -5.06178 -7.81821 3.17963
C -4.10801 -8.37761 4.21002
C -3.51453 -7.08012 4.76807
O -4.56318 -6.15185 4.66886
H -3.2873 -6.62736 1.73401
H -1.72458 -7.27647 3.47549
H -1.71387 -2.32983 1.84229
H -5.5755 -5.73908 2.82964
H -6.1034 -7.96426 3.54601
H -4.96846 -8.24966 2.15984
H -4.70341 -8.90008 4.99176
H -3.3222 -9.05656 3.81365
H -3.12922 -7.26275 5.79451
H -2.81099 -2.57822 0.41446
H -1.06639 -3.03106 0.31027
H 8.95265 -7.45656 5.84785
H 7.854 -8.67976 6.59355
H 7.6022 -6.90802 6.91279
H 1.78063 -6.013 7.05776
H 1.12387 -7.10125 5.82132
H -0.16554 -4.97732 7.16131
H 0.22602 -4.20352 5.63093
$end

$opt
CONSTRAINT
tors           1           2           3           4     -92.291
tors           3           4           5           6    +171.165
tors           4           5           6           7    +158.888
tors           5           6           7           8    -119.282
tors           6           7           8           9    +119.100
tors           7           8           9          10    +175.356
tors           8           9          10          11    +105.804
tors           9          10          11          12    -174.973
tors          11          12          13          14     +38.121
ENDCONSTRAINT
$end

$rem
JOBTYPE                   OPT
METHOD                    B3LYP
DFT_D                     d3_op
BASIS                     STO-3G
GEOM_OPT_MAX_CYCLES       100
GEOM_OPT_TOL_GRADIENT     300
GEOM_OPT_TOL_DISPLACEMENT 1200
GEOM_OPT_TOL_ENERGY       100
SYMMETRY                  False
THRESH                    12
SCF_CONVERGENCE           8
MAX_SUB_FILE_NUM          128
MEM_STATIC                400
MEM_TOTAL                 4000
$end
