$molecule
0  1
O -3.94934 -3.66094 2.70899
C -3.26408 -4.56952 2.26188
C -3.36658 -6.02376 2.66595
C -2.69729 -6.43459 3.98774
C -2.15364 -5.31345 4.84539
O -2.31499 -5.61985 6.16657
C -1.18965 -6.30414 6.72746
C -1.63202 -7.16522 7.906
O -0.54741 -8.0041 8.33355
C -0.78006 -8.73239 9.45364
C 0.29889 -9.75325 9.72634
C 0.98959 -10.31508 8.47512
C 0.76689 -9.53891 7.19267
O 1.4908 -9.57396 6.20814
O -2.43576 -4.30292 1.2176
O -0.54219 -9.75674 6.82809
O -1.8637 -8.76547 10.02385
C -1.10232 -9.67855 5.56394
C 1.50405 -9.1323 10.46145
C 2.26588 -10.22688 11.2065
C 2.87809 -10.98016 10.04448
C 2.45891 -10.07199 8.88122
O 2.40809 -8.78558 9.44502
H -0.13436 -10.53801 10.3877
H 0.78391 -11.39179 8.28265
H 1.21943 -8.31645 11.16182
H 3.08103 -9.72175 11.7729
H 1.66501 -10.84523 11.9076
H 3.98323 -10.9845 10.17353
H 2.50474 -12.01722 9.89945
H 3.16434 -10.19827 8.03035
O -1.26227 -4.57009 4.46071
C -2.24131 -3.04787 0.67981
C -4.82544 -6.44907 2.89266
C -4.96895 -7.95228 2.68974
C -4.24843 -8.46372 3.91421
C -3.92951 -7.14144 4.63025
O -5.00271 -6.30416 4.27817
H -2.93006 -6.61228 1.82608
H -1.85967 -7.14782 3.8242
H -1.83294 -2.36094 1.45178
H -5.5485 -5.90514 2.24543
H -6.05156 -8.19617 2.78387
H -4.58736 -8.33605 1.71907
H -4.96589 -9.06837 4.51284
H -3.33714 -9.06038 3.69966
H -3.82666 -7.35153 5.71282
H -3.19983 -2.64572 0.28772
H -1.51491 -3.11858 -0.15556
H -1.95684 -8.98242 5.59699
H -1.48378 -10.67796 5.27304
H -0.38863 -9.32423 4.79065
H -1.96391 -6.48791 8.72477
H -2.48599 -7.80838 7.60345
H -0.41012 -5.57825 7.04508
H -0.73115 -6.98462 5.97702
$end

$opt
CONSTRAINT
tors           1           2           3           4     -79.170
tors           3           4           5           6    +144.887
tors           4           5           6           7     +91.110
tors           5           6           7           8    -153.568
tors           6           7           8           9    +171.143
tors           7           8           9          10    +174.340
tors           8           9          10          11    +170.700
tors           9          10          11          12     -30.734
tors          11          12          13          14    +158.069
ENDCONSTRAINT
$end

$rem
JOBTYPE                   OPT
METHOD                    B3LYP
DFT_D                     d3_op
BASIS                     STO-3G
GEOM_OPT_MAX_CYCLES       100
GEOM_OPT_TOL_GRADIENT     300
GEOM_OPT_TOL_DISPLACEMENT 1200
GEOM_OPT_TOL_ENERGY       100
SYMMETRY                  False
THRESH                    12
SCF_CONVERGENCE           8
MAX_SUB_FILE_NUM          128
MEM_STATIC                400
MEM_TOTAL                 4000
$end
