$molecule
0  1
O -3.94934 -3.66094 2.70899
C -3.26408 -4.56952 2.26188
C -3.36658 -6.02376 2.66595
C -4.70706 -6.73157 2.4091
C -5.7368 -5.95835 1.61546
O -6.45001 -6.81289 0.82393
C -7.71593 -6.28121 0.41891
C -8.83896 -7.22905 0.82699
O -10.10855 -6.57191 0.6885
C -11.19541 -7.34661 0.9288
C -12.44948 -6.54144 1.17301
C -12.45267 -5.72719 2.47503
C -11.10587 -5.55017 3.14697
O -10.76898 -4.58385 3.81578
O -2.35039 -4.26065 1.3022
O -10.47081 -6.71544 3.45083
O -11.18296 -8.57051 0.89484
C -9.41061 -6.82678 4.33149
C -12.71567 -5.44427 0.1283
C -14.20536 -5.10828 0.10645
C -14.35454 -4.40046 1.43843
C -12.89159 -4.3639 1.89835
O -12.15914 -4.28509 0.69804
H -13.29541 -7.26671 1.1715
H -13.15438 -6.12683 3.2399
H -12.35986 -5.71329 -0.89025
H -14.35816 -4.36633 -0.70997
H -14.88833 -5.97066 -0.05089
H -14.73445 -3.37232 1.24696
H -15.00204 -4.915 2.18116
H -12.74094 -3.52732 2.61529
O -6.12809 -4.85543 1.97744
C -2.14295 -2.99332 0.79884
C -2.3968 -6.9638 1.91367
C -2.12257 -8.21034 2.75176
C -3.44672 -8.92659 2.62881
C -4.18285 -7.98953 1.66464
O -3.16231 -7.47014 0.84946
H -3.10666 -6.03673 3.74833
H -5.21051 -7.00339 3.36366
H -1.82615 -2.30546 1.61167
H -1.42791 -6.49225 1.64181
H -1.34779 -8.80524 2.2165
H -1.7812 -8.01525 3.79115
H -3.2659 -9.91368 2.14718
H -4.0034 -9.06698 3.58056
H -4.96787 -8.57785 1.14476
H -3.0734 -2.61314 0.32535
H -1.34262 -3.03329 0.03182
H -9.08768 -7.88686 4.3811
H -9.72045 -6.50238 5.34774
H -8.55618 -6.20617 3.98479
H -8.77135 -8.14485 0.19784
H -8.69179 -7.52297 1.88233
H -7.7352 -6.15169 -0.68412
H -7.97894 -5.29101 0.84992
$end

$opt
CONSTRAINT
tors           1           2           3           4     +61.161
tors           3           4           5           6    +144.887
tors           4           5           6           7    +158.888
tors           5           6           7           8    -124.007
tors           6           7           8           9    +167.448
tors           7           8           9          10    +175.356
tors           8           9          10          11    +162.930
tors           9          10          11          12     -67.825
tors          11          12          13          14    +149.162
ENDCONSTRAINT
$end

$rem
JOBTYPE                   OPT
METHOD                    B3LYP
DFT_D                     d3_op
BASIS                     STO-3G
GEOM_OPT_MAX_CYCLES       100
GEOM_OPT_TOL_GRADIENT     300
GEOM_OPT_TOL_DISPLACEMENT 1200
GEOM_OPT_TOL_ENERGY       100
SYMMETRY                  False
THRESH                    12
SCF_CONVERGENCE           8
MAX_SUB_FILE_NUM          128
MEM_STATIC                400
MEM_TOTAL                 4000
$end
