$molecule
0  1
O -3.94934 -3.66094 2.70899
C -3.26408 -4.56952 2.26188
C -3.36658 -6.02376 2.66595
C -2.21592 -6.95267 2.24529
C -1.00731 -6.28975 1.62249
O 0.12814 -6.95116 1.99497
C 0.82101 -7.54554 0.8923
C 1.89476 -8.50217 1.40028
O 1.70572 -9.80252 0.82042
C 2.65954 -10.71883 1.12
C 2.13396 -11.865 1.95109
C 3.10311 -12.3853 3.02269
C 4.27694 -11.48296 3.34613
O 4.53153 -11.0187 4.44804
O -2.4266 -4.15066 1.28739
O 5.20324 -11.31948 2.36596
O 3.64557 -10.82774 0.40807
C 6.34859 -10.56056 2.49047
C 0.89527 -11.56073 2.8338
C 0.13923 -12.85757 3.11865
C 1.10236 -13.54648 4.06167
C 2.15258 -12.44349 4.23391
O 1.42455 -11.24741 4.09834
H 1.86133 -12.66426 1.22519
H 3.53042 -13.37752 2.75791
H 0.18909 -10.81892 2.40405
H -0.7756 -12.57823 3.6896
H -0.15678 -13.44968 2.22603
H 0.57267 -13.74624 5.01951
H 1.55907 -14.48316 3.67456
H 2.69424 -12.58089 5.19547
O -1.08693 -5.85589 0.47682
C -2.29535 -2.85477 0.82281
C -3.30621 -6.16912 4.20246
C -3.99852 -7.46142 4.62539
C -3.00092 -8.48155 4.13108
C -1.88053 -7.55551 3.64004
O -1.95836 -6.43851 4.48504
H -4.36627 -6.37238 2.32295
H -2.54136 -7.75505 1.5463
H -1.96887 -2.18373 1.64568
H -3.75377 -5.31059 4.74993
H -4.00245 -7.4783 5.73918
H -5.03756 -7.5939 4.25421
H -2.66233 -9.08796 5.00085
H -3.36314 -9.14993 3.32022
H -0.92857 -8.1262 3.67977
H -3.261 -2.49803 0.40454
H -1.5309 -2.83303 0.01955
H 6.91642 -10.60076 1.53848
H 6.98784 -10.95994 3.30647
H 6.08298 -9.50278 2.70329
H 2.9009 -8.09007 1.1618
H 1.81935 -8.60604 2.50643
H 1.25445 -6.78632 0.20307
H 0.08845 -8.15617 0.31217
$end

$opt
CONSTRAINT
tors           1           2           3           4    -166.043
tors           3           4           5           6    +144.887
tors           4           5           6           7    +116.681
tors           5           6           7           8    -168.028
tors           6           7           8           9    +124.964
tors           7           8           9          10    +175.356
tors           8           9          10          11    +114.380
tors           9          10          11          12    -142.515
tors          11          12          13          14    +121.116
ENDCONSTRAINT
$end

$rem
JOBTYPE                   OPT
METHOD                    B3LYP
DFT_D                     d3_op
BASIS                     STO-3G
GEOM_OPT_MAX_CYCLES       100
GEOM_OPT_TOL_GRADIENT     300
GEOM_OPT_TOL_DISPLACEMENT 1200
GEOM_OPT_TOL_ENERGY       100
SYMMETRY                  False
THRESH                    12
SCF_CONVERGENCE           8
MAX_SUB_FILE_NUM          128
MEM_STATIC                400
MEM_TOTAL                 4000
$end
