$molecule
0  1
O -3.94934 -3.66094 2.70899
C -3.26408 -4.56952 2.26188
C -3.36658 -6.02376 2.66595
C -2.0928 -6.87685 2.54941
C -0.81598 -6.13964 2.21126
O 0.23936 -6.7199 2.85546
C 1.50169 -6.42226 2.2495
C 2.36012 -7.68087 2.17782
O 2.4981 -8.10201 0.81163
C 3.32354 -9.15851 0.60766
C 3.12258 -9.81067 -0.73955
C 1.8071 -9.44849 -1.44427
C 1.0704 -8.24536 -0.89069
O 0.67471 -7.29286 -1.54699
O -2.78696 -4.35539 1.00798
O 0.23665 -8.65951 0.10249
O 4.23219 -9.46852 1.3671
C -1.08924 -8.95175 -0.14593
C 4.16328 -9.40026 -1.79131
C 4.26105 -10.48679 -2.85939
C 2.92886 -10.31291 -3.56032
C 2.3894 -9.07694 -2.82801
O 3.54684 -8.34866 -2.49193
H 3.16789 -10.90817 -0.55536
H 1.10236 -10.30705 -1.51521
H 5.16488 -9.18439 -1.3594
H 5.07362 -10.18337 -3.55795
H 4.46698 -11.51118 -2.48095
H 3.12542 -10.08247 -4.63101
H 2.23085 -11.17397 -3.4772
H 1.65309 -8.55115 -3.47469
O -0.68472 -5.51754 1.16645
C -2.7597 -3.13325 0.36549
C -3.69433 -6.1915 4.16416
C -4.37738 -7.53612 4.39572
C -3.21533 -8.47804 4.18096
C -2.07349 -7.4722 3.98399
O -2.44379 -6.3745 4.77862
H -4.20321 -6.44227 2.06153
H -2.23226 -7.65994 1.79599
H -2.14502 -2.41214 0.94586
H -4.32586 -5.37581 4.57878
H -4.67033 -7.57276 5.46971
H -5.27143 -7.73218 3.76548
H -3.0659 -9.06527 5.11452
H -3.31248 -9.16522 3.31258
H -1.12231 -7.97395 4.2603
H -3.79066 -2.7376 0.2439
H -2.30667 -3.26126 -0.63874
H -1.53652 -9.40886 0.758
H -1.17164 -9.70625 -0.95706
H -1.64207 -8.03597 -0.44617
H 3.37981 -7.38981 2.52273
H 1.98933 -8.48593 2.85116
H 1.99604 -5.77153 3.00426
H 1.55088 -5.8296 1.3088
$end

$opt
CONSTRAINT
tors           1           2           3           4    -151.898
tors           3           4           5           6    +144.887
tors           4           5           6           7    +158.888
tors           5           6           7           8    -136.666
tors           6           7           8           9    +110.492
tors           7           8           9          10    +175.356
tors           8           9          10          11    +162.930
tors           9          10          11          12     -16.608
tors          11          12          13          14    +128.312
ENDCONSTRAINT
$end

$rem
JOBTYPE                   OPT
METHOD                    B3LYP
DFT_D                     d3_op
BASIS                     STO-3G
GEOM_OPT_MAX_CYCLES       100
GEOM_OPT_TOL_GRADIENT     300
GEOM_OPT_TOL_DISPLACEMENT 1200
GEOM_OPT_TOL_ENERGY       100
SYMMETRY                  False
THRESH                    12
SCF_CONVERGENCE           8
MAX_SUB_FILE_NUM          128
MEM_STATIC                400
MEM_TOTAL                 4000
$end
