$molecule
0  1
O -3.94934 -3.66094 2.70899
C -3.26408 -4.56952 2.26188
C -3.36658 -6.02376 2.66595
C -2.97984 -6.38054 4.11059
C -2.70423 -5.22026 5.04112
O -3.73572 -5.07933 5.92519
C -3.36996 -4.35928 7.10713
C -3.2407 -5.3169 8.28713
O -2.67658 -4.63001 9.41533
C -2.60228 -5.35267 10.56049
C -1.76083 -4.68659 11.62301
C -0.4789 -5.44255 12.00176
C -0.04673 -6.53287 11.042
O 0.9669 -7.20828 11.14649
O -2.3768 -4.28776 1.27136
O -0.73465 -6.81381 9.90058
O -3.18643 -6.41545 10.74161
C -0.38479 -7.79284 8.98374
C -1.14702 -3.3115 11.25024
C -0.83297 -2.52223 12.52166
C 0.35011 -3.30133 13.05582
C 0.55141 -4.30686 11.91822
O 0.13851 -3.61289 10.76585
H -2.43527 -4.53053 12.49481
H -0.55532 -5.91521 13.00543
H -1.78977 -2.69141 10.58886
H -0.47673 -1.5171 12.19973
H -1.67935 -2.39761 13.23079
H 1.21995 -2.61162 13.13177
H 0.18247 -3.81376 14.02798
H 1.59853 -4.6826 11.91227
O -1.72895 -4.48528 4.94602
C -2.163 -3.02714 0.75436
C -4.80575 -6.56141 2.59049
C -4.78292 -8.07364 2.38356
C -4.29652 -8.53397 3.74075
C -4.24804 -7.19501 4.48877
O -5.28615 -6.44452 3.9067
H -2.72314 -6.59104 1.95435
H -2.08376 -7.03717 4.17024
H -1.80775 -2.34147 1.55317
H -5.41562 -6.07228 1.79938
H -5.83939 -8.4016 2.2542
H -4.18125 -8.42685 1.5186
H -5.07103 -9.20065 4.18131
H -3.30943 -9.04478 3.74471
H -4.32792 -7.3866 5.58151
H -3.10094 -2.6317 0.30905
H -1.3884 -3.08522 -0.03754
H -1.12206 -7.82646 8.15938
H -0.37239 -8.78895 9.47566
H 0.61563 -7.57415 8.55293
H -4.24898 -5.72827 8.5178
H -2.56688 -6.14324 7.99415
H -4.12769 -3.57574 7.31922
H -2.39364 -3.8298 7.0298
$end

$opt
CONSTRAINT
tors           1           2           3           4     -66.036
tors           3           4           5           6    +106.764
tors           4           5           6           7    +158.888
tors           5           6           7           8    -105.899
tors           6           7           8           9    +171.143
tors           7           8           9          10    +175.356
tors           8           9          10          11    +168.537
tors           9          10          11          12    -114.935
tors          11          12          13          14    +177.237
ENDCONSTRAINT
$end

$rem
JOBTYPE                   OPT
METHOD                    B3LYP
DFT_D                     d3_op
BASIS                     STO-3G
GEOM_OPT_MAX_CYCLES       100
GEOM_OPT_TOL_GRADIENT     300
GEOM_OPT_TOL_DISPLACEMENT 1200
GEOM_OPT_TOL_ENERGY       100
SYMMETRY                  False
THRESH                    12
SCF_CONVERGENCE           8
MAX_SUB_FILE_NUM          128
MEM_STATIC                400
MEM_TOTAL                 4000
$end
