$molecule
0  1
O -3.94934 -3.66094 2.70899
C -3.26408 -4.56952 2.26188
C -3.36658 -6.02376 2.66595
C -2.70081 -6.43378 3.98977
C -2.16056 -5.31202 4.84877
O -2.98957 -5.10265 5.91382
C -2.51007 -4.09569 6.81124
C -1.15671 -4.5035 7.38417
O -0.47646 -3.34925 7.90172
C 0.70006 -3.59814 8.52862
C 1.38137 -2.34349 9.02087
C 2.35451 -1.70078 8.02177
C 2.24032 -2.17799 6.58792
O 2.91318 -1.77381 5.65066
O -2.43737 -4.30278 1.21629
O 1.54802 -3.29718 6.24533
O 1.2385 -4.69864 8.56657
C 1.6475 -3.94294 5.02139
C 0.42622 -1.14677 9.26055
C 1.0596 -0.1674 10.24832
C 2.16443 0.41815 9.39467
C 1.85193 -0.24801 8.05029
O 0.45588 -0.41441 8.06144
H 1.83836 -2.59125 10.00531
H 3.4194 -1.8089 8.3225
H -0.57933 -1.45036 9.62596
H 0.30351 0.62706 10.44311
H 1.38769 -0.6019 11.21698
H 2.01763 1.51959 9.33757
H 3.19854 0.18631 9.73032
H 2.26198 0.35896 7.2127
O -1.28379 -4.54718 4.46916
C -2.24731 -3.04843 0.67535
C -4.81381 -6.49298 2.8934
C -4.91056 -8.00061 2.6726
C -4.17318 -8.51086 3.89243
C -3.8972 -7.1914 4.6251
O -4.99593 -6.3802 4.28374
H -2.91553 -6.60665 1.82981
H -1.84577 -7.12896 3.8369
H -1.84032 -2.35831 1.4452
H -5.55275 -5.96061 2.25517
H -5.98547 -8.27671 2.76589
H -4.5225 -8.36381 1.69668
H -4.8713 -9.14594 4.48209
H -3.23642 -9.071 3.68257
H -3.75003 -7.39677 5.70815
H -3.20761 -2.6504 0.28325
H -1.52185 -3.11896 -0.16083
H 1.07485 -4.88714 5.0406
H 2.70527 -4.21848 4.82104
H 1.26955 -3.28823 4.20731
H -1.33215 -5.2675 8.17446
H -0.48647 -4.97052 6.64585
H -3.23615 -3.90647 7.62972
H -2.40093 -3.14435 6.24126
$end

$opt
CONSTRAINT
tors           1           2           3           4     -78.997
tors           3           4           5           6    +104.884
tors           4           5           6           7    +177.171
tors           5           6           7           8     -60.711
tors           6           7           8           9    +160.592
tors           7           8           9          10    +175.356
tors           8           9          10          11    +178.645
tors           9          10          11          12     -90.547
tors          11          12          13          14    +179.020
ENDCONSTRAINT
$end

$rem
JOBTYPE                   OPT
METHOD                    B3LYP
DFT_D                     d3_op
BASIS                     STO-3G
GEOM_OPT_MAX_CYCLES       100
GEOM_OPT_TOL_GRADIENT     300
GEOM_OPT_TOL_DISPLACEMENT 1200
GEOM_OPT_TOL_ENERGY       100
SYMMETRY                  False
THRESH                    12
SCF_CONVERGENCE           8
MAX_SUB_FILE_NUM          128
MEM_STATIC                400
MEM_TOTAL                 4000
$end
