$molecule
0  1
O -3.94934 -3.66094 2.70899
C -3.26408 -4.56952 2.26188
C -3.36658 -6.02376 2.66595
C -3.84709 -6.32366 4.09529
C -4.3409 -5.14346 4.90235
O -5.66248 -4.92139 4.63866
C -6.22059 -3.85657 5.41578
C -5.89336 -4.05581 6.89204
O -5.58169 -2.79202 7.49915
C -5.49711 -2.80038 8.85263
C -5.13542 -1.45171 9.42789
C -3.92797 -1.4554 10.37674
C -3.05798 -2.69558 10.33425
O -2.04838 -2.87628 10.99954
O -2.23907 -4.25894 1.42523
O -3.25585 -3.65727 9.39137
O -5.86973 -3.73578 9.55312
C -2.48376 -4.78908 9.21321
C -4.67487 -0.36576 8.42231
C -4.89693 1.02273 9.02324
C -3.81878 1.05058 10.08645
C -3.11982 -0.28243 9.8038
O -3.27115 -0.46283 8.41567
H -6.05304 -1.08848 9.94339
H -4.23898 -1.32637 11.43675
H -5.17575 -0.41487 7.43196
H -4.63339 1.76457 8.23521
H -5.92727 1.22764 9.38544
H -3.13743 1.90423 9.87392
H -4.18542 1.10631 11.13443
H -2.07406 -0.26232 10.18268
O -3.56951 -4.30504 5.35968
C -1.95685 -2.98391 0.98152
C -4.44781 -6.76357 1.84896
C -4.13544 -8.25896 1.811
C -4.44263 -8.64576 3.24248
C -4.99104 -7.31581 3.77372
O -5.59954 -6.72578 2.65164
H -2.38728 -6.4997 2.43012
H -3.06944 -6.8212 4.71579
H -1.72661 -2.32063 1.84256
H -4.56067 -6.37047 0.81448
H -4.89389 -8.73089 1.14565
H -3.11891 -8.53006 1.45322
H -5.2363 -9.42551 3.23251
H -3.57175 -8.99544 3.83806
H -5.64883 -7.49393 4.65312
H -2.8209 -2.57682 0.41391
H -1.07368 -3.01908 0.31125
H -2.89419 -5.38034 8.36927
H -2.50443 -5.41414 10.13123
H -1.43715 -4.50498 8.97261
H -6.78954 -4.53211 7.34977
H -5.06045 -4.74204 7.14287
H -7.30616 -3.71228 5.23124
H -5.71686 -2.92423 5.07092
$end

$opt
CONSTRAINT
tors           1           2           3           4     -28.974
tors           3           4           5           6     +85.895
tors           4           5           6           7    +177.171
tors           5           6           7           8     -50.299
tors           6           7           8           9    +140.596
tors           7           8           9          10    +169.175
tors           8           9          10          11    +178.645
tors           9          10          11          12    -126.903
tors          11          12          13          14    +179.020
ENDCONSTRAINT
$end

$rem
JOBTYPE                   OPT
METHOD                    B3LYP
DFT_D                     d3_op
BASIS                     STO-3G
GEOM_OPT_MAX_CYCLES       100
GEOM_OPT_TOL_GRADIENT     300
GEOM_OPT_TOL_DISPLACEMENT 1200
GEOM_OPT_TOL_ENERGY       100
SYMMETRY                  False
THRESH                    12
SCF_CONVERGENCE           8
MAX_SUB_FILE_NUM          128
MEM_STATIC                400
MEM_TOTAL                 4000
$end
