$molecule
0  1
O -3.94934 -3.66094 2.70899
C -3.26408 -4.56952 2.26188
C -3.36658 -6.02376 2.66595
C -3.09138 -6.36459 4.13971
C -2.91895 -5.19381 5.08185
O -4.14226 -4.71941 5.46119
C -4.0626 -3.65975 6.42037
C -3.62927 -4.20898 7.77562
O -2.60199 -3.37588 8.33554
C -2.20163 -3.70633 9.58841
C -1.09889 -2.81489 10.108
C 0.31666 -3.20943 9.66208
C 0.39714 -4.18571 8.50575
O 1.42943 -4.61243 8.00892
O -2.34719 -4.28102 1.30088
O -0.66345 -4.94998 8.12557
O -2.81983 -4.47464 10.31509
C -0.56607 -6.12709 7.39179
C -1.16277 -1.35357 9.62398
C -0.40183 -0.45278 10.59584
C 1.0272 -0.86399 10.30328
C 0.80223 -1.84216 9.14482
O -0.33487 -1.33374 8.48739
H -1.17345 -2.83459 11.21948
H 0.94485 -3.61451 10.48563
H -2.20204 -0.98321 9.48517
H -0.54667 0.5964 10.25156
H -0.71078 -0.53485 11.66011
H 1.58488 0.03302 9.95321
H 1.56746 -1.34343 11.14818
H 1.72354 -1.9265 8.52673
O -1.88187 -4.54564 5.14741
C -2.11759 -3.01661 0.80023
C -4.78808 -6.5884 2.49289
C -4.72905 -8.10722 2.3326
C -4.36604 -8.52591 3.74265
C -4.38009 -7.16537 4.44846
O -5.37496 -6.44338 3.76159
H -2.66915 -6.58635 2.00363
H -2.19685 -7.0116 4.27886
H -1.78598 -2.33726 1.61448
H -5.33786 -6.13041 1.64147
H -5.7634 -8.45756 2.11449
H -4.0435 -8.47102 1.53725
H -5.1816 -9.17201 4.13732
H -3.38769 -9.04235 3.84939
H -4.53669 -7.30017 5.54167
H -3.04177 -2.61723 0.33035
H -1.31979 -3.06906 0.03129
H -1.56496 -6.57438 7.23463
H 0.04707 -6.86826 7.94773
H -0.09759 -5.93416 6.40362
H -4.52424 -4.2694 8.43554
H -3.24273 -5.23949 7.68272
H -5.05244 -3.16735 6.52899
H -3.37357 -2.86332 6.05552
$end

$opt
CONSTRAINT
tors           1           2           3           4     -61.159
tors           3           4           5           6     +81.630
tors           4           5           6           7    +176.382
tors           5           6           7           8     -71.886
tors           6           7           8           9    +133.988
tors           7           8           9          10    +175.356
tors           8           9          10          11    +178.645
tors           9          10          11          12     -83.278
tors          11          12          13          14    +179.747
ENDCONSTRAINT
$end

$rem
JOBTYPE                   OPT
METHOD                    B3LYP
DFT_D                     d3_op
BASIS                     STO-3G
GEOM_OPT_MAX_CYCLES       100
GEOM_OPT_TOL_GRADIENT     300
GEOM_OPT_TOL_DISPLACEMENT 1200
GEOM_OPT_TOL_ENERGY       100
SYMMETRY                  False
THRESH                    12
SCF_CONVERGENCE           8
MAX_SUB_FILE_NUM          128
MEM_STATIC                400
MEM_TOTAL                 4000
$end
