$molecule
0  1
O -3.94934 -3.66094 2.70899
C -3.26408 -4.56952 2.26188
C -3.36658 -6.02376 2.66595
C -2.74088 -6.42481 4.01187
C -2.23927 -5.29631 4.88535
O -3.29711 -4.62668 5.43123
C -3.0256 -4.11698 6.74109
C -2.96816 -5.26054 7.74862
O -1.7478 -5.18779 8.50247
C -1.87397 -5.39132 9.83731
C -0.55382 -5.33448 10.56851
C -0.43804 -6.28362 11.77018
C -1.4822 -7.37909 11.84997
O -1.45586 -8.32872 12.61944
O -2.43622 -4.30225 1.21728
O -2.48042 -7.49555 10.93357
O -2.91187 -5.10948 10.42969
C -3.43971 -8.48954 10.8878
C 0.67824 -5.79608 9.74807
C 1.94759 -5.18124 10.33725
C 2.06749 -5.96077 11.62927
C 0.91158 -6.95152 11.45819
O 0.83275 -7.15577 10.06898
H -0.40463 -4.27059 10.86147
H -0.45359 -5.74927 12.74515
H 0.629 -5.55537 8.66491
H 2.78977 -5.47388 9.66941
H 1.93878 -4.07558 10.44791
H 3.04594 -6.49063 11.63028
H 1.95606 -5.36148 12.55889
H 1.08928 -7.86101 12.07368
O -1.07683 -5.20012 5.26104
C -2.25186 -3.04908 0.6715
C -4.81447 -6.51013 2.85227
C -4.88447 -8.02059 2.63966
C -4.18204 -8.51294 3.88814
C -3.9429 -7.18543 4.61973
O -5.04191 -6.3924 4.23602
H -2.88492 -6.60465 1.84537
H -1.87077 -7.1016 3.85428
H -1.85088 -2.35314 1.43919
H -5.53939 -5.99094 2.18776
H -5.95809 -8.31076 2.6985
H -4.45872 -8.38492 1.68002
H -4.89347 -9.1496 4.46006
H -3.23454 -9.06732 3.71407
H -3.83628 -7.3854 5.70098
H -3.21349 -2.65831 0.27532
H -1.52407 -3.11905 -0.16272
H -4.11304 -8.30331 10.02604
H -4.04244 -8.48213 11.82095
H -2.9581 -9.48193 10.75628
H -3.91975 -5.36637 8.3165
H -2.86751 -6.21507 7.20875
H -3.82789 -3.41471 7.0509
H -2.08565 -3.51796 6.73249
$end

$opt
CONSTRAINT
tors           1           2           3           4     -77.043
tors           3           4           5           6     +73.103
tors           4           5           6           7    +146.766
tors           5           6           7           8     -71.886
tors           6           7           8           9    +127.890
tors           7           8           9          10    +136.209
tors           8           9          10          11    +178.645
tors           9          10          11          12    -145.919
tors          11          12          13          14    +169.706
ENDCONSTRAINT
$end

$rem
JOBTYPE                   OPT
METHOD                    B3LYP
DFT_D                     d3_op
BASIS                     STO-3G
GEOM_OPT_MAX_CYCLES       100
GEOM_OPT_TOL_GRADIENT     300
GEOM_OPT_TOL_DISPLACEMENT 1200
GEOM_OPT_TOL_ENERGY       100
SYMMETRY                  False
THRESH                    12
SCF_CONVERGENCE           8
MAX_SUB_FILE_NUM          128
MEM_STATIC                400
MEM_TOTAL                 4000
$end
