$molecule
0  1
O -3.94934 -3.66094 2.70899
C -3.26408 -4.56952 2.26188
C -3.36658 -6.02376 2.66595
C -2.30597 -6.55813 3.64238
C -1.36727 -5.53595 4.2441
O -1.57909 -5.44736 5.59047
C -0.66964 -4.55735 6.24624
C 0.56695 -5.31884 6.71221
O 1.66253 -5.06696 5.81827
C 2.88426 -4.98644 6.40141
C 3.99285 -4.72193 5.41059
C 4.53079 -5.96855 4.69306
C 3.66968 -7.21161 4.79292
O 3.8944 -8.2762 4.2355
O -2.25665 -4.26677 1.40199
O 2.68473 -7.34601 5.72269
O 3.07258 -4.916 7.61007
C 1.97041 -8.51148 5.96339
C 3.59205 -3.84057 4.21208
C 4.83582 -3.18806 3.61061
C 5.50088 -4.38755 2.96623
C 4.44739 -5.46734 3.23792
O 3.22734 -4.76412 3.21658
H 4.81069 -4.21896 5.97594
H 5.56276 -6.25016 4.99723
H 2.83526 -3.06772 4.47024
H 4.48841 -2.50029 2.80652
H 5.46901 -2.62281 4.32784
H 5.58813 -4.19439 1.87386
H 6.49252 -4.66472 3.38505
H 4.54422 -6.29349 2.49902
O -0.52891 -4.90509 3.61155
C -1.97251 -2.99352 0.95495
C -4.65398 -6.32748 3.47087
C -5.03772 -7.79441 3.29562
C -3.93919 -8.46501 4.08857
C -3.23754 -7.23534 4.68063
O -4.2615 -6.28452 4.81995
H -3.42477 -6.60236 1.71636
H -1.6483 -7.31532 3.1616
H -1.71601 -2.33534 1.81252
H -5.51601 -5.68219 3.19275
H -6.00287 -7.93877 3.83289
H -5.1495 -8.14624 2.24751
H -4.41013 -9.0828 4.88527
H -3.23349 -9.08398 3.49325
H -2.70898 -7.53585 5.61167
H -2.84509 -2.57643 0.40811
H -1.10483 -3.03555 0.26517
H 1.27535 -8.369 6.81162
H 2.66302 -9.33491 6.24068
H 1.38879 -8.79672 5.06075
H 0.78631 -4.88395 7.71425
H 0.35219 -6.38995 6.87002
H -1.21946 -4.28119 7.17311
H -0.47951 -3.58314 5.74091
$end

$opt
CONSTRAINT
tors           1           2           3           4    -101.788
tors           3           4           5           6    +114.196
tors           4           5           6           7    +176.382
tors           5           6           7           8     -90.497
tors           6           7           8           9    +102.505
tors           7           8           9          10    +143.877
tors           8           9          10          11    +179.947
tors           9          10          11          12     -83.278
tors          11          12          13          14    +176.094
ENDCONSTRAINT
$end

$rem
JOBTYPE                   OPT
METHOD                    B3LYP
DFT_D                     d3_op
BASIS                     STO-3G
GEOM_OPT_MAX_CYCLES       100
GEOM_OPT_TOL_GRADIENT     300
GEOM_OPT_TOL_DISPLACEMENT 1200
GEOM_OPT_TOL_ENERGY       100
SYMMETRY                  False
THRESH                    12
SCF_CONVERGENCE           8
MAX_SUB_FILE_NUM          128
MEM_STATIC                400
MEM_TOTAL                 4000
$end
