$molecule
0  1
O -3.94934 -3.66094 2.70899
C -3.26408 -4.56952 2.26188
C -3.36658 -6.02376 2.66595
C -3.19236 -6.35246 4.15775
C -3.1122 -5.1743 5.10305
O -4.36904 -4.72323 5.38993
C -4.38042 -3.65798 6.34615
C -4.64884 -4.20835 7.74299
O -3.55925 -3.87591 8.61772
C -3.91453 -3.39354 9.83437
C -2.72715 -3.09394 10.71814
C -2.26672 -4.26246 11.6018
C -2.80702 -5.62767 11.22635
O -2.55236 -6.67429 11.80454
O -2.32344 -4.27588 1.32574
O -3.72919 -5.81706 10.24431
O -5.05872 -3.3951 10.27361
C -4.32268 -7.03186 9.93287
C -1.40683 -2.81706 9.95395
C -0.46342 -1.99558 10.83214
C -0.07419 -3.02743 11.87029
C -0.76244 -4.26892 11.29219
O -0.74817 -4.05841 9.9018
H -2.97241 -2.16606 11.28241
H -2.51122 -4.10006 12.67417
H -1.55921 -2.30073 8.98078
H 0.43139 -1.76336 10.21067
H -0.87926 -1.04814 11.2373
H 1.03265 -3.13955 11.85618
H -0.4252 -2.81744 12.904
H -0.26021 -5.19521 11.6495
O -2.10699 -4.9041 5.75019
C -2.08199 -3.00892 0.83717
C -4.76768 -6.61835 2.4157
C -4.66568 -8.13455 2.2516
C -4.35692 -8.55396 3.67536
C -4.4596 -7.20218 4.39142
O -5.43189 -6.50257 3.65091
H -2.62909 -6.58257 2.04464
H -2.26302 -6.94354 4.32074
H -1.77081 -2.3334 1.66259
H -5.28188 -6.16891 1.53796
H -5.68336 -8.5021 1.98762
H -3.94157 -8.4853 1.48514
H -5.16005 -9.24237 4.02047
H -3.36138 -9.02444 3.82692
H -4.67219 -7.34735 5.47369
H -2.99448 -2.60751 0.34663
H -1.26542 -3.05737 0.08793
H -5.0721 -6.89927 9.13058
H -4.85275 -7.43658 10.82158
H -3.554 -7.75735 9.59087
H -5.66111 -3.89742 8.0861
H -4.67754 -5.31084 7.65913
H -5.2006 -2.96098 6.07145
H -3.46834 -3.01647 6.31744
$end

$opt
CONSTRAINT
tors           1           2           3           4     -56.830
tors           3           4           5           6     +81.630
tors           4           5           6           7    +176.382
tors           5           6           7           8     -96.625
tors           6           7           8           9    +121.079
tors           7           8           9          10    +134.306
tors           8           9          10          11    +178.645
tors           9          10          11          12     -90.193
tors          11          12          13          14    +179.747
ENDCONSTRAINT
$end

$rem
JOBTYPE                   OPT
METHOD                    B3LYP
DFT_D                     d3_op
BASIS                     STO-3G
GEOM_OPT_MAX_CYCLES       100
GEOM_OPT_TOL_GRADIENT     300
GEOM_OPT_TOL_DISPLACEMENT 1200
GEOM_OPT_TOL_ENERGY       100
SYMMETRY                  False
THRESH                    12
SCF_CONVERGENCE           8
MAX_SUB_FILE_NUM          128
MEM_STATIC                400
MEM_TOTAL                 4000
$end
