$molecule
0  1
O -3.94934 -3.66094 2.70899
C -3.26408 -4.56952 2.26188
C -3.36658 -6.02376 2.66595
C -3.03196 -6.37274 4.12543
C -2.80473 -5.20724 5.06248
O -3.99852 -4.78146 5.57141
C -3.89514 -4.28563 6.91033
C -3.99658 -5.43628 7.90625
O -2.78302 -5.53228 8.66844
C -2.81503 -6.40175 9.70869
C -1.50147 -6.48142 10.44955
C -0.40973 -7.30024 9.74534
C -0.65555 -7.60883 8.2821
O 0.09667 -8.24133 7.55501
O -2.36275 -4.28415 1.2851
O -1.9481 -7.82897 7.91629
O -3.84111 -6.92145 10.13065
C -2.37921 -8.71424 6.94472
C -0.78412 -5.13294 10.6396
C 0.17383 -5.22146 11.82678
C 1.24929 -6.12524 11.25663
C 0.74462 -6.28355 9.81777
O 0.1003 -5.06007 9.54805
H -1.72686 -6.92456 11.44674
H -0.18992 -8.26386 10.25568
H -1.48488 -4.2789 10.76604
H 0.6056 -4.20566 11.97494
H -0.28105 -5.56838 12.77948
H 2.21524 -5.57316 11.27305
H 1.36289 -7.1084 11.76271
H 1.58575 -6.54991 9.13999
O -1.71839 -4.99694 5.58956
C -2.14715 -3.02294 0.77028
C -4.79117 -6.57971 2.52414
C -4.74023 -8.09566 2.34173
C -4.33141 -8.53067 3.73255
C -4.31874 -7.17805 4.45377
O -5.33428 -6.44614 3.81041
H -2.6904 -6.58282 1.97825
H -2.12163 -7.00834 4.17849
H -1.80793 -2.33448 1.5736
H -5.36425 -6.10806 1.69581
H -5.78109 -8.443 2.15172
H -4.07957 -8.44876 1.52086
H -5.13692 -9.17776 4.14627
H -3.35271 -9.05222 3.80228
H -4.46956 -7.33548 5.53017
H -3.08012 -2.63289 0.30996
H -1.3602 -3.07792 -0.00958
H -3.48449 -8.72562 6.92655
H -2.04378 -9.74305 7.19565
H -1.97576 -8.43046 5.95425
H -4.80416 -5.15339 8.62186
H -4.303 -6.3976 7.45812
H -4.819 -3.68103 7.04364
H -3.06988 -3.56052 7.09385
$end

$opt
CONSTRAINT
tors           1           2           3           4     -63.742
tors           3           4           5           6     +85.999
tors           4           5           6           7    +146.793
tors           5           6           7           8     -85.394
tors           6           7           8           9    +118.180
tors           7           8           9          10    +171.570
tors           8           9          10          11    +178.645
tors           9          10          11          12     -76.787
tors          11          12          13          14    +179.747
ENDCONSTRAINT
$end

$rem
JOBTYPE                   OPT
METHOD                    B3LYP
DFT_D                     d3_op
BASIS                     STO-3G
GEOM_OPT_MAX_CYCLES       100
GEOM_OPT_TOL_GRADIENT     300
GEOM_OPT_TOL_DISPLACEMENT 1200
GEOM_OPT_TOL_ENERGY       100
SYMMETRY                  False
THRESH                    12
SCF_CONVERGENCE           8
MAX_SUB_FILE_NUM          128
MEM_STATIC                400
MEM_TOTAL                 4000
$end
