$molecule
0  1
O -3.94934 -3.66094 2.70899
C -3.26408 -4.56952 2.26188
C -3.36658 -6.02376 2.66595
C -3.3109 -6.34088 4.16934
C -3.33778 -5.1565 5.10988
O -4.61884 -4.91781 5.51894
C -4.71571 -3.85986 6.47843
C -4.73011 -4.43207 7.89212
O -3.96291 -3.59139 8.76821
C -3.98129 -3.94316 10.07781
C -3.02463 -3.13158 10.91852
C -1.57067 -3.62558 10.90371
C -1.21706 -4.60596 9.80347
O -0.08481 -4.95425 9.5014
O -2.29485 -4.26956 1.35746
O -2.15995 -5.49051 9.37555
O -4.8322 -4.67442 10.56918
C -1.9165 -6.57734 8.55082
C -2.85378 -1.6691 10.46942
C -2.3532 -0.82332 11.63922
C -0.92939 -1.32599 11.76146
C -0.87269 -2.28945 10.57066
O -1.73365 -1.70555 9.62163
H -3.42518 -3.15225 11.95789
H -1.22209 -4.05661 11.86777
H -3.78265 -1.23074 10.04326
H -2.32789 0.23506 11.2937
H -2.96198 -0.89229 12.56633
H -0.24039 -0.46757 11.59793
H -0.68362 -1.8349 12.71859
H 0.18185 -2.43006 10.2453
O -2.37079 -4.42748 5.29684
C -2.04461 -3.0007 0.87836
C -4.73399 -6.62681 2.28876
C -4.60595 -8.1402 2.12783
C -4.41595 -8.559 3.56967
C -4.59379 -7.20818 4.27424
O -5.5048 -6.51546 3.45731
H -2.57506 -6.57197 2.10517
H -2.43018 -6.95365 4.46307
H -1.76404 -2.32419 1.71381
H -5.17166 -6.17916 1.3693
H -5.59418 -8.51487 1.7763
H -3.81516 -8.48169 1.42575
H -5.23894 -9.25629 3.84298
H -3.4325 -9.01971 3.80606
H -4.90547 -7.37403 5.3294
H -2.94318 -2.60408 0.35897
H -1.20432 -3.04387 0.1555
H -2.85513 -7.14555 8.39308
H -1.1802 -7.26174 9.02362
H -1.53207 -6.23188 7.56729
H -5.78398 -4.57376 8.22049
H -4.247 -5.4253 7.87593
H -5.61178 -3.23052 6.29407
H -3.87586 -3.13356 6.3964
$end

$opt
CONSTRAINT
tors           1           2           3           4     -51.815
tors           3           4           5           6     +94.864
tors           4           5           6           7    +176.382
tors           5           6           7           8     -95.674
tors           6           7           8           9    +141.203
tors           7           8           9          10    +175.356
tors           8           9          10          11    +172.820
tors           9          10          11          12     -82.921
tors          11          12          13          14    +168.345
ENDCONSTRAINT
$end

$rem
JOBTYPE                   OPT
METHOD                    B3LYP
DFT_D                     d3_op
BASIS                     STO-3G
GEOM_OPT_MAX_CYCLES       100
GEOM_OPT_TOL_GRADIENT     300
GEOM_OPT_TOL_DISPLACEMENT 1200
GEOM_OPT_TOL_ENERGY       100
SYMMETRY                  False
THRESH                    12
SCF_CONVERGENCE           8
MAX_SUB_FILE_NUM          128
MEM_STATIC                400
MEM_TOTAL                 4000
$end
