$molecule
0  1
O -3.94934 -3.66094 2.70899
C -3.26408 -4.56952 2.26188
C -3.36658 -6.02376 2.66595
C -2.76658 -6.41932 4.02514
C -2.28965 -5.28672 4.90709
O -3.33045 -4.80759 5.65045
C -2.94749 -3.75683 6.54404
C -2.21371 -4.33387 7.75015
O -1.33151 -3.34564 8.30511
C -0.67814 -3.71562 9.43443
C 0.52663 -2.85314 9.72651
C 1.55004 -2.76274 8.58514
C 1.06892 -3.23365 7.22739
O 1.70579 -3.16349 6.18623
O -2.42305 -4.29886 1.22883
O 0.60504 -4.51208 7.35733
O -0.97976 -4.6894 10.11299
C 0.9999 -5.62322 6.62354
C 0.19521 -1.3609 9.92182
C 1.29539 -0.69927 10.75141
C 2.44015 -0.70076 9.75672
C 1.72256 -1.23707 8.51183
O 0.39803 -0.78161 8.65545
H 0.98713 -3.24158 10.66378
H 2.48644 -3.31803 8.81604
H -0.80003 -1.19037 10.38742
H 0.97795 0.35388 10.92585
H 1.51756 -1.17872 11.72913
H 2.77369 0.34961 9.60448
H 3.30652 -1.34175 10.02993
H 2.25129 -0.91452 7.58771
O -1.26364 -4.6622 4.67412
C -2.2208 -3.04135 0.69976
C -4.8168 -6.51079 2.81707
C -4.88015 -8.0264 2.63247
C -4.2307 -8.49476 3.91837
C -3.99753 -7.15139 4.61891
O -5.0815 -6.36078 4.18942
H -2.85962 -6.60306 1.86021
H -1.91303 -7.12832 3.94151
H -1.82057 -2.35892 1.47999
H -5.52099 -6.00495 2.12067
H -5.95411 -8.32027 2.65054
H -4.41138 -8.40373 1.69821
H -4.97428 -9.09661 4.487
H -3.29058 -9.07434 3.79397
H -3.90523 -7.30548 5.71682
H -3.17422 -2.63592 0.29869
H -1.48482 -3.10871 -0.12745
H 0.41301 -6.50645 6.94926
H 2.07616 -5.82699 6.80556
H 0.84727 -5.46666 5.53836
H -2.96563 -4.70049 8.48446
H -1.62049 -5.21444 7.44223
H -3.83654 -3.19379 6.89864
H -2.3159 -3.01108 6.00843
$end

$opt
CONSTRAINT
tors           1           2           3           4     -75.810
tors           3           4           5           6     +86.052
tors           4           5           6           7    +178.183
tors           5           6           7           8     -76.292
tors           6           7           8           9    +153.983
tors           7           8           9          10    +176.298
tors           8           9          10          11    +161.861
tors           9          10          11          12     -55.075
tors          11          12          13          14    +175.270
ENDCONSTRAINT
$end

$rem
JOBTYPE                   OPT
METHOD                    B3LYP
DFT_D                     d3_op
BASIS                     STO-3G
GEOM_OPT_MAX_CYCLES       100
GEOM_OPT_TOL_GRADIENT     300
GEOM_OPT_TOL_DISPLACEMENT 1200
GEOM_OPT_TOL_ENERGY       100
SYMMETRY                  False
THRESH                    12
SCF_CONVERGENCE           8
MAX_SUB_FILE_NUM          128
MEM_STATIC                400
MEM_TOTAL                 4000
$end
