$molecule
0  1
O -3.94934 -3.66094 2.70899
C -3.26408 -4.56952 2.26188
C -3.36658 -6.02376 2.66595
C -3.09138 -6.36459 4.13971
C -2.91895 -5.19381 5.08185
O -4.14226 -4.71941 5.46119
C -4.09181 -3.91302 6.6429
C -4.53882 -4.72595 7.85347
O -3.62804 -4.51988 8.94475
C -3.9739 -5.11501 10.11323
C -2.89273 -5.02196 11.1635
C -1.79679 -6.09278 11.06097
C -1.73913 -6.85616 9.75306
O -0.93786 -7.7389 9.48231
O -2.34709 -4.2809 1.3009
O -2.85061 -6.98233 8.9793
O -5.11128 -5.48996 10.37
C -3.02235 -7.93191 7.9803
C -2.05166 -3.73231 11.11522
C -1.41197 -3.48004 12.4798
C -0.37254 -4.58225 12.51308
C -0.55708 -5.1792 11.11346
O -0.94249 -4.07873 10.32356
H -3.40528 -5.08746 12.15053
H -1.82306 -6.83947 11.88485
H -2.63313 -2.84227 10.78929
H -0.88755 -2.4994 12.42001
H -2.11711 -3.46668 13.33856
H 0.63216 -4.11313 12.60644
H -0.51256 -5.34546 13.309
H 0.36991 -5.70513 10.79394
O -1.86207 -4.98208 5.66576
C -2.11776 -3.0166 0.79976
C -4.78423 -6.59616 2.4906
C -4.71485 -8.11415 2.32427
C -4.34466 -8.53622 3.73176
C -4.37083 -7.17945 4.44354
O -5.37119 -6.4618 3.75998
H -2.66814 -6.58429 2.00244
H -2.17536 -6.98973 4.24022
H -1.78646 -2.33678 1.61372
H -5.33748 -6.13797 1.64159
H -5.74776 -8.4699 2.10803
H -4.02997 -8.47154 1.52545
H -5.15254 -9.19316 4.12432
H -3.36014 -9.04142 3.83554
H -4.5361 -7.31704 5.52764
H -3.04196 -2.61766 0.32955
H -1.31978 -3.06914 0.03101
H -4.064 -7.91105 7.61579
H -2.86118 -8.95315 8.38762
H -2.31712 -7.74302 7.14287
H -5.58163 -4.43432 8.11179
H -4.55919 -5.79333 7.59015
H -4.72815 -3.01105 6.51943
H -3.08661 -3.47749 6.84384
$end

$opt
CONSTRAINT
tors           1           2           3           4     -61.159
tors           3           4           5           6     +81.630
tors           4           5           6           7    +161.609
tors           5           6           7           8    -100.836
tors           6           7           8           9    +133.988
tors           7           8           9          10    +175.356
tors           8           9          10          11    +172.153
tors           9          10          11          12     -83.278
tors          11          12          13          14    +179.747
ENDCONSTRAINT
$end

$rem
JOBTYPE                   OPT
METHOD                    B3LYP
DFT_D                     d3_op
BASIS                     STO-3G
GEOM_OPT_MAX_CYCLES       100
GEOM_OPT_TOL_GRADIENT     300
GEOM_OPT_TOL_DISPLACEMENT 1200
GEOM_OPT_TOL_ENERGY       100
SYMMETRY                  False
THRESH                    12
SCF_CONVERGENCE           8
MAX_SUB_FILE_NUM          128
MEM_STATIC                400
MEM_TOTAL                 4000
$end
