$molecule
0  1
O -3.94934 -3.66094 2.70899
C -3.26408 -4.56952 2.26188
C -3.36658 -6.02376 2.66595
C -3.09138 -6.36459 4.13971
C -2.91895 -5.19381 5.08185
O -4.12396 -4.85811 5.63019
C -4.00163 -4.07371 6.82142
C -3.4904 -4.93777 7.96953
O -2.44143 -4.25058 8.66975
C -1.93039 -4.90469 9.74219
C -0.81105 -4.14656 10.41523
C 0.60149 -4.65319 10.08917
C 0.71199 -5.57925 8.89464
O 1.75589 -5.92911 8.36319
O -2.34628 -4.28078 1.30175
O -0.37837 -6.1239 8.28932
O -2.29081 -6.01862 10.10659
C -0.34949 -6.98815 7.20758
C -0.66643 -2.66589 9.97559
C 0.06258 -1.87055 11.05835
C 1.46467 -2.41988 10.91463
C 1.27707 -3.32707 9.69447
O 0.2789 -2.68991 8.9374
H -1.04586 -4.13717 11.50321
H 1.10271 -5.15532 10.94505
H -1.63525 -2.1703 9.74729
H 0.06469 -0.8055 10.732
H -0.37167 -1.93727 12.079
H 2.15009 -1.57565 10.67874
H 1.84546 -2.98861 11.79057
H 2.25122 -3.48115 9.17959
O -1.89519 -4.52822 5.17314
C -2.11633 -3.01636 0.80127
C -4.78755 -6.5848 2.48379
C -4.72924 -8.1016 2.31146
C -4.36475 -8.52964 3.71713
C -4.38306 -7.17392 4.43323
O -5.37689 -6.44723 3.75144
H -2.66605 -6.58455 2.00535
H -2.20772 -7.02305 4.29224
H -1.7855 -2.33695 1.61578
H -5.33484 -6.12015 1.6343
H -5.76425 -8.44911 2.09178
H -4.04469 -8.46027 1.51291
H -5.17777 -9.18247 4.10599
H -3.38429 -9.04281 3.82015
H -4.5454 -7.32684 5.52329
H -3.04011 -2.61708 0.33053
H -1.31781 -3.06877 0.03308
H -1.38113 -7.28952 6.94034
H 0.22314 -7.90449 7.46541
H 0.1139 -6.48835 6.33034
H -4.33762 -5.21205 8.63774
H -3.06851 -5.8844 7.57646
H -4.98546 -3.64223 7.10338
H -3.3337 -3.20153 6.63361
$end

$opt
CONSTRAINT
tors           1           2           3           4     -61.159
tors           3           4           5           6     +91.427
tors           4           5           6           7    +161.187
tors           5           6           7           8     -71.886
tors           6           7           8           9    +133.978
tors           7           8           9          10    +178.119
tors           8           9          10          11    +178.645
tors           9          10          11          12    -101.999
tors          11          12          13          14    +168.826
ENDCONSTRAINT
$end

$rem
JOBTYPE                   OPT
METHOD                    B3LYP
DFT_D                     d3_op
BASIS                     STO-3G
GEOM_OPT_MAX_CYCLES       100
GEOM_OPT_TOL_GRADIENT     300
GEOM_OPT_TOL_DISPLACEMENT 1200
GEOM_OPT_TOL_ENERGY       100
SYMMETRY                  False
THRESH                    12
SCF_CONVERGENCE           8
MAX_SUB_FILE_NUM          128
MEM_STATIC                400
MEM_TOTAL                 4000
$end
