$molecule
0  1
O -3.94934 -3.66094 2.70899
C -3.26408 -4.56952 2.26188
C -3.36658 -6.02376 2.66595
C -2.79013 -6.41445 4.03669
C -2.33571 -5.27825 4.92588
O -3.39541 -4.79496 5.63923
C -3.00216 -4.04222 6.79162
C -2.67451 -4.98247 7.94691
O -1.81056 -4.32224 8.88531
C -1.44698 -5.06105 9.96286
C -0.19022 -4.55239 10.62806
C 1.07281 -5.378 10.34272
C 0.97978 -6.34837 9.18237
O 1.92421 -6.75565 8.52151
O -2.42609 -4.29973 1.22607
O -0.13278 -7.12478 9.10346
O -2.05926 -6.04945 10.35058
C -0.33963 -8.13259 8.18161
C 0.2929 -3.15797 10.14885
C 1.16441 -2.51274 11.22579
C 2.40537 -3.37266 11.13531
C 2.04044 -4.25061 9.93372
O 1.22679 -3.4285 9.13539
H -0.42679 -4.45573 11.71146
H 1.42328 -5.95697 11.22479
H -0.53315 -2.46266 9.88369
H 1.41619 -1.48879 10.86654
H 0.70882 -2.44111 12.23677
H 3.27144 -2.71507 10.8994
H 2.62533 -3.98751 12.03492
H 2.966 -4.63325 9.45009
O -1.15705 -5.10132 5.21412
C -2.23541 -3.04498 0.68617
C -4.8147 -6.52643 2.80476
C -4.86043 -8.04156 2.60929
C -4.20914 -8.51382 3.89413
C -4.00591 -7.17545 4.61338
O -5.09536 -6.39484 4.17778
H -2.84877 -6.60352 1.86706
H -1.9118 -7.08962 3.92278
H -1.84087 -2.352 1.45985
H -5.51937 -6.02339 2.10693
H -5.93214 -8.34389 2.62423
H -4.38873 -8.41134 1.67352
H -4.94196 -9.14153 4.4484
H -3.2542 -9.06831 3.76786
H -3.91899 -7.33542 5.71087
H -3.19291 -2.65189 0.28238
H -1.49991 -3.11293 -0.14142
H -1.34119 -8.57855 8.3501
H 0.42945 -8.92556 8.29759
H -0.30266 -7.71933 7.15065
H -3.61419 -5.3607 8.40761
H -2.10684 -5.85109 7.54942
H -3.81827 -3.35904 7.10796
H -2.13655 -3.38205 6.54964
$end

$opt
CONSTRAINT
tors           1           2           3           4     -74.692
tors           3           4           5           6     +85.460
tors           4           5           6           7    +160.895
tors           5           6           7           8     -81.688
tors           6           7           8           9    +157.517
tors           7           8           9          10    +179.999
tors           8           9          10          11    +158.885
tors           9          10          11          12    -103.963
tors          11          12          13          14    +154.556
ENDCONSTRAINT
$end

$rem
JOBTYPE                   OPT
METHOD                    B3LYP
DFT_D                     d3_op
BASIS                     STO-3G
GEOM_OPT_MAX_CYCLES       100
GEOM_OPT_TOL_GRADIENT     300
GEOM_OPT_TOL_DISPLACEMENT 1200
GEOM_OPT_TOL_ENERGY       100
SYMMETRY                  False
THRESH                    12
SCF_CONVERGENCE           8
MAX_SUB_FILE_NUM          128
MEM_STATIC                400
MEM_TOTAL                 4000
$end
