$molecule
0  1
O -3.94934 -3.66094 2.70899
C -3.26408 -4.56952 2.26188
C -3.36658 -6.02376 2.66595
C -2.79013 -6.41445 4.03669
C -2.33571 -5.27825 4.92588
O -3.40955 -4.73933 5.57538
C -3.04977 -3.70104 6.49286
C -1.99947 -4.20854 7.47543
O -1.25568 -3.10279 8.01114
C -0.28846 -3.42864 8.90415
C 0.58528 -2.25543 9.2794
C 1.86065 -2.1028 8.43772
C 1.90086 -2.89873 7.1487
O 2.79847 -2.86027 6.31962
O -2.42374 -4.29905 1.22822
O 1.07903 -3.95973 6.92999
O -0.04572 -4.57395 9.26844
C 1.31228 -4.95238 5.98697
C -0.06099 -0.8687 9.03029
C 0.606 0.18226 9.91724
C 1.96018 0.2938 9.25065
C 1.74367 -0.62094 8.04044
O 0.37458 -0.49295 7.74873
H 0.76884 -2.33028 10.37477
H 2.79157 -2.33238 9.00051
H -1.16015 -0.85581 9.19902
H 0.05333 1.13626 9.75849
H 0.62913 -0.04795 11.00408
H 2.10775 1.34899 8.92999
H 2.82261 -0.04381 9.86547
H 2.44214 -0.34506 7.21936
O -1.32274 -4.64256 4.66249
C -2.22986 -3.04337 0.69173
C -4.81619 -6.52002 2.79657
C -4.86651 -8.037 2.61601
C -4.2358 -8.49787 3.91459
C -4.02253 -7.15148 4.61507
O -5.10436 -6.369 4.1646
H -2.84453 -6.6028 1.86967
H -1.92475 -7.10977 3.95818
H -1.83544 -2.35311 1.46794
H -5.5125 -6.02089 2.08756
H -5.93865 -8.33791 2.61702
H -4.37988 -8.41439 1.69096
H -4.98505 -9.10258 4.47262
H -3.29007 -9.07181 3.80769
H -3.94527 -7.29773 5.71514
H -3.18592 -2.64757 0.28721
H -1.49298 -3.11063 -0.13469
H 0.53784 -5.73985 6.05459
H 2.29068 -5.44026 6.18541
H 1.31498 -4.52163 4.96296
H -2.5117 -4.78987 8.27402
H -1.2666 -4.89469 7.03246
H -3.93544 -3.28917 7.02058
H -2.60724 -2.86938 5.89799
$end

$opt
CONSTRAINT
tors           1           2           3           4     -74.692
tors           3           4           5           6     +81.630
tors           4           5           6           7    +176.877
tors           5           6           7           8     -54.438
tors           6           7           8           9    +156.631
tors           7           8           9          10    +179.873
tors           8           9          10          11    +171.734
tors           9          10          11          12     -92.973
tors          11          12          13          14    +176.408
ENDCONSTRAINT
$end

$rem
JOBTYPE                   OPT
METHOD                    B3LYP
DFT_D                     d3_op
BASIS                     STO-3G
GEOM_OPT_MAX_CYCLES       100
GEOM_OPT_TOL_GRADIENT     300
GEOM_OPT_TOL_DISPLACEMENT 1200
GEOM_OPT_TOL_ENERGY       100
SYMMETRY                  False
THRESH                    12
SCF_CONVERGENCE           8
MAX_SUB_FILE_NUM          128
MEM_STATIC                400
MEM_TOTAL                 4000
$end
