$molecule
0  1
O -3.94934 -3.66094 2.70899
C -3.26408 -4.56952 2.26188
C -3.36658 -6.02376 2.66595
C -2.83607 -6.40539 4.05763
C -2.42537 -5.26259 4.95952
O -3.39298 -5.04103 5.89764
C -3.037 -4.02924 6.8457
C -2.15842 -4.62223 7.94233
O -1.38867 -3.5835 8.56796
C -0.57007 -3.98783 9.57074
C 0.40345 -2.91742 10.00332
C 1.61881 -2.7372 9.08208
C 1.51008 -3.37612 7.71216
O 2.26531 -3.17178 6.77279
O -2.41191 -4.29601 1.23869
O 0.96361 -4.62341 7.67316
O -0.72124 -5.03525 10.18711
C 1.15294 -5.55181 6.66377
C -0.17219 -1.49059 10.02633
C 0.64989 -0.61804 10.97362
C 1.93476 -0.47459 10.18265
C 1.55 -1.20806 8.89271
O 0.16783 -0.96753 8.76611
H 0.7422 -3.19701 11.02728
H 2.57522 -3.07939 9.53514
H -1.24907 -1.4578 10.30148
H 0.14954 0.3757 11.02183
H 0.7692 -1.01862 12.0033
H 2.10163 0.60678 9.98004
H 2.8378 -0.91791 10.65544
H 2.183 -0.85525 8.04874
O -1.44708 -4.55425 4.75827
C -2.21174 -3.03874 0.70824
C -4.81689 -6.5282 2.7348
C -4.85061 -8.04039 2.52657
C -4.24808 -8.51619 3.83107
C -4.08317 -7.18012 4.56675
O -5.15587 -6.40126 4.09329
H -2.80786 -6.59817 1.89132
H -1.96284 -7.09384 4.02108
H -1.82582 -2.35094 1.49088
H -5.49125 -6.02213 2.00952
H -5.92136 -8.34521 2.49745
H -4.3408 -8.40248 1.60791
H -4.99817 -9.15391 4.34988
H -3.28468 -9.06275 3.73959
H -4.05373 -7.36716 5.6628
H -3.16313 -2.64143 0.29431
H -1.46563 -3.10366 -0.11004
H 0.57121 -6.46848 6.89005
H 2.22712 -5.82572 6.59553
H 0.81915 -5.13896 5.69089
H -2.78887 -5.1906 8.66195
H -1.4485 -5.332 7.47693
H -3.94623 -3.59413 7.31144
H -2.52726 -3.17607 6.34104
$end

$opt
CONSTRAINT
tors           1           2           3           4     -72.543
tors           3           4           5           6    +102.732
tors           4           5           6           7    +176.136
tors           5           6           7           8     -82.485
tors           6           7           8           9    +157.517
tors           7           8           9          10    +179.599
tors           8           9          10          11    +168.687
tors           9          10          11          12     -78.600
tors          11          12          13          14    +167.803
ENDCONSTRAINT
$end

$rem
JOBTYPE                   OPT
METHOD                    B3LYP
DFT_D                     d3_op
BASIS                     STO-3G
GEOM_OPT_MAX_CYCLES       100
GEOM_OPT_TOL_GRADIENT     300
GEOM_OPT_TOL_DISPLACEMENT 1200
GEOM_OPT_TOL_ENERGY       100
SYMMETRY                  False
THRESH                    12
SCF_CONVERGENCE           8
MAX_SUB_FILE_NUM          128
MEM_STATIC                400
MEM_TOTAL                 4000
$end
