$molecule
0  1
O -3.94934 -3.66094 2.70899
C -3.26408 -4.56952 2.26188
C -3.36658 -6.02376 2.66595
C -2.68452 -6.43757 3.98026
C -2.12848 -5.31869 4.83291
O -2.82778 -5.23567 6.00317
C -2.17328 -4.43726 6.99485
C -1.11926 -5.26422 7.72376
O -0.26792 -4.402 8.49492
C 0.69963 -5.02657 9.2111
C 1.7348 -4.07287 9.75842
C 2.98491 -3.90234 8.88297
C 2.86872 -4.40868 7.45931
O 3.57865 -4.06588 6.52493
O -2.43868 -4.30325 1.21513
O 2.19596 -5.56932 7.23798
O 0.79448 -6.24389 9.3217
C 2.11383 -6.22789 6.02552
C 1.26439 -2.59909 9.84823
C 2.09761 -1.85036 10.88755
C 3.42565 -1.76032 10.16897
C 3.04228 -2.36277 8.81296
O 1.69158 -2.01272 8.64635
H 1.95136 -4.4024 10.7994
H 3.90584 -4.34442 9.32147
H 0.18433 -2.49196 10.0907
H 1.66813 -0.82582 10.96913
H 2.13481 -2.31082 11.89818
H 3.69528 -0.68585 10.06409
H 4.26176 -2.32055 10.64092
H 3.73747 -1.99534 8.02615
O -1.16919 -4.62495 4.51685
C -2.24937 -3.04921 0.67316
C -4.81375 -6.48432 2.91114
C -4.92338 -7.9894 2.68332
C -4.16831 -8.50988 3.88709
C -3.87741 -7.19614 4.62538
O -4.97604 -6.37751 4.3044
H -2.93053 -6.60753 1.82244
H -1.8344 -7.13588 3.81402
H -1.84168 -2.35852 1.4421
H -5.5585 -5.9443 2.28616
H -5.99845 -8.25853 2.79392
H -4.55485 -8.35052 1.6991
H -4.85833 -9.14942 4.4815
H -3.23549 -9.06926 3.65846
H -3.72316 -7.41873 5.70373
H -3.2101 -2.6515 0.28184
H -1.52471 -3.12016 -0.16369
H 1.49593 -7.1409 6.14802
H 3.12613 -6.52768 5.68033
H 1.6354 -5.5716 5.26721
H -1.6218 -6.03118 8.35478
H -0.4907 -5.77899 6.96804
H -2.91658 -4.08832 7.74243
H -1.73232 -3.51593 6.54917
$end

$opt
CONSTRAINT
tors           1           2           3           4     -79.803
tors           3           4           5           6    +113.633
tors           4           5           6           7    +165.582
tors           5           6           7           8     -82.485
tors           6           7           8           9    +167.115
tors           7           8           9          10    +178.862
tors           8           9          10          11    +167.718
tors           9          10          11          12     -94.420
tors          11          12          13          14    +159.493
ENDCONSTRAINT
$end

$rem
JOBTYPE                   OPT
METHOD                    B3LYP
DFT_D                     d3_op
BASIS                     STO-3G
GEOM_OPT_MAX_CYCLES       100
GEOM_OPT_TOL_GRADIENT     300
GEOM_OPT_TOL_DISPLACEMENT 1200
GEOM_OPT_TOL_ENERGY       100
SYMMETRY                  False
THRESH                    12
SCF_CONVERGENCE           8
MAX_SUB_FILE_NUM          128
MEM_STATIC                400
MEM_TOTAL                 4000
$end
