$molecule
0  1
O -3.94934 -3.66094 2.70899
C -3.26408 -4.56952 2.26188
C -3.36658 -6.02376 2.66595
C -2.62164 -6.45303 3.94057
C -2.00427 -5.34602 4.76608
O -2.75657 -5.12663 5.88471
C -2.17952 -4.162 6.77115
C -1.34737 -4.8623 7.84037
O -0.50853 -3.90827 8.51048
C 0.2772 -4.41227 9.49422
C 1.15955 -3.36789 10.13563
C 2.49555 -3.12096 9.4198
C 2.60122 -3.6684 8.0106
O 3.29652 -3.20252 7.11949
O -2.43291 -4.30259 1.22002
O 2.20197 -4.95758 7.83323
O 0.11144 -5.52135 9.98725
C 2.30649 -5.66222 6.65109
C 0.57098 -1.94362 10.16635
C 1.224 -1.13939 11.28892
C 2.61676 -0.94747 10.72488
C 2.44357 -1.58022 9.33898
O 1.09632 -1.33005 9.01567
H 1.33542 -3.70621 11.18259
H 3.37436 -3.50004 9.98612
H -0.53569 -1.92722 10.27377
H 0.71353 -0.14999 11.31967
H 1.18063 -1.60455 12.29718
H 2.81085 0.14469 10.63707
H 3.43439 -1.43574 11.29818
H 3.19722 -1.16245 8.63603
O -1.02266 -4.70297 4.41341
C -2.24065 -3.04811 0.68018
C -4.80684 -6.45912 2.98802
C -4.9545 -7.96359 2.7745
C -4.15386 -8.49177 3.9448
C -3.79639 -7.17897 4.6537
O -4.89469 -6.34109 4.38597
H -2.99313 -6.61031 1.79508
H -1.80313 -7.18077 3.74525
H -1.83726 -2.35803 1.45194
H -5.57351 -5.90974 2.39865
H -6.02755 -8.21454 2.93565
H -4.63724 -8.33411 1.77601
H -4.82953 -9.10577 4.58117
H -3.2489 -9.07866 3.67674
H -3.58495 -7.39027 5.72502
H -3.19922 -2.65014 0.28388
H -1.51137 -3.11833 -0.15271
H 1.89393 -6.68128 6.79836
H 3.37106 -5.74757 6.34569
H 1.72405 -5.15382 5.85297
H -2.0218 -5.40152 8.54243
H -0.68349 -5.59944 7.33551
H -2.98124 -3.56246 7.25139
H -1.54265 -3.41665 6.24264
$end

$opt
CONSTRAINT
tors           1           2           3           4     -82.986
tors           3           4           5           6    +104.853
tors           4           5           6           7    +175.445
tors           5           6           7           8     -94.275
tors           6           7           8           9    +165.514
tors           7           8           9          10    +179.599
tors           8           9          10          11    +178.542
tors           9          10          11          12     -86.014
tors          11          12          13          14    +151.281
ENDCONSTRAINT
$end

$rem
JOBTYPE                   OPT
METHOD                    B3LYP
DFT_D                     d3_op
BASIS                     STO-3G
GEOM_OPT_MAX_CYCLES       100
GEOM_OPT_TOL_GRADIENT     300
GEOM_OPT_TOL_DISPLACEMENT 1200
GEOM_OPT_TOL_ENERGY       100
SYMMETRY                  False
THRESH                    12
SCF_CONVERGENCE           8
MAX_SUB_FILE_NUM          128
MEM_STATIC                400
MEM_TOTAL                 4000
$end
