$molecule
0  1
O -3.94934 -3.66094 2.70899
C -3.26408 -4.56952 2.26188
C -3.36658 -6.02376 2.66595
C -2.83704 -6.4052 4.05805
C -2.42726 -5.26227 4.96019
O -3.36132 -5.08764 5.94124
C -2.93751 -4.18461 6.96798
C -2.06041 -4.914 7.9803
O -1.61608 -3.99754 8.99299
C -0.83097 -4.53325 9.96034
C -0.12379 -3.48816 10.79
C 1.20016 -2.98051 10.20031
C 1.44199 -3.308 8.74052
O 2.22108 -2.72256 8.0024
O -2.41258 -4.29619 1.23807
O 1.15909 -4.58152 8.35074
O -0.84568 -5.72036 10.26064
C 1.51228 -5.13738 7.13532
C -0.89745 -2.16796 10.96962
C -0.4045 -1.4463 12.22271
C 0.96959 -0.99914 11.7683
C 0.94211 -1.46232 10.30721
O -0.41171 -1.3452 9.93877
H 0.0467 -3.9466 11.79094
H 2.09889 -3.306 10.76872
H -1.99979 -2.30762 11.01293
H -1.04557 -0.54532 12.35524
H -0.42259 -2.0491 13.15609
H 1.01225 0.11139 11.82483
H 1.82354 -1.44254 12.3248
H 1.66134 -0.86345 9.70624
O -1.43814 -4.56247 4.77928
C -2.21417 -3.03936 0.7059
C -4.81721 -6.52762 2.73331
C -4.85133 -8.03897 2.52095
C -4.24676 -8.51795 3.8231
C -4.08387 -7.18397 4.56351
O -5.1566 -6.40428 4.09212
H -2.80743 -6.59817 1.89159
H -1.96246 -7.09184 4.02028
H -1.82893 -2.34997 1.48745
H -5.49149 -6.01959 2.00929
H -5.92236 -8.34298 2.49292
H -4.34338 -8.39933 1.60058
H -4.9948 -9.15997 4.3396
H -3.28183 -9.06134 3.72894
H -4.05668 -7.37797 5.65833
H -3.16622 -2.64387 0.29172
H -1.46829 -3.10442 -0.11258
H 1.14754 -6.18408 7.0929
H 2.61711 -5.14237 7.0206
H 1.05061 -4.56219 6.30443
H -2.65234 -5.74197 8.43129
H -1.18609 -5.34578 7.45514
H -3.83914 -3.82801 7.50971
H -2.4399 -3.27686 6.55624
$end

$opt
CONSTRAINT
tors           1           2           3           4     -72.498
tors           3           4           5           6    +105.971
tors           4           5           6           7    +169.773
tors           5           6           7           8     -82.460
tors           6           7           8           9    +178.842
tors           7           8           9          10    +179.599
tors           8           9          10          11    +165.851
tors           9          10          11          12     -85.220
tors          11          12          13          14    +159.493
ENDCONSTRAINT
$end

$rem
JOBTYPE                   OPT
METHOD                    B3LYP
DFT_D                     d3_op
BASIS                     STO-3G
GEOM_OPT_MAX_CYCLES       100
GEOM_OPT_TOL_GRADIENT     300
GEOM_OPT_TOL_DISPLACEMENT 1200
GEOM_OPT_TOL_ENERGY       100
SYMMETRY                  False
THRESH                    12
SCF_CONVERGENCE           8
MAX_SUB_FILE_NUM          128
MEM_STATIC                400
MEM_TOTAL                 4000
$end
