$molecule
0  1
O -3.94934 -3.66094 2.70899
C -3.26408 -4.56952 2.26188
C -3.36658 -6.02376 2.66595
C -2.68452 -6.43757 3.98026
C -2.12848 -5.31869 4.83291
O -2.94257 -5.1068 5.90891
C -2.38017 -4.21 6.87261
C -1.41421 -4.95791 7.78567
O -0.52156 -4.02859 8.42003
C 0.38435 -4.5762 9.26774
C 1.33944 -3.55899 9.84544
C 2.57259 -3.26381 8.97914
C 2.49842 -3.73645 7.54116
O 3.19489 -3.32699 6.62364
O -2.43816 -4.30302 1.2156
O 1.89726 -4.93174 7.28981
O 0.2866 -5.71191 9.71638
C 1.89314 -5.5809 6.07005
C 0.74878 -2.14783 10.02501
C 1.54363 -1.38413 11.08286
C 2.8379 -1.13559 10.33697
C 2.48347 -1.72134 8.96554
O 1.10216 -1.48041 8.84046
H 1.64994 -3.95067 10.84108
H 3.53411 -3.62422 9.40587
H -0.33237 -2.15474 10.2852
H 1.03061 -0.40814 11.23949
H 1.651 -1.90306 12.05963
H 2.99169 -0.03607 10.26078
H 3.7399 -1.61727 10.77268
H 3.12682 -1.26325 8.18222
O -1.14642 -4.65131 4.53221
C -2.24827 -3.04878 0.67431
C -4.81405 -6.48323 2.90693
C -4.92254 -7.99089 2.6924
C -4.1817 -8.50062 3.90963
C -3.88568 -7.17919 4.63067
O -4.98157 -6.36133 4.29746
H -2.9274 -6.60667 1.82366
H -1.84554 -7.15312 3.83224
H -1.8407 -2.35858 1.44377
H -5.55494 -5.94854 2.27283
H -5.99835 -8.26111 2.79194
H -4.54072 -8.35832 1.71559
H -4.88327 -9.12138 4.51045
H -3.25452 -9.07539 3.697
H -3.73109 -7.3825 5.71318
H -3.20872 -2.65059 0.28278
H -1.52327 -3.11952 -0.16226
H 1.31746 -6.52465 6.15969
H 2.93176 -5.82631 5.76221
H 1.41634 -4.9401 5.299
H -1.98631 -5.57571 8.51341
H -0.79148 -5.63472 7.16263
H -3.18209 -3.76192 7.49638
H -1.87673 -3.35146 6.37098
$end

$opt
CONSTRAINT
tors           1           2           3           4     -79.803
tors           3           4           5           6    +104.853
tors           4           5           6           7    +170.825
tors           5           6           7           8     -82.174
tors           6           7           8           9    +160.016
tors           7           8           9          10    +179.599
tors           8           9          10          11    +176.947
tors           9          10          11          12     -86.014
tors          11          12          13          14    +160.795
ENDCONSTRAINT
$end

$rem
JOBTYPE                   OPT
METHOD                    B3LYP
DFT_D                     d3_op
BASIS                     STO-3G
GEOM_OPT_MAX_CYCLES       100
GEOM_OPT_TOL_GRADIENT     300
GEOM_OPT_TOL_DISPLACEMENT 1200
GEOM_OPT_TOL_ENERGY       100
SYMMETRY                  False
THRESH                    12
SCF_CONVERGENCE           8
MAX_SUB_FILE_NUM          128
MEM_STATIC                400
MEM_TOTAL                 4000
$end
