$molecule
0  1
O -3.94934 -3.66094 2.70899
C -3.26408 -4.56952 2.26188
C -3.36658 -6.02376 2.66595
C -2.71863 -6.42973 3.99982
C -2.1956 -5.30492 4.86545
O -3.01155 -5.13411 5.94734
C -2.53305 -4.14288 6.86262
C -1.48553 -4.74742 7.79179
O -0.77257 -3.70212 8.47144
C 0.19079 -4.11694 9.3311
C 0.95983 -2.97359 9.94916
C 2.14839 -2.46875 9.11804
C 2.18047 -2.91701 7.67072
O 2.72356 -2.31666 6.75464
O -2.43547 -4.30211 1.21794
O 1.94476 -4.2378 7.44021
O 0.26754 -5.26374 9.75475
C 2.06349 -4.86164 6.21453
C 0.1544 -1.67359 10.13961
C 0.79303 -0.82648 11.23877
C 2.05906 -0.37051 10.54336
C 1.8333 -0.95741 9.14507
O 0.43511 -0.92486 8.98361
H 1.30606 -3.33148 10.94587
H 3.13815 -2.71288 9.56239
H -0.91997 -1.85119 10.36485
H 0.13418 0.05804 11.39344
H 0.94555 -1.34347 12.21055
H 2.05641 0.74164 10.50651
H 3.00782 -0.73523 10.99325
H 2.42148 -0.38398 8.39538
O -1.22589 -4.61313 4.57877
C -2.24531 -3.04763 0.67728
C -4.8163 -6.49491 2.86703
C -4.90634 -8.00298 2.64814
C -4.19214 -8.50798 3.88319
C -3.92932 -7.18535 4.61532
O -5.02289 -6.37682 4.25295
H -2.89768 -6.60497 1.83855
H -1.86638 -7.13322 3.87106
H -1.8405 -2.35707 1.44786
H -5.54407 -5.96534 2.21374
H -5.98219 -8.28163 2.72048
H -4.49746 -8.36677 1.68097
H -4.90206 -9.13912 4.46299
H -3.25281 -9.07093 3.69344
H -3.8041 -7.39144 5.70096
H -3.2051 -2.65037 0.28319
H -1.51803 -3.11761 -0.15738
H 1.79381 -5.93202 6.32374
H 3.10917 -4.79148 5.84654
H 1.37494 -4.39214 5.48065
H -1.97714 -5.45328 8.49806
H -0.74792 -5.31074 7.17907
H -3.37383 -3.76779 7.48347
H -2.13295 -3.25427 6.32149
$end

$opt
CONSTRAINT
tors           1           2           3           4     -78.123
tors           3           4           5           6    +107.343
tors           4           5           6           7    +176.136
tors           5           6           7           8     -82.485
tors           6           7           8           9    +165.642
tors           7           8           9          10    +179.981
tors           8           9          10          11    +176.471
tors           9          10          11          12     -86.014
tors          11          12          13          14    +153.819
ENDCONSTRAINT
$end

$rem
JOBTYPE                   OPT
METHOD                    B3LYP
DFT_D                     d3_op
BASIS                     STO-3G
GEOM_OPT_MAX_CYCLES       100
GEOM_OPT_TOL_GRADIENT     300
GEOM_OPT_TOL_DISPLACEMENT 1200
GEOM_OPT_TOL_ENERGY       100
SYMMETRY                  False
THRESH                    12
SCF_CONVERGENCE           8
MAX_SUB_FILE_NUM          128
MEM_STATIC                400
MEM_TOTAL                 4000
$end
