$molecule
0  1
O -3.94934 -3.66094 2.70899
C -3.26408 -4.56952 2.26188
C -3.36658 -6.02376 2.66595
C -2.71863 -6.42973 3.99982
C -2.1956 -5.30492 4.86545
O -3.05326 -5.08193 5.90474
C -2.51197 -4.21253 6.90493
C -1.64629 -5.00581 7.8783
O -0.85012 -4.10862 8.66826
C -0.05056 -4.69777 9.5917
C 0.85897 -3.71759 10.2936
C 2.22707 -3.51234 9.62692
C 2.35157 -4.0194 8.20421
O 3.1269 -3.58789 7.36324
O -2.43635 -4.3023 1.21717
O 1.86905 -5.26583 7.95139
O 0.01878 -5.9088 9.76726
C 1.98297 -5.93335 6.74812
C 0.34231 -2.25742 10.30499
C 0.97293 -1.49481 11.46908
C 2.40171 -1.37559 10.98446
C 2.26336 -1.97194 9.57893
O 0.95028 -1.65154 9.19288
H 0.91985 -4.04495 11.35601
H 3.06572 -3.954 10.20793
H -0.76566 -2.18014 10.36208
H 0.51382 -0.47991 11.47431
H 0.84931 -1.95457 12.47313
H 2.66657 -0.29595 10.93685
H 3.1558 -1.92905 11.58511
H 3.07096 -1.58232 8.92098
O -1.19586 -4.64655 4.60467
C -2.24804 -3.04825 0.67485
C -4.81658 -6.49377 2.86455
C -4.90673 -8.00312 2.65293
C -4.20093 -8.50233 3.89511
C -3.93462 -7.17562 4.61788
O -5.02612 -6.3672 4.24878
H -2.89609 -6.60453 1.83924
H -1.87334 -7.14334 3.88119
H -1.8437 -2.35618 1.44431
H -5.54179 -5.96691 2.20623
H -5.98285 -8.28212 2.71904
H -4.49059 -8.37037 1.69016
H -4.91766 -9.12288 4.478
H -3.26519 -9.07409 3.7143
H -3.81057 -7.37246 5.70556
H -3.20856 -2.65272 0.28079
H -1.52119 -3.11838 -0.16017
H 1.48686 -6.92181 6.83304
H 3.05271 -6.09059 6.49372
H 1.48461 -5.3525 5.9426
H -2.29207 -5.66036 8.50556
H -0.95009 -5.64386 7.29049
H -3.33792 -3.74076 7.4779
H -1.94102 -3.37057 6.45029
$end

$opt
CONSTRAINT
tors           1           2           3           4     -78.123
tors           3           4           5           6    +103.809
tors           4           5           6           7    +168.913
tors           5           6           7           8     -83.929
tors           6           7           8           9    +165.865
tors           7           8           9          10    +178.921
tors           8           9          10          11    +174.308
tors           9          10          11          12     -90.504
tors          11          12          13          14    +153.819
ENDCONSTRAINT
$end

$rem
JOBTYPE                   OPT
METHOD                    B3LYP
DFT_D                     d3_op
BASIS                     STO-3G
GEOM_OPT_MAX_CYCLES       100
GEOM_OPT_TOL_GRADIENT     300
GEOM_OPT_TOL_DISPLACEMENT 1200
GEOM_OPT_TOL_ENERGY       100
SYMMETRY                  False
THRESH                    12
SCF_CONVERGENCE           8
MAX_SUB_FILE_NUM          128
MEM_STATIC                400
MEM_TOTAL                 4000
$end
