$molecule
0  1
O -3.94934 -3.66094 2.70899
C -3.26408 -4.56952 2.26188
C -3.36658 -6.02376 2.66595
C -2.71863 -6.42973 3.99982
C -2.1956 -5.30492 4.86545
O -2.95045 -5.20233 5.99907
C -2.41567 -4.27525 6.94974
C -1.41279 -4.97599 7.86042
O -0.6394 -4.00153 8.57819
C 0.29181 -4.50535 9.42563
C 1.11899 -3.43388 10.09523
C 2.39159 -3.02986 9.33658
C 2.46771 -3.47464 7.88984
O 3.05711 -2.88356 6.99665
O -2.43747 -4.30266 1.21619
O 2.19427 -4.78477 7.64603
O 0.50986 -5.70204 9.57419
C 2.30103 -5.40093 6.41573
C 0.42447 -2.05593 10.21429
C 1.04801 -1.26378 11.36311
C 2.40573 -0.9407 10.77654
C 2.23059 -1.49705 9.35871
O 0.86004 -1.33509 9.08936
H 1.31268 -3.78868 11.13279
H 3.3185 -3.38777 9.83545
H -0.67596 -2.12646 10.35846
H 0.46682 -0.31825 11.45614
H 1.06791 -1.77618 12.34911
H 2.52544 0.16536 10.75933
H 3.27129 -1.41165 11.29119
H 2.9267 -0.9821 8.66097
O -1.23111 -4.60757 4.57356
C -2.25073 -3.04903 0.67237
C -4.81628 -6.49525 2.86898
C -4.90691 -8.002 2.64344
C -4.18556 -8.51235 3.87203
C -3.92537 -7.19358 4.61269
O -5.02033 -6.38454 4.25631
H -2.89917 -6.60546 1.83794
H -1.86097 -7.12503 3.86234
H -1.84637 -2.35575 1.44071
H -5.54599 -5.96294 2.22009
H -5.98259 -8.27997 2.72121
H -4.50451 -8.36275 1.67242
H -4.88969 -9.15271 4.44876
H -3.24333 -9.06778 3.67448
H -3.80058 -7.40965 5.69623
H -3.21196 -2.65484 0.27869
H -1.52458 -3.11943 -0.16323
H 2.00249 -6.46456 6.51589
H 3.34944 -5.35591 6.05165
H 1.6252 -4.90852 5.68408
H -1.94557 -5.67678 8.54137
H -0.7109 -5.55683 7.22094
H -3.23595 -3.86288 7.57427
H -1.9505 -3.39309 6.45221
$end

$opt
CONSTRAINT
tors           1           2           3           4     -78.123
tors           3           4           5           6    +112.036
tors           4           5           6           7    +172.424
tors           5           6           7           8     -87.483
tors           6           7           8           9    +165.642
tors           7           8           9          10    +179.988
tors           8           9          10          11    +177.009
tors           9          10          11          12     -89.887
tors          11          12          13          14    +149.979
ENDCONSTRAINT
$end

$rem
JOBTYPE                   OPT
METHOD                    B3LYP
DFT_D                     d3_op
BASIS                     STO-3G
GEOM_OPT_MAX_CYCLES       100
GEOM_OPT_TOL_GRADIENT     300
GEOM_OPT_TOL_DISPLACEMENT 1200
GEOM_OPT_TOL_ENERGY       100
SYMMETRY                  False
THRESH                    12
SCF_CONVERGENCE           8
MAX_SUB_FILE_NUM          128
MEM_STATIC                400
MEM_TOTAL                 4000
$end
