$molecule
0  1
O -3.94934 -3.66094 2.70899
C -3.26408 -4.56952 2.26188
C -3.36658 -6.02376 2.66595
C -2.71863 -6.42973 3.99982
C -2.1956 -5.30492 4.86545
O -3.01155 -5.13411 5.94734
C -2.49382 -4.2008 6.90135
C -1.66975 -4.93071 7.95694
O -0.80335 -4.00312 8.62909
C -0.01593 -4.53632 9.59594
C 0.89661 -3.51922 10.23894
C 2.22824 -3.29125 9.50883
C 2.30412 -3.82244 8.09152
O 3.03004 -3.38722 7.20937
O -2.43638 -4.30233 1.21714
O 1.83383 -5.0835 7.88733
O -0.19978 -5.64752 10.07772
C 1.90938 -5.77417 6.69448
C 0.33635 -2.08471 10.29514
C 1.02271 -1.3054 11.41548
C 2.40844 -1.13101 10.82931
C 2.20142 -1.74874 9.44144
O 0.85428 -1.47011 9.14207
H 1.07931 -3.87507 11.27884
H 3.11154 -3.68458 10.05812
H -0.76793 -2.04877 10.42093
H 0.53079 -0.30758 11.46787
H 0.98852 -1.78331 12.41813
H 2.61793 -0.04135 10.74567
H 3.22812 -1.63567 11.38519
H 2.9511 -1.33819 8.72993
O -1.21098 -4.63171 4.58496
C -2.2479 -3.04826 0.67494
C -4.81649 -6.49433 2.86621
C -4.90692 -8.0025 2.64826
C -4.19439 -8.5068 3.88446
C -3.93082 -7.18361 4.61527
O -5.02377 -6.37481 4.25179
H -2.89729 -6.60488 1.83871
H -1.86815 -7.13584 3.8734
H -1.8434 -2.35635 1.44446
H -5.54357 -5.96493 2.21199
H -5.9829 -8.28094 2.71939
H -4.49677 -8.36681 1.68182
H -4.90566 -9.13615 4.46458
H -3.25575 -9.07142 3.69627
H -3.80651 -7.38914 5.70115
H -3.20838 -2.65254 0.28098
H -1.5211 -3.11842 -0.16012
H 1.43653 -6.76959 6.82065
H 2.97027 -5.91687 6.39789
H 1.36649 -5.21976 5.89936
H -2.3452 -5.47576 8.65337
H -1.01899 -5.66813 7.43597
H -3.32348 -3.64687 7.38878
H -1.86978 -3.41169 6.42299
$end

$opt
CONSTRAINT
tors           1           2           3           4     -78.123
tors           3           4           5           6    +107.343
tors           4           5           6           7    +172.655
tors           5           6           7           8     -91.994
tors           6           7           8           9    +160.842
tors           7           8           9          10    +179.981
tors           8           9          10          11    +178.476
tors           9          10          11          12     -86.014
tors          11          12          13          14    +153.819
ENDCONSTRAINT
$end

$rem
JOBTYPE                   OPT
METHOD                    B3LYP
DFT_D                     d3_op
BASIS                     STO-3G
GEOM_OPT_MAX_CYCLES       100
GEOM_OPT_TOL_GRADIENT     300
GEOM_OPT_TOL_DISPLACEMENT 1200
GEOM_OPT_TOL_ENERGY       100
SYMMETRY                  False
THRESH                    12
SCF_CONVERGENCE           8
MAX_SUB_FILE_NUM          128
MEM_STATIC                400
MEM_TOTAL                 4000
$end
