$molecule
0  1
O -3.94934 -3.66094 2.70899
C -3.26408 -4.56952 2.26188
C -3.36658 -6.02376 2.66595
C -2.61222 -6.45547 3.93418
C -1.9856 -5.35034 4.75524
O -2.73691 -5.11905 5.87215
C -2.20069 -4.08793 6.70793
C -1.10184 -4.65387 7.60143
O -0.26779 -3.5894 8.08532
C 0.73641 -3.96662 8.91504
C 1.59847 -2.8091 9.35962
C 2.64434 -2.34934 8.33343
C 2.44674 -2.85268 6.91769
O 2.91499 -2.34018 5.91139
O -2.42427 -4.30078 1.22753
O 2.12327 -4.1682 6.77929
O 0.81031 -5.07665 9.42787
C 2.14731 -4.87206 5.59137
C 0.83352 -1.50076 9.62514
C 1.64052 -0.61421 10.57193
C 2.77578 -0.19053 9.6624
C 2.33162 -0.83681 8.34496
O 0.92516 -0.80299 8.40841
H 2.10523 -3.13723 10.2961
H 3.69391 -2.57234 8.62576
H -0.19101 -1.66606 10.02458
H 1.01463 0.27852 10.79896
H 1.95035 -1.0965 11.52394
H 2.7591 0.91883 9.57653
H 3.78711 -0.53405 9.97012
H 2.79064 -0.29929 7.48621
O -1.02893 -4.68342 4.38222
C -2.22479 -3.04468 0.69416
C -4.80498 -6.45567 3.00287
C -4.95898 -7.95954 2.78912
C -4.14679 -8.49154 3.94984
C -3.78008 -7.18077 4.6577
O -4.87894 -6.33991 4.40192
H -3.006 -6.61105 1.79019
H -1.79481 -7.18148 3.72843
H -1.82564 -2.35872 1.47182
H -5.57641 -5.90379 2.42213
H -6.03091 -8.2073 2.96224
H -4.65447 -8.33031 1.78677
H -4.8163 -9.10671 4.59153
H -3.24499 -9.07821 3.67082
H -3.55765 -7.39299 5.7266
H -3.17927 -2.64272 0.29209
H -1.48915 -3.1134 -0.13324
H 1.80446 -5.91081 5.77509
H 3.18084 -4.90267 5.1858
H 1.4746 -4.39365 4.8507
H -1.55748 -5.25368 8.42079
H -0.4546 -5.32211 6.99249
H -2.99748 -3.66071 7.35258
H -1.82316 -3.23716 6.09431
$end

$opt
CONSTRAINT
tors           1           2           3           4     -83.473
tors           3           4           5           6    +104.138
tors           4           5           6           7    +179.610
tors           5           6           7           8     -82.299
tors           6           7           8           9    +160.245
tors           7           8           9          10    +178.829
tors           8           9          10          11    +178.476
tors           9          10          11          12     -79.511
tors          11          12          13          14    +158.799
ENDCONSTRAINT
$end

$rem
JOBTYPE                   OPT
METHOD                    B3LYP
DFT_D                     d3_op
BASIS                     STO-3G
GEOM_OPT_MAX_CYCLES       100
GEOM_OPT_TOL_GRADIENT     300
GEOM_OPT_TOL_DISPLACEMENT 1200
GEOM_OPT_TOL_ENERGY       100
SYMMETRY                  False
THRESH                    12
SCF_CONVERGENCE           8
MAX_SUB_FILE_NUM          128
MEM_STATIC                400
MEM_TOTAL                 4000
$end
