$molecule
0  1
O -3.94934 -3.66094 2.70899
C -3.26408 -4.56952 2.26188
C -3.36658 -6.02376 2.66595
C -2.61222 -6.45547 3.93418
C -1.9856 -5.35034 4.75524
O -2.74832 -5.10448 5.86125
C -2.21295 -4.07244 6.69643
C -1.09327 -4.63027 7.56894
O -0.26593 -3.55841 8.04801
C 0.76804 -3.93038 8.84279
C 1.62054 -2.76429 9.28341
C 2.69563 -2.33125 8.27597
C 2.53595 -2.86785 6.86768
O 2.96657 -2.3373 5.85395
O -2.42506 -4.30095 1.22683
O 2.2712 -4.19878 6.75755
O 0.86062 -5.03975 9.35403
C 2.27964 -4.91341 5.57664
C 0.85676 -1.44392 9.49619
C 1.64027 -0.54198 10.4481
C 2.80771 -0.14833 9.56655
C 2.39741 -0.81631 8.24888
O 0.99018 -0.77167 8.26886
H 2.09529 -3.0688 10.24435
H 3.73289 -2.5626 8.60357
H -0.18046 -1.59203 9.86872
H 1.01415 0.36034 10.63281
H 1.91511 -1.00236 11.42144
H 2.80731 0.95936 9.46024
H 3.80477 -0.49821 9.91149
H 2.88684 -0.29901 7.39467
O -1.02367 -4.68832 4.38565
C -2.22642 -3.04504 0.69272
C -4.80501 -6.45562 3.00234
C -4.95865 -7.95985 2.79034
C -4.14815 -8.49034 3.95295
C -3.78098 -7.17856 4.65854
O -4.87964 -6.33789 4.40109
H -3.0055 -6.61096 1.79036
H -1.79603 -7.18343 3.73049
H -1.82699 -2.35854 1.46976
H -5.57607 -5.9045 2.42039
H -6.03076 -8.20782 2.962
H -4.65232 -8.33147 1.78885
H -4.81904 -9.10306 4.59555
H -3.24696 -9.07895 3.67608
H -3.55858 -7.38835 5.72796
H -3.18133 -2.64364 0.29111
H -1.49135 -3.11389 -0.13518
H 2.00216 -5.96667 5.78641
H 3.29338 -4.89293 5.1232
H 1.54539 -4.48248 4.86517
H -1.52584 -5.24371 8.39064
H -0.44381 -5.28364 6.94568
H -3.00458 -3.66184 7.358
H -1.85706 -3.215 6.07912
$end

$opt
CONSTRAINT
tors           1           2           3           4     -83.473
tors           3           4           5           6    +103.180
tors           4           5           6           7    +179.610
tors           5           6           7           8     -80.118
tors           6           7           8           9    +160.245
tors           7           8           9          10    +179.810
tors           8           9          10          11    +178.476
tors           9          10          11          12     -83.656
tors          11          12          13          14    +154.202
ENDCONSTRAINT
$end

$rem
JOBTYPE                   OPT
METHOD                    B3LYP
DFT_D                     d3_op
BASIS                     STO-3G
GEOM_OPT_MAX_CYCLES       100
GEOM_OPT_TOL_GRADIENT     300
GEOM_OPT_TOL_DISPLACEMENT 1200
GEOM_OPT_TOL_ENERGY       100
SYMMETRY                  False
THRESH                    12
SCF_CONVERGENCE           8
MAX_SUB_FILE_NUM          128
MEM_STATIC                400
MEM_TOTAL                 4000
$end
