$molecule
0  1
O -3.94934 -3.66094 2.70899
C -3.26408 -4.56952 2.26188
C -3.36658 -6.02376 2.66595
C -2.09215 -6.69516 3.20345
C -0.90361 -5.79095 3.44399
O -0.19755 -5.63459 2.28535
C 0.75563 -6.6789 2.06147
C 0.03799 -8.00373 1.82493
O -0.32319 -8.12423 0.44004
C -1.64294 -8.31939 0.19647
C -2.33709 -7.07854 -0.31253
C -3.04314 -7.2411 -1.66654
C -3.25935 -8.66703 -2.13202
O -3.4902 -9.00975 -3.28259
O -2.22282 -4.23385 1.45054
O -3.48794 -9.63568 -1.20439
O -2.23714 -9.18414 0.82982
C -3.80713 -10.95059 -1.48037
C -3.89415 -6.8923 0.16526
C -4.46211 -5.41884 -0.05809
C -4.65827 -5.36785 -1.5173
C -4.48189 -6.8155 -1.75729
O -4.88274 -7.484 -0.63395
H -1.79354 -6.1293 -0.13186
H -2.40393 -6.77039 -2.44609
H -3.96922 -7.57087 1.02208
H -5.47277 -5.42244 0.41933
H -4.05373 -4.4325 0.13633
H -5.6788 -4.98507 -1.74413
H -3.8888 -4.80754 -2.09652
H -5.00897 -7.09172 -2.70383
O -0.42347 -5.50456 4.53338
C -1.8826 -2.9432 1.09903
C -4.13333 -6.07463 4.07071
C -4.80728 -7.43909 4.30867
C -3.5921 -8.29617 4.52128
C -2.51531 -7.2051 4.59192
O -3.16704 -6.07762 5.08449
H -4.3605 -6.28125 2.32099
H -2.06052 -7.52577 2.55942
H -1.62438 -2.35712 2.00661
H -4.91439 -5.28896 4.20586
H -5.35497 -7.35091 5.27556
H -5.51436 -7.80599 3.53352
H -3.7088 -8.83828 5.48568
H -3.37058 -9.01673 3.70429
H -1.65271 -7.5783 5.18858
H -2.72263 -2.45252 0.56319
H -0.9992 -2.97154 0.42893
H -3.92923 -11.50222 -0.52581
H -2.99254 -11.42608 -2.06717
H -4.76121 -11.00289 -2.04703
H 0.90757 -8.69498 1.86244
H -0.47399 -8.61478 2.5959
H 1.43835 -6.75489 2.93929
H 1.37729 -6.42517 1.17572
$end

$opt
CONSTRAINT
tors           1           2           3           4    -123.158
tors           3           4           5           6     -85.263
tors           4           5           6           7     -85.263
tors           5           6           7           8     +66.316
tors           6           7           8           9     +85.263
tors           7           8           9          10    -123.158
tors           8           9          10          11    +104.211
tors           9          10          11          12    +123.158
tors          11          12          13          14    -161.053
ENDCONSTRAINT
$end

$rem
JOBTYPE                   OPT
METHOD                    B3LYP
DFT_D                     d3_op
BASIS                     STO-3G
GEOM_OPT_MAX_CYCLES       100
GEOM_OPT_TOL_GRADIENT     300
GEOM_OPT_TOL_DISPLACEMENT 1200
GEOM_OPT_TOL_ENERGY       100
SYMMETRY                  False
THRESH                    12
SCF_CONVERGENCE           8
MAX_SUB_FILE_NUM          128
MEM_STATIC                400
MEM_TOTAL                 4000
$end
