$molecule
0  1
O -3.94934 -3.66094 2.70899
C -3.26408 -4.56952 2.26188
C -3.36658 -6.02376 2.66595
C -2.97353 -6.38153 4.10864
C -2.69204 -5.22192 5.03825
O -3.8595 -4.77308 5.58689
C -3.75836 -3.44851 6.12033
C -4.89514 -3.18964 7.10362
O -6.14337 -3.60889 6.53002
C -6.44556 -4.92159 6.687
C -6.69118 -5.30055 8.12809
C -5.42846 -5.64638 8.93072
C -4.11291 -5.2273 8.30589
O -3.59519 -4.12529 8.41589
O -2.37527 -4.28676 1.27304
O -3.30616 -6.28983 8.02232
O -6.97499 -5.54608 5.78279
C -1.92958 -6.27289 7.886
C -7.32607 -4.23318 9.04969
C -8.04974 -4.92203 10.20724
C -6.87013 -5.44615 11.00713
C -5.70544 -4.83865 10.21395
O -6.23955 -3.63752 9.71649
H -7.38626 -6.17187 8.09872
H -5.37078 -6.73986 9.13555
H -8.01452 -3.545 8.51304
H -8.55024 -4.12085 10.79729
H -8.80438 -5.68515 9.9192
H -6.92085 -5.01235 12.03041
H -6.79042 -6.55323 11.0665
H -4.79893 -4.74619 10.85149
O -1.65648 -4.56974 4.96895
C -2.16011 -3.0253 0.75871
C -4.79559 -6.57726 2.58719
C -4.75998 -8.09612 2.41912
C -4.30793 -8.52283 3.80096
C -4.24983 -7.16415 4.50741
O -5.28256 -6.42964 3.8939
H -2.71769 -6.58572 1.95535
H -2.08845 -7.05288 4.17177
H -1.80573 -2.34134 1.5594
H -5.39983 -6.10919 1.77944
H -5.80804 -8.44044 2.26733
H -4.12877 -8.45883 1.57949
H -5.10807 -9.15101 4.2523
H -3.3366 -9.06143 3.84032
H -4.3323 -7.30347 5.6077
H -3.09722 -2.62853 0.31285
H -1.38439 -3.08225 -0.03217
H -1.64452 -6.72026 6.91418
H -1.48363 -6.90035 8.68462
H -1.50262 -5.25049 7.9617
H -5.01336 -2.54672 8.01273
H -4.91303 -2.10103 6.87251
H -3.83008 -2.76007 5.24234
H -2.7619 -3.2002 6.55895
$end

$opt
CONSTRAINT
tors           1           2           3           4     -66.316
tors           3           4           5           6     +85.263
tors           4           5           6           7    -161.053
tors           5           6           7           8    -161.053
tors           6           7           8           9     -47.368
tors           7           8           9          10     +85.263
tors           8           9          10          11     +66.316
tors           9          10          11          12     -85.263
tors          11          12          13          14     +85.263
ENDCONSTRAINT
$end

$rem
JOBTYPE                   OPT
METHOD                    B3LYP
DFT_D                     d3_op
BASIS                     STO-3G
GEOM_OPT_MAX_CYCLES       100
GEOM_OPT_TOL_GRADIENT     300
GEOM_OPT_TOL_DISPLACEMENT 1200
GEOM_OPT_TOL_ENERGY       100
SYMMETRY                  False
THRESH                    12
SCF_CONVERGENCE           8
MAX_SUB_FILE_NUM          128
MEM_STATIC                400
MEM_TOTAL                 4000
$end
