$molecule
0  1
O -3.94934 -3.66094 2.70899
C -3.26408 -4.56952 2.26188
C -3.36658 -6.02376 2.66595
C -4.55778 -6.42467 3.55148
C -5.60993 -5.36381 3.78738
O -5.37997 -4.29275 2.97168
C -4.37078 -4.54107 1.98724
C -3.99766 -6.01987 1.97842
O -4.91618 -6.76125 2.79668
C -6.00231 -6.07176 3.2257
C -6.13989 -4.72048 2.56556
C -5.18309 -4.47394 1.38997
C -4.49914 -5.70297 0.8257
O -4.76863 -6.85979 1.11505
O -1.93758 -4.2413 1.82065
O -3.91728 -5.49099 -0.45704
O -7.06114 -6.9211 3.26625
C -3.65882 -6.44553 -1.42687
C -7.55093 -4.95917 1.66637
C -8.24843 -3.70182 1.04683
C -7.43665 -3.54506 -0.17457
C -6.34196 -4.61424 0.13359
O -7.14252 -5.66548 0.55143
H -7.23568 -4.03899 3.06321
H -5.59999 -3.27918 0.97495
H -8.39351 -5.47835 2.19685
H -9.29441 -3.92451 0.73534
H -8.2558 -2.80806 1.70849
H -8.02371 -3.91083 -1.05097
H -7.09795 -2.50798 -0.39319
H -5.94396 -4.74987 -0.89758
O -5.86779 -4.92541 5.07232
C -1.32789 -3.01009 1.97587
C -2.23835 -7.16749 3.37069
C -1.68276 -6.96878 4.82822
C -2.88717 -7.34752 5.67112
C -3.88539 -7.7142 4.5503
O -3.02854 -8.31733 3.60122
H -2.55542 -5.47155 3.4199
H -4.10084 -5.84693 4.49113
H -1.25552 -2.76296 3.05588
H -1.36754 -7.33918 2.69809
H -0.89841 -7.74182 4.99478
H -1.23439 -5.97677 5.05447
H -2.64061 -8.26024 6.25833
H -3.26049 -6.55944 6.3605
H -4.69574 -8.37778 4.92188
H -1.88543 -2.20657 1.4536
H -0.304 -3.05845 1.55252
H -2.57041 -6.4636 -1.64042
H -4.20113 -6.17381 -2.35543
H -3.98425 -7.46087 -1.11724
H -2.8059 -6.84215 1.00559
H -2.8059 -6.84215 1.00559
H -3.70823 -3.38291 0.74008
H -3.70823 -3.38291 0.74008
$end

$opt
CONSTRAINT
tors           1           2           3           4      +9.474
tors           3           4           5           6      +9.474
tors           4           5           6           7      +9.474
tors           5           6           7           8      +9.474
tors           6           7           8           9      +9.474
tors           7           8           9          10      +9.474
tors           8           9          10          11      +9.474
tors           9          10          11          12      +9.474
tors          11          12          13          14      +9.474
ENDCONSTRAINT
$end

$rem
JOBTYPE                   OPT
METHOD                    B3LYP
DFT_D                     d3_op
BASIS                     STO-3G
GEOM_OPT_MAX_CYCLES       100
GEOM_OPT_TOL_GRADIENT     300
GEOM_OPT_TOL_DISPLACEMENT 1200
GEOM_OPT_TOL_ENERGY       100
SYMMETRY                  False
THRESH                    12
SCF_CONVERGENCE           8
MAX_SUB_FILE_NUM          128
MEM_STATIC                400
MEM_TOTAL                 4000
$end
