$molecule
0  1
O -3.94934 -3.66094 2.70899
C -3.26408 -4.56952 2.26188
C -3.36658 -6.02376 2.66595
C -4.73745 -6.52338 3.15068
C -5.89497 -5.55994 3.00924
O -7.02365 -6.24016 2.65034
C -6.80957 -7.15716 1.57212
C -6.47214 -6.39625 0.29412
O -6.69036 -7.2382 -0.84884
C -5.6555 -8.0489 -1.18197
C -5.94604 -8.90772 -2.38972
C -5.38487 -10.33543 -2.3189
C -4.94261 -10.8043 -0.94731
O -4.53187 -10.08279 -0.04994
O -2.43681 -4.30578 1.21743
O -4.80132 -12.14857 -0.79279
O -4.49704 -7.75207 -0.9195
C -4.34165 -12.75685 0.35687
C -7.44535 -9.20003 -2.64548
C -7.65827 -9.55644 -4.11598
C -7.02097 -10.92581 -4.16798
C -6.66694 -11.11773 -2.68988
O -7.67549 -10.42381 -1.99985
H -5.54028 -8.35185 -3.2651
H -4.55867 -10.54745 -3.03228
H -8.13351 -8.37112 -2.37613
H -8.75533 -9.67099 -4.27146
H -7.261 -8.81865 -4.84587
H -7.79547 -11.66057 -4.48238
H -6.12637 -11.01173 -4.82207
H -6.59535 -12.20479 -2.46873
O -6.00152 -4.54111 3.67536
C -2.25529 -3.05529 0.66505
C -2.832 -7.21607 1.85022
C -2.06799 -8.1399 2.78681
C -3.20789 -8.59171 3.68965
C -4.43802 -8.0391 2.91766
O -3.97151 -8.00779 1.59619
H -2.72914 -5.94468 3.58043
H -4.71087 -6.49496 4.26552
H -1.85665 -2.35405 1.4291
H -2.23798 -6.93032 0.95654
H -1.7258 -8.99926 2.16562
H -1.19421 -7.70481 3.31814
H -3.19143 -9.70366 3.72645
H -3.18175 -8.18147 4.72221
H -5.26839 -8.71441 3.21406
H -3.21769 -2.66943 0.26598
H -1.52659 -3.1281 -0.16812
H -4.33163 -13.85599 0.20789
H -5.01208 -12.51691 1.20982
H -3.30861 -12.41692 0.58421
H -7.18448 -5.54683 0.21321
H -5.45609 -5.94375 0.3122
H -7.83503 -7.53823 1.37626
H -6.36418 -8.13074 1.66866
$end

$opt
CONSTRAINT
tors           1           2           3           4     +28.421
tors           3           4           5           6    +142.105
tors           4           5           6           7     -47.368
tors           5           6           7           8     -66.316
tors           6           7           8           9    -161.053
tors           7           8           9          10     -85.263
tors           8           9          10          11    -180.000
tors           9          10          11          12    -142.105
tors          11          12          13          14     -28.421
ENDCONSTRAINT
$end

$rem
JOBTYPE                   OPT
METHOD                    B3LYP
DFT_D                     d3_op
BASIS                     STO-3G
GEOM_OPT_MAX_CYCLES       100
GEOM_OPT_TOL_GRADIENT     300
GEOM_OPT_TOL_DISPLACEMENT 1200
GEOM_OPT_TOL_ENERGY       100
SYMMETRY                  False
THRESH                    12
SCF_CONVERGENCE           8
MAX_SUB_FILE_NUM          128
MEM_STATIC                400
MEM_TOTAL                 4000
$end
