$molecule
0  1
O -3.94934 -3.66094 2.70899
C -3.26408 -4.56952 2.26188
C -3.36658 -6.02376 2.66595
C -4.66266 -6.76517 2.29943
C -5.63801 -6.02118 1.41441
O -5.50887 -4.67566 1.61014
C -6.56567 -4.11722 2.39791
C -7.12055 -5.16823 3.35374
O -8.53184 -5.32777 3.13994
C -8.88427 -5.85086 1.93939
C -10.2856 -6.41376 1.93141
C -10.49391 -7.64453 2.82589
C -9.40624 -7.91098 3.847
O -8.37384 -8.5313 3.63741
O -2.32338 -4.25017 1.33132
O -9.63182 -7.49361 5.1246
O -8.26253 -5.7291 0.90116
C -8.75004 -7.66367 6.17163
C -11.35963 -5.45064 2.4678
C -12.71872 -5.82333 1.8798
C -12.98326 -7.13259 2.59473
C -11.7816 -7.17227 3.54861
O -11.51216 -5.81663 3.8149
H -10.52378 -6.65951 0.87048
H -10.6811 -8.59338 2.27686
H -11.12849 -4.38091 2.27095
H -13.44708 -5.06369 2.24444
H -12.76654 -5.87169 0.77062
H -13.9369 -7.03521 3.15962
H -13.01433 -8.03297 1.94373
H -12.02351 -7.80443 4.43151
O -5.92339 -6.4382 0.3
C -2.10366 -2.97775 0.84645
C -2.30889 -6.91563 1.97812
C -2.09464 -8.19963 2.78043
C -3.35415 -8.95388 2.43341
C -4.03547 -7.94613 1.50238
O -2.95875 -7.35921 0.81688
H -3.18799 -6.02844 3.76418
H -5.14201 -7.26082 3.16035
H -1.81037 -2.29775 1.67457
H -1.32766 -6.41355 1.83423
H -1.22516 -8.74863 2.35342
H -1.92768 -8.02399 3.86507
H -3.07113 -9.85155 1.83843
H -3.9797 -9.26546 3.2974
H -4.77215 -8.49385 0.87418
H -3.02135 -2.59392 0.35146
H -1.28226 -3.00928 0.10167
H -9.18962 -7.22683 7.09153
H -7.79205 -7.14553 5.95182
H -8.56241 -8.74513 6.34295
H -6.66238 -6.10076 3.65276
H -7.0717 -4.67746 4.35016
H -7.32913 -3.62262 1.76049
H -6.17661 -3.26834 2.99757
$end

$opt
CONSTRAINT
tors           1           2           3           4     +66.316
tors           3           4           5           6     -28.421
tors           4           5           6           7    -104.211
tors           5           6           7           8     +28.421
tors           6           7           8           9    -123.158
tors           7           8           9          10     +66.316
tors           8           9          10          11    +161.053
tors           9          10          11          12     -66.316
tors          11          12          13          14     -85.263
ENDCONSTRAINT
$end

$rem
JOBTYPE                   OPT
METHOD                    B3LYP
DFT_D                     d3_op
BASIS                     STO-3G
GEOM_OPT_MAX_CYCLES       100
GEOM_OPT_TOL_GRADIENT     300
GEOM_OPT_TOL_DISPLACEMENT 1200
GEOM_OPT_TOL_ENERGY       100
SYMMETRY                  False
THRESH                    12
SCF_CONVERGENCE           8
MAX_SUB_FILE_NUM          128
MEM_STATIC                400
MEM_TOTAL                 4000
$end
