$molecule
0  1
O -3.94934 -3.66094 2.70899
C -3.26408 -4.56952 2.26188
C -3.36658 -6.02376 2.66595
C -4.41631 -6.88207 1.94122
C -5.12384 -6.23632 0.77054
O -5.89978 -5.20201 1.21047
C -6.60415 -4.5382 0.15573
C -7.44607 -3.39922 0.72142
O -6.59047 -2.37677 1.25568
C -5.86454 -2.73386 2.3441
C -6.68957 -3.43345 3.39793
C -6.48987 -4.95426 3.47231
C -5.26873 -5.49614 2.75684
O -5.09066 -5.48037 1.54746
O -2.40012 -4.25143 1.2553
O -4.98264 -6.60996 3.96451
O -5.18258 -1.78701 2.746
C -4.46863 -6.6525 5.28119
C -6.49898 -2.9997 4.88482
C -7.85127 -3.02181 5.58363
C -8.16136 -4.50025 5.46977
C -6.78232 -5.04115 5.01123
O -5.87792 -4.09242 5.50671
H -7.74765 -3.16855 3.20925
H -7.35678 -5.46368 2.98937
H -6.00256 -2.01814 5.03875
H -7.654 -2.75889 6.6488
H -8.64041 -2.34857 5.18518
H -8.46237 -4.8601 6.47916
H -8.93672 -4.7676 4.71966
H -6.79566 -6.06101 5.408
O -5.15273 -6.69635 -0.39764
C -2.23548 -2.98356 0.73783
C -2.05745 -6.7293 2.16227
C -1.78014 -8.03092 2.91224
C -2.84667 -8.90342 2.31973
C -3.43788 -7.92873 1.28581
O -2.35101 -7.16308 0.87322
H -2.95894 -5.96869 3.69407
H -5.07022 -7.78414 2.24486
H -1.89197 -2.28782 1.53297
H -1.14659 -6.09089 2.24104
H -0.78797 -8.40313 2.5679
H -1.76909 -7.96155 4.01915
H -2.35333 -9.76053 1.80866
H -3.60324 -9.28217 3.04029
H -3.90464 -8.53601 0.47527
H -3.19329 -2.61975 0.30775
H -1.4712 -3.01489 -0.06532
H -3.5923 -7.32977 5.30248
H -4.12814 -5.66126 5.63393
H -5.16354 -7.13936 5.99306
H -7.98702 -2.94629 -0.13618
H -8.24992 -3.78491 1.37323
H -7.28899 -5.25247 -0.35579
H -5.88829 -4.11825 -0.58899
$end

$opt
CONSTRAINT
tors           1           2           3           4     +85.263
tors           3           4           5           6     -66.316
tors           4           5           6           7    -180.000
tors           5           6           7           8    -180.000
tors           6           7           8           9     +66.316
tors           7           8           9          10     -66.316
tors           8           9          10          11     -47.368
tors           9          10          11          12    +104.211
tors          11          12          13          14     -66.316
ENDCONSTRAINT
$end

$rem
JOBTYPE                   OPT
METHOD                    B3LYP
DFT_D                     d3_op
BASIS                     STO-3G
GEOM_OPT_MAX_CYCLES       100
GEOM_OPT_TOL_GRADIENT     300
GEOM_OPT_TOL_DISPLACEMENT 1200
GEOM_OPT_TOL_ENERGY       100
SYMMETRY                  False
THRESH                    12
SCF_CONVERGENCE           8
MAX_SUB_FILE_NUM          128
MEM_STATIC                400
MEM_TOTAL                 4000
$end
