$molecule
0  1
O -3.94934 -3.66094 2.70899
C -3.26408 -4.56952 2.26188
C -3.36658 -6.02376 2.66595
C -4.06137 -6.97914 1.68189
C -4.41791 -6.40938 0.32677
O -5.62324 -6.90466 -0.08227
C -5.90759 -8.20355 0.44807
C -7.40209 -8.49347 0.35549
O -7.65755 -9.40679 -0.72315
C -8.93765 -9.4382 -1.16981
C -9.66111 -8.12697 -0.97504
C -9.16783 -7.28545 0.21104
C -7.82797 -7.68707 0.79429
O -7.66468 -8.29464 1.84251
O -2.36183 -4.27148 1.28838
O -7.40377 -6.33616 1.20551
O -9.29844 -10.26682 -1.99014
C -7.17723 -5.79515 2.46978
C -9.567 -7.16155 -2.16633
C -10.81659 -6.29152 -2.19768
C -10.60139 -5.46476 -0.95014
C -9.17821 -5.90668 -0.56632
O -8.57824 -6.24049 -1.79183
H -10.72674 -8.41556 -0.822
H -9.90389 -7.28817 1.04795
H -9.41868 -7.66954 -3.14413
H -10.72061 -5.63243 -3.09064
H -11.78827 -6.82882 -2.24399
H -10.63767 -4.3906 -1.23946
H -11.31095 -5.66189 -0.11778
H -8.72163 -5.0426 -0.04092
O -3.68435 -5.77763 -0.41592
C -2.15552 -3.00763 0.7761
C -1.98546 -6.68548 2.80436
C -2.08313 -7.92058 3.70111
C -2.78842 -8.88543 2.77253
C -2.92517 -8.01922 1.51975
O -1.7557 -7.2364 1.53308
H -3.85567 -6.00507 3.67123
H -4.91457 -7.22779 2.34202
H -1.82507 -2.31722 1.58125
H -1.20808 -5.98844 3.18783
H -1.05242 -8.29807 3.88732
H -2.59262 -7.7384 4.67171
H -2.09654 -9.73 2.55451
H -3.76157 -9.27854 3.13698
H -3.05632 -8.66413 0.62413
H -3.09055 -2.62594 0.31295
H -1.3659 -3.05515 -0.00146
H -7.25622 -6.53641 3.29079
H -6.18076 -5.31876 2.49873
H -7.92736 -4.99928 2.65265
H -7.12856 -9.73473 0.62751
H -6.98922 -8.26644 -0.93011
H -5.48255 -8.73605 1.33278
H -5.28263 -8.90347 -0.18885
$end

$opt
CONSTRAINT
tors           1           2           3           4    +104.211
tors           3           4           5           6    -142.105
tors           4           5           6           7     -28.421
tors           5           6           7           8    +161.053
tors           6           7           8           9    +104.211
tors           7           8           9          10    -161.053
tors           8           9          10          11     +28.421
tors           9          10          11          12     -28.421
tors          11          12          13          14    -104.211
ENDCONSTRAINT
$end

$rem
JOBTYPE                   OPT
METHOD                    B3LYP
DFT_D                     d3_op
BASIS                     STO-3G
GEOM_OPT_MAX_CYCLES       100
GEOM_OPT_TOL_GRADIENT     300
GEOM_OPT_TOL_DISPLACEMENT 1200
GEOM_OPT_TOL_ENERGY       100
SYMMETRY                  False
THRESH                    12
SCF_CONVERGENCE           8
MAX_SUB_FILE_NUM          128
MEM_STATIC                400
MEM_TOTAL                 4000
$end
