$molecule
0  1
O -3.94934 -3.66094 2.70899
C -3.26408 -4.56952 2.26188
C -3.36658 -6.02376 2.66595
C -3.18715 -7.07505 1.5585
C -2.74922 -6.56083 0.20502
O -1.42744 -6.84222 0.00721
C -1.21281 -7.93519 -0.892
C -2.1141 -9.10761 -0.51885
O -1.72547 -9.6364 0.75874
C -2.74469 -10.03875 1.55777
C -3.33454 -8.91158 2.37155
C -2.93093 -8.90279 3.8532
C -1.74788 -9.77563 4.22098
O -1.28039 -9.89958 5.34377
O -2.45476 -4.19218 1.21973
O -0.97724 -10.38754 3.26281
O -2.93252 -11.23614 1.77453
C 0.12911 -11.18118 3.49657
C -4.95186 -8.87397 2.78473
C -5.52006 -10.18441 3.39558
C -5.10406 -10.01774 4.85582
C -4.22643 -8.751 4.71644
O -5.03709 -8.00836 3.88162
H -3.96805 -9.27467 1.52096
H -3.09736 -9.98903 3.88538
H -5.69437 -8.52699 2.00143
H -5.13494 -11.08727 2.88306
H -6.63242 -10.19322 3.36785
H -5.99143 -9.73661 5.46779
H -4.60785 -10.90352 5.30842
H -4.02678 -8.28119 5.70182
O -3.50747 -6.27598 -0.71622
C -2.31703 -2.90658 0.73637
C -2.02053 -5.66526 3.48661
C -1.4285 -6.54613 4.55267
C -0.66914 -7.3818 3.61139
C -1.4677 -7.0929 2.30237
O -1.1262 -5.76728 2.4323
H -4.19824 -6.08333 3.37477
H -4.27624 -6.94958 1.32101
H -1.93319 -2.23771 1.53592
H -1.97572 -4.69037 4.0718
H -0.68204 -6.04571 5.21347
H -2.2244 -6.96131 5.1911
H 0.35816 -6.92321 3.47852
H -0.1508 -8.25759 3.98782
H -0.72583 -7.7067 1.74761
H -3.29408 -2.53016 0.36544
H -1.59363 -2.91094 -0.10447
H 0.53336 -11.53378 2.52576
H -0.1581 -12.06395 4.10658
H 0.91663 -10.59989 4.0214
H -3.20397 -8.90022 -0.61361
H -1.90587 -9.89739 -1.27192
H -0.14209 -8.22922 -0.86809
H -1.46207 -7.61416 -1.92763
$end

$opt
CONSTRAINT
tors           1           2           3           4    +142.105
tors           3           4           5           6    +104.211
tors           4           5           6           7    +104.211
tors           5           6           7           8     -47.368
tors           6           7           8           9     -66.316
tors           7           8           9          10    +142.105
tors           8           9          10          11     -85.263
tors           9          10          11          12    -104.211
tors          11          12          13          14    -180.000
ENDCONSTRAINT
$end

$rem
JOBTYPE                   OPT
METHOD                    B3LYP
DFT_D                     d3_op
BASIS                     STO-3G
GEOM_OPT_MAX_CYCLES       100
GEOM_OPT_TOL_GRADIENT     300
GEOM_OPT_TOL_DISPLACEMENT 1200
GEOM_OPT_TOL_ENERGY       100
SYMMETRY                  False
THRESH                    12
SCF_CONVERGENCE           8
MAX_SUB_FILE_NUM          128
MEM_STATIC                400
MEM_TOTAL                 4000
$end
