$molecule
0  1
O -3.94934 -3.66094 2.70899
C -3.26408 -4.56952 2.26188
C -3.36658 -6.02376 2.66595
C -2.76261 -7.06348 1.7078
C -1.9673 -6.5228 0.54022
O -2.7036 -6.61734 -0.60623
C -2.95272 -7.96925 -1.00562
C -2.43677 -8.20253 -2.42178
O -1.49527 -9.28716 -2.42718
C -1.8857 -10.40154 -1.76021
C -2.72917 -11.32719 -2.60424
C -3.19701 -12.60537 -1.89314
C -3.06788 -12.60648 -0.38316
O -2.07621 -12.2626 0.24367
O -2.11628 -4.15573 1.66783
O -4.18803 -12.89808 0.33403
O -0.92457 -10.88951 -1.19281
C -4.26441 -12.87446 1.71134
C -4.12522 -10.8542 -3.12374
C -4.47997 -11.61685 -4.4012
C -4.75346 -12.99435 -3.84418
C -4.65972 -12.70084 -2.34367
O -5.0697 -11.36704 -2.21522
H -2.10061 -11.58014 -3.48957
H -2.57967 -13.46994 -2.22325
H -4.25307 -9.79635 -3.34741
H -5.4433 -11.19379 -4.7693
H -3.73332 -11.57246 -5.22297
H -5.78392 -13.29536 -4.13676
H -4.02615 -13.78002 -4.14375
H -5.24425 -13.45613 -1.77526
O -0.87167 -5.98179 0.58427
C -1.80946 -2.84965 1.33944
C -2.51636 -6.30867 3.92304
C -3.03794 -7.55712 4.63454
C -2.57902 -8.63894 3.67907
C -1.80466 -7.7975 2.65893
O -1.27423 -6.74334 3.42398
H -4.4364 -6.2155 2.90933
H -3.5938 -7.71999 1.3738
H -1.78252 -2.2185 2.25317
H -2.48508 -5.45099 4.63081
H -2.46535 -7.65949 5.58424
H -4.12576 -7.55199 4.86128
H -1.88572 -9.3181 4.22342
H -3.39096 -9.23006 3.20255
H -1.06928 -8.4292 2.11273
H -2.56166 -2.44966 0.62629
H -0.81076 -2.82158 0.85756
H -5.29149 -13.15395 2.02339
H -4.04114 -11.8536 2.08942
H -3.54695 -13.60225 2.14697
H -3.14361 -8.11913 -3.26285
H -1.79831 -7.32637 -2.6663
H -4.04287 -8.18113 -0.98964
H -2.4911 -8.67815 -0.28303
$end

$opt
CONSTRAINT
tors           1           2           3           4    +161.053
tors           3           4           5           6    -104.211
tors           4           5           6           7     -66.316
tors           5           6           7           8    -123.158
tors           6           7           8           9    +123.158
tors           7           8           9          10     +47.368
tors           8           9          10          11     +85.263
tors           9          10          11          12    -180.000
tors          11          12          13          14     -47.368
ENDCONSTRAINT
$end

$rem
JOBTYPE                   OPT
METHOD                    B3LYP
DFT_D                     d3_op
BASIS                     STO-3G
GEOM_OPT_MAX_CYCLES       100
GEOM_OPT_TOL_GRADIENT     300
GEOM_OPT_TOL_DISPLACEMENT 1200
GEOM_OPT_TOL_ENERGY       100
SYMMETRY                  False
THRESH                    12
SCF_CONVERGENCE           8
MAX_SUB_FILE_NUM          128
MEM_STATIC                400
MEM_TOTAL                 4000
$end
