$molecule
0  1
O -3.94934 -3.66094 2.70899
C -3.26408 -4.56952 2.26188
C -3.36658 -6.02376 2.66595
C -2.40867 -7.01244 1.98128
C -1.33566 -6.41165 1.10049
O -1.01713 -5.1602 1.54529
C -0.7597 -4.2341 0.48448
C -0.2283 -4.97193 -0.74
O -0.73438 -6.31595 -0.75937
C 0.13737 -7.26112 -1.19046
C 1.15624 -6.72088 -2.16551
C 2.56986 -7.30096 -2.01234
C 2.68023 -8.56082 -1.17731
O 3.38592 -8.69606 -0.18823
O -3.41697 -4.6013 0.90068
O 2.00461 -9.66216 -1.61044
O -0.15826 -8.44324 -1.1129
C 2.00948 -10.88688 -0.97511
C 0.86114 -7.178 -3.62845
C 1.48888 -6.20531 -4.63304
C 2.9637 -6.47373 -4.39263
C 2.86789 -7.69829 -3.47095
O 1.65947 -8.31473 -3.84272
H 1.28928 -5.63722 -2.30757
H 3.27811 -6.55739 -1.58321
H -0.22319 -7.29982 -3.84337
H 1.21506 -6.58363 -5.64475
H 1.18531 -5.13884 -4.55778
H 3.43812 -6.71702 -5.36868
H 3.51872 -5.65385 -3.88699
H 3.78097 -8.32924 -3.54997
O -0.37664 -7.18624 1.25496
C -4.13167 -3.69915 0.12164
C -3.0494 -6.22642 4.15557
C -3.74982 -7.48186 4.66386
C -2.93788 -8.54893 3.96846
C -1.8631 -7.68589 3.29291
O -1.69765 -6.60019 4.16863
H -4.42612 -6.31224 2.47093
H -2.9394 -7.76605 1.35772
H -3.7328 -2.66913 0.25048
H -3.32155 -5.35391 4.78953
H -3.55794 -7.54341 5.75891
H -4.84517 -7.52361 4.4799
H -2.48521 -9.2023 4.74749
H -3.49299 -9.16747 3.23017
H -0.96601 -8.32587 3.15099
H -5.20581 -3.7158 0.40463
H -4.04037 -3.98825 -0.94528
H 1.37449 -11.59462 -1.54617
H 1.5966 -10.78517 0.05149
H 3.04326 -11.29052 -0.92724
H -0.40265 -4.39677 -1.67696
H 0.84739 -4.98914 -0.43287
H -0.04169 -3.45308 0.82041
H -1.61179 -3.62961 0.1823
$end

$opt
CONSTRAINT
tors           1           2           3           4    -180.000
tors           3           4           5           6     +28.421
tors           4           5           6           7    -142.105
tors           5           6           7           8     -28.421
tors           6           7           8           9     +28.421
tors           7           8           9          10    -142.105
tors           8           9          10          11     -28.421
tors           9          10          11          12    +142.105
tors          11          12          13          14    -123.158
ENDCONSTRAINT
$end

$rem
JOBTYPE                   OPT
METHOD                    B3LYP
DFT_D                     d3_op
BASIS                     STO-3G
GEOM_OPT_MAX_CYCLES       100
GEOM_OPT_TOL_GRADIENT     300
GEOM_OPT_TOL_DISPLACEMENT 1200
GEOM_OPT_TOL_ENERGY       100
SYMMETRY                  False
THRESH                    12
SCF_CONVERGENCE           8
MAX_SUB_FILE_NUM          128
MEM_STATIC                400
MEM_TOTAL                 4000
$end
