$molecule
0  1
O -3.94934 -3.66094 2.70899
C -3.26408 -4.56952 2.26188
C -3.36658 -6.02376 2.66595
C -2.24096 -6.58905 3.54759
C -1.23156 -5.59286 4.0737
O -0.56427 -5.01425 3.0319
C -0.19865 -3.6533 3.28369
C 1.17873 -3.59108 3.93567
O 1.63158 -2.22931 3.99387
C 2.53237 -1.87329 3.04467
C 3.49482 -0.80943 3.51645
C 4.61576 -0.46493 2.52494
C 4.41348 -0.95115 1.10389
O 3.40483 -0.78276 0.43394
O -2.40891 -4.29332 1.24219
O 5.4426 -1.65789 0.56712
O 2.66615 -2.54825 2.03237
C 5.43649 -2.19612 -0.70265
C 2.84036 0.5732 3.6995
C 3.6695 1.40385 4.67785
C 4.8988 1.68751 3.83689
C 4.46764 1.06748 2.50222
O 3.07032 1.23846 2.48254
H 3.90428 -1.15707 4.49234
H 5.62055 -0.79249 2.87399
H 1.78216 0.51938 4.0366
H 3.12028 2.35958 4.83735
H 3.86776 0.92833 5.66245
H 5.01178 2.79034 3.74236
H 5.84427 1.23651 4.20879
H 5.02637 1.52943 1.65791
O -1.11047 -5.26129 5.24776
C -2.33215 -3.0709 0.60494
C -4.57499 -6.27772 3.6002
C -4.99398 -7.7457 3.5297
C -3.85364 -8.39878 4.27793
C -3.06708 -7.15922 4.7162
O -4.05172 -6.17439 4.9006
H -3.53665 -6.60468 1.73174
H -1.66039 -7.38541 3.03119
H -2.08147 -2.26771 1.32989
H -5.45226 -5.63256 3.37415
H -5.9213 -7.85156 4.13755
H -5.18045 -8.13917 2.50734
H -4.27149 -8.92843 5.16295
H -3.22801 -9.09503 3.67845
H -2.44246 -7.40165 5.60411
H -3.30188 -2.83571 0.11674
H -1.54202 -3.1145 -0.17236
H 6.39855 -2.71872 -0.88096
H 5.32098 -1.39067 -1.45915
H 4.60716 -2.92859 -0.80366
H 1.14375 -4.00092 4.9659
H 1.87352 -4.25801 3.37503
H -0.97038 -3.08437 3.85213
H -0.09273 -3.16301 2.2951
$end

$opt
CONSTRAINT
tors           1           2           3           4    -106.777
tors           3           4           5           6     -62.638
tors           4           5           6           7    +146.864
tors           5           6           7           8     +89.792
tors           6           7           8           9    +170.965
tors           7           8           9          10    -101.199
tors           8           9          10          11    -149.168
tors           9          10          11          12    +174.568
tors          11          12          13          14     +50.102
ENDCONSTRAINT
$end

$rem
JOBTYPE                   OPT
METHOD                    B3LYP
DFT_D                     d3_op
BASIS                     STO-3G
GEOM_OPT_MAX_CYCLES       100
GEOM_OPT_TOL_GRADIENT     300
GEOM_OPT_TOL_DISPLACEMENT 1200
GEOM_OPT_TOL_ENERGY       100
SYMMETRY                  False
THRESH                    12
SCF_CONVERGENCE           8
MAX_SUB_FILE_NUM          128
MEM_STATIC                400
MEM_TOTAL                 4000
$end
