$molecule
0  1
O -3.94934 -3.66094 2.70899
C -3.26408 -4.56952 2.26188
C -3.36658 -6.02376 2.66595
C -2.12836 -6.66087 3.31767
C -0.98754 -5.72649 3.65466
O -0.63123 -5.88255 4.9639
C 0.4822 -5.06773 5.34546
C 1.5726 -5.13595 4.28126
O 2.22646 -3.86215 4.16816
C 3.56893 -3.87677 4.35968
C 4.13228 -2.51297 4.68116
C 4.50466 -2.29748 6.15533
C 4.60028 -3.55032 7.00265
O 5.53058 -4.34342 6.99275
O -2.45501 -4.30415 1.20044
O 3.61251 -3.71747 7.92077
O 4.24476 -4.89642 4.43333
C 3.53247 -4.78398 8.79123
C 5.47191 -2.19077 3.99424
C 5.64225 -0.67561 3.89132
C 5.86654 -0.31472 5.348
C 5.91785 -1.71375 5.97507
O 6.44788 -2.52545 4.95193
H 3.37375 -1.75897 4.36506
H 3.78954 -1.60581 6.65489
H 5.57811 -2.66585 2.99465
H 6.58812 -0.49637 3.33122
H 4.81409 -0.12971 3.39033
H 6.85051 0.19725 5.43434
H 5.06976 0.30636 5.8118
H 6.48711 -1.69594 6.93072
O -0.7145 -4.742 2.97868
C -2.28627 -3.05372 0.64282
C -4.42274 -6.27859 3.76646
C -4.93288 -7.7133 3.66809
C -3.71587 -8.47439 4.14242
C -2.80323 -7.31097 4.55363
O -3.69188 -6.3047 4.96811
H -3.6821 -6.56744 1.74654
H -1.68126 -7.42536 2.64516
H -1.87589 -2.35051 1.39882
H -5.28383 -5.57608 3.73348
H -5.73821 -7.82041 4.43027
H -5.32807 -8.01993 2.6758
H -4.00883 -9.08612 5.02465
H -3.23015 -9.11823 3.37748
H -2.08476 -7.68125 5.31594
H -3.25629 -2.67053 0.26012
H -1.57188 -3.12609 -0.20265
H 2.6286 -4.66979 9.42403
H 4.42839 -4.81189 9.44755
H 3.45246 -5.73508 8.22226
H 2.21998 -5.99321 4.57028
H 1.34984 -5.41618 3.23934
H 0.85092 -5.28205 6.37097
H 0.09654 -4.02262 5.35916
$end

$opt
CONSTRAINT
tors           1           2           3           4    -117.934
tors           3           4           5           6    +127.485
tors           4           5           6           7    +177.613
tors           5           6           7           8     -44.762
tors           6           7           8           9    +144.721
tors           7           8           9          10    +123.069
tors           8           9          10          11    -161.053
tors           9          10          11          12    +104.555
tors          11          12          13          14     +76.829
ENDCONSTRAINT
$end

$rem
JOBTYPE                   OPT
METHOD                    B3LYP
DFT_D                     d3_op
BASIS                     STO-3G
GEOM_OPT_MAX_CYCLES       100
GEOM_OPT_TOL_GRADIENT     300
GEOM_OPT_TOL_DISPLACEMENT 1200
GEOM_OPT_TOL_ENERGY       100
SYMMETRY                  False
THRESH                    12
SCF_CONVERGENCE           8
MAX_SUB_FILE_NUM          128
MEM_STATIC                400
MEM_TOTAL                 4000
$end
