$molecule
0  1
O -3.94934 -3.66094 2.70899
C -3.26408 -4.56952 2.26188
C -3.36658 -6.02376 2.66595
C -4.71823 -6.72154 2.44237
C -5.76244 -5.93952 1.67675
O -6.98639 -6.52581 1.83046
C -8.07372 -5.65212 1.50855
C -9.14812 -6.41206 0.73766
O -10.44911 -5.92492 1.10239
C -11.11217 -5.24939 0.13123
C -10.20569 -4.37217 -0.6991
C -10.52673 -4.34728 -2.20063
C -11.88373 -4.89449 -2.59536
O -12.27428 -5.06213 -3.74162
O -2.36105 -4.26289 1.29125
O -12.81287 -5.31278 -1.70547
O -12.20999 -4.83122 0.47699
C -14.06165 -5.83432 -1.99445
C -10.41027 -2.85629 -0.39206
C -9.16163 -2.05796 -0.77628
C -9.20923 -2.17769 -2.2864
C -10.58412 -2.83608 -2.4619
O -11.32893 -2.39685 -1.35337
H -9.12295 -4.48682 -0.58673
H -9.76861 -4.913 -2.78582
H -10.67292 -2.65087 0.66903
H -9.37016 -1.00028 -0.49484
H -8.20368 -2.36991 -0.3073
H -9.17702 -1.15391 -2.72
H -8.41529 -2.81275 -2.73647
H -11.01132 -2.59718 -3.46125
O -5.55434 -4.94592 0.99099
C -2.15727 -2.99621 0.7848
C -2.45039 -6.97133 1.85616
C -2.20093 -8.26301 2.63747
C -3.54244 -8.94804 2.49082
C -4.27742 -7.93537 1.61087
O -3.26291 -7.40475 0.79218
H -3.06712 -6.05458 3.73746
H -5.17475 -6.99789 3.42032
H -1.82983 -2.30863 1.59367
H -1.47311 -6.52088 1.57863
H -1.4412 -8.85699 2.0806
H -1.85518 -8.11005 3.68245
H -3.39448 -9.89519 1.92534
H -4.0781 -9.1558 3.44234
H -5.1264 -8.42501 1.08444
H -3.09245 -2.61453 0.32194
H -1.36581 -3.03796 0.00874
H -14.58123 -6.07897 -1.04544
H -13.95974 -6.76366 -2.59451
H -14.66842 -5.08875 -2.55133
H -8.93496 -6.56258 -0.34559
H -9.14291 -7.45455 1.12304
H -7.82865 -4.65626 1.08622
H -8.52819 -5.42452 2.49763
$end

$opt
CONSTRAINT
tors           1           2           3           4     +59.632
tors           3           4           5           6    -165.434
tors           4           5           6           7    +161.508
tors           5           6           7           8    +139.138
tors           6           7           8           9    +144.721
tors           7           8           9          10    +111.542
tors           8           9          10          11     -38.157
tors           9          10          11          12    +140.697
tors          11          12          13          14    -173.513
ENDCONSTRAINT
$end

$rem
JOBTYPE                   OPT
METHOD                    B3LYP
DFT_D                     d3_op
BASIS                     STO-3G
GEOM_OPT_MAX_CYCLES       100
GEOM_OPT_TOL_GRADIENT     300
GEOM_OPT_TOL_DISPLACEMENT 1200
GEOM_OPT_TOL_ENERGY       100
SYMMETRY                  False
THRESH                    12
SCF_CONVERGENCE           8
MAX_SUB_FILE_NUM          128
MEM_STATIC                400
MEM_TOTAL                 4000
$end
