$molecule
0  1
O -3.94934 -3.66094 2.70899
C -3.26408 -4.56952 2.26188
C -3.36658 -6.02376 2.66595
C -4.52984 -6.41543 3.59184
C -5.56261 -5.34503 3.86699
O -5.34778 -4.27197 3.0498
C -6.52483 -3.48774 2.82896
C -6.14226 -2.07248 2.40844
O -7.3266 -1.29704 2.16573
C -7.14044 0.04426 2.09213
C -8.43419 0.82155 2.14414
C -8.27297 2.33289 2.36351
C -6.88 2.88769 2.14315
O -6.5235 4.02934 2.39637
O -2.29826 -4.26974 1.35411
O -6.26299 2.40122 1.02088
O -6.04154 0.4962 2.38928
C -5.09468 2.88857 0.46664
C -9.22557 0.8071 0.82208
C -10.70145 1.07811 1.11084
C -10.64948 2.5435 1.4999
C -9.17219 2.84878 1.22308
O -8.84052 1.98651 0.16042
H -9.05537 0.35927 2.94544
H -8.60487 2.66078 3.37302
H -9.10781 -0.13846 0.24906
H -11.241 0.98712 0.1407
H -11.17813 0.40628 1.85667
H -11.30996 3.11296 0.80903
H -10.9171 2.76511 2.5558
H -9.02477 3.93486 1.0322
O -6.56263 -5.52952 4.55087
C -2.0586 -3.00167 0.86744
C -3.68912 -6.92251 1.45214
C -3.25113 -8.35908 1.73518
C -4.30011 -8.78115 2.74237
C -5.18404 -7.5304 2.76225
O -5.0922 -7.02778 1.45217
H -2.37586 -6.30963 3.08512
H -4.16191 -6.76008 4.58333
H -1.78167 -2.31822 1.69843
H -3.2284 -6.5676 0.50435
H -3.40685 -8.94211 0.79913
H -2.19716 -8.47429 2.06789
H -4.86268 -9.64496 2.32322
H -3.91428 -9.03328 3.75389
H -6.20692 -7.78437 3.11812
H -2.96175 -2.61465 0.34853
H -1.21977 -3.04242 0.14281
H -4.8357 2.28162 -0.42485
H -4.26587 2.81538 1.20284
H -5.22721 3.94533 0.15101
H -5.55735 -1.65452 3.26084
H -5.51688 -2.0839 1.48831
H -7.12744 -3.36318 3.75866
H -7.15062 -3.97067 2.0471
$end

$opt
CONSTRAINT
tors           1           2           3           4      +7.381
tors           3           4           5           6      +9.240
tors           4           5           6           7    +155.583
tors           5           6           7           8    +157.594
tors           6           7           8           9    +179.001
tors           7           8           9          10    +165.200
tors           8           9          10          11    -167.237
tors           9          10          11          12    +167.642
tors          11          12          13          14    -172.200
ENDCONSTRAINT
$end

$rem
JOBTYPE                   OPT
METHOD                    B3LYP
DFT_D                     d3_op
BASIS                     STO-3G
GEOM_OPT_MAX_CYCLES       100
GEOM_OPT_TOL_GRADIENT     300
GEOM_OPT_TOL_DISPLACEMENT 1200
GEOM_OPT_TOL_ENERGY       100
SYMMETRY                  False
THRESH                    12
SCF_CONVERGENCE           8
MAX_SUB_FILE_NUM          128
MEM_STATIC                400
MEM_TOTAL                 4000
$end
