$molecule
0  1
O -3.94934 -3.66094 2.70899
C -3.26408 -4.56952 2.26188
C -3.36658 -6.02376 2.66595
C -2.12836 -6.66087 3.31767
C -0.98754 -5.72649 3.65466
O 0.19529 -6.27072 3.24217
C 1.26305 -5.31902 3.18383
C 0.96232 -4.135 4.09694
O -0.32488 -3.58431 3.77638
C -0.76393 -2.60626 4.60693
C -2.25538 -2.3858 4.51959
C -3.02364 -2.63134 5.82641
C -2.1814 -2.70554 7.08411
O -2.50727 -3.26019 8.12369
O -2.34832 -4.28935 1.29709
O -1.23675 -1.74 7.2409
O 0.01538 -1.86821 5.19388
C -0.48276 -1.53676 8.37997
C -2.62646 -0.92084 4.20842
C -4.01874 -0.80605 3.60556
C -4.87344 -1.22853 4.78479
C -3.80178 -1.29635 5.88532
O -2.83498 -0.35521 5.47869
H -2.41704 -3.05251 3.81452
H -3.70573 -3.50931 5.79613
H -1.88055 -0.40264 3.56655
H -4.17647 0.28373 3.43372
H -4.22004 -1.31308 2.64357
H -5.62377 -0.42988 4.97582
H -5.38244 -2.21053 4.67443
H -4.2588 -1.12523 6.88528
O -1.08527 -5.44319 4.85471
C -2.13054 -3.03549 0.76503
C -4.44296 -6.2853 3.74102
C -4.93141 -7.72865 3.64371
C -3.72424 -8.46794 4.17472
C -2.82647 -7.28711 4.56433
O -3.73373 -6.28591 4.95289
H -3.65325 -6.55937 1.73283
H -1.72105 -7.4976 2.70404
H -1.79758 -2.33105 1.55502
H -5.31013 -5.59201 3.68139
H -5.76654 -7.84388 4.37159
H -5.27744 -8.04474 2.63611
H -4.03263 -9.0356 5.08091
H -3.22684 -9.15002 3.45197
H -2.0975 -7.61826 5.33682
H -3.05988 -2.65461 0.29044
H -1.33596 -3.10181 -0.0059
H 0.20876 -0.68626 8.21026
H 0.11542 -2.44479 8.60763
H -1.14239 -1.29337 9.24006
H 1.01043 -4.46523 5.1608
H 1.75605 -3.36729 3.96224
H 1.37027 -4.97446 2.13282
H 2.21414 -5.7966 3.50069
$end

$opt
CONSTRAINT
tors           1           2           3           4    -117.934
tors           3           4           5           6    -133.838
tors           4           5           6           7    +163.830
tors           5           6           7           8     +22.650
tors           6           7           8           9     -53.746
tors           7           8           9          10    +173.812
tors           8           9          10          11    -161.053
tors           9          10          11          12    +118.897
tors          11          12          13          14    -157.358
ENDCONSTRAINT
$end

$rem
JOBTYPE                   OPT
METHOD                    B3LYP
DFT_D                     d3_op
BASIS                     STO-3G
GEOM_OPT_MAX_CYCLES       100
GEOM_OPT_TOL_GRADIENT     300
GEOM_OPT_TOL_DISPLACEMENT 1200
GEOM_OPT_TOL_ENERGY       100
SYMMETRY                  False
THRESH                    12
SCF_CONVERGENCE           8
MAX_SUB_FILE_NUM          128
MEM_STATIC                400
MEM_TOTAL                 4000
$end
