$molecule
0  1
O -3.94934 -3.66094 2.70899
C -3.26408 -4.56952 2.26188
C -3.36658 -6.02376 2.66595
C -2.05474 -6.81931 2.76614
C -0.77351 -6.0278 2.62455
O 0.0774 -6.67103 1.77153
C 0.19455 -6.02489 0.49951
C 1.64456 -5.62738 0.24344
O 1.76787 -5.03999 -1.06141
C 2.90919 -4.34114 -1.2808
C 2.94005 -3.67518 -2.63587
C 4.18104 -2.81145 -2.90454
C 5.34773 -3.01904 -1.95985
O 5.4134 -3.87828 -1.09269
O -2.57823 -4.32537 1.11652
O 6.4274 -2.22067 -2.16997
O 3.25915 -3.65881 -0.32137
C 7.59474 -2.28366 -1.43834
C 3.02 -4.65757 -3.81918
C 2.4715 -3.98461 -5.07627
C 3.5645 -2.97066 -5.35631
C 4.58617 -3.36159 -4.28143
O 4.3938 -4.74691 -4.11365
H 2.01008 -3.06569 -2.71365
H 3.93519 -1.7267 -2.88457
H 2.49429 -5.61923 -3.63232
H 2.48459 -4.75233 -5.88311
H 1.44627 -3.56473 -4.98986
H 3.96591 -3.16098 -6.37634
H 3.26182 -1.90569 -5.25609
H 5.60943 -3.04446 -4.58091
O -0.47479 -5.01785 3.24555
C -2.46584 -3.08448 0.52234
C -3.91242 -6.19384 4.09664
C -4.48203 -7.60155 4.27959
C -3.20693 -8.41296 4.35499
C -2.16145 -7.30271 4.22608
O -2.7544 -6.21422 4.89242
H -4.05741 -6.49021 1.92854
H -2.03134 -7.69231 2.07332
H -1.9688 -2.37339 1.21634
H -4.68201 -5.43923 4.36884
H -4.98788 -7.64727 5.27041
H -5.19522 -7.9075 3.48406
H -3.13658 -8.86283 5.37074
H -3.09942 -9.20669 3.58454
H -1.18478 -7.64944 4.63155
H -3.46987 -2.69942 0.24342
H -1.8518 -3.17392 -0.39716
H 8.3048 -1.52164 -1.81995
H 8.05796 -3.28815 -1.5423
H 7.38658 -2.07462 -0.36719
H 1.89021 -4.90798 1.05673
H 2.31693 -6.50955 0.32215
H -0.4255 -5.11162 0.4016
H -0.1278 -6.74061 -0.28621
$end

$opt
CONSTRAINT
tors           1           2           3           4    -142.358
tors           3           4           5           6    -133.838
tors           4           5           6           7    +107.154
tors           5           6           7           8    +120.563
tors           6           7           8           9    +177.143
tors           7           8           9          10    +163.794
tors           8           9          10          11    -176.298
tors           9          10          11          12    +176.995
tors          11          12          13          14      +6.311
ENDCONSTRAINT
$end

$rem
JOBTYPE                   OPT
METHOD                    B3LYP
DFT_D                     d3_op
BASIS                     STO-3G
GEOM_OPT_MAX_CYCLES       100
GEOM_OPT_TOL_GRADIENT     300
GEOM_OPT_TOL_DISPLACEMENT 1200
GEOM_OPT_TOL_ENERGY       100
SYMMETRY                  False
THRESH                    12
SCF_CONVERGENCE           8
MAX_SUB_FILE_NUM          128
MEM_STATIC                400
MEM_TOTAL                 4000
$end
