$molecule
0  1
O -3.94934 -3.66094 2.70899
C -3.26408 -4.56952 2.26188
C -3.36658 -6.02376 2.66595
C -2.10919 -6.89142 2.49281
C -0.83925 -6.16822 2.1025
O -0.36217 -6.67068 0.92549
C 0.5662 -5.7964 0.27511
C 1.99415 -6.15774 0.67073
O 2.92159 -5.57701 -0.25959
C 2.98315 -6.17812 -1.47368
C 4.01354 -5.55675 -2.38629
C 5.38067 -5.29684 -1.73693
C 5.63162 -6.00323 -0.41984
O 6.54638 -6.78297 -0.19675
O -2.53885 -4.30572 1.14148
O 5.07706 -5.42983 0.68187
O 2.41556 -7.2308 -1.7425
C 5.3043 -5.83038 1.98365
C 4.41816 -6.40807 -3.60519
C 4.95457 -5.49835 -4.70873
C 6.27518 -5.06863 -4.10405
C 6.2832 -5.91686 -2.82648
O 5.57857 -7.08194 -3.18531
H 3.56021 -4.60095 -2.73355
H 5.59334 -4.21626 -1.57898
H 3.59576 -7.04205 -4.00156
H 5.16192 -6.14536 -5.5913
H 4.28067 -4.66914 -5.01399
H 7.09268 -5.38254 -4.79059
H 6.36391 -3.98445 -3.87546
H 7.32945 -6.0659 -2.47999
O -0.34383 -5.23615 2.7273
C -2.39265 -3.05573 0.57665
C -3.56546 -6.16794 4.19319
C -4.1979 -7.52226 4.51475
C -3.02775 -8.44741 4.25901
C -1.93688 -7.42619 3.92313
O -2.2654 -6.30876 4.71007
H -4.26472 -6.43434 2.15308
H -2.29202 -7.71887 1.76891
H -1.91193 -2.36432 1.30136
H -4.18002 -5.35523 4.63839
H -4.42357 -7.53364 5.60531
H -5.12368 -7.75558 3.94614
H -2.78052 -8.97302 5.20826
H -3.17555 -9.18776 3.44325
H -0.92848 -7.86543 4.09211
H -3.38214 -2.65369 0.27128
H -1.74694 -3.13644 -0.32169
H 4.71514 -5.18768 2.66937
H 6.38133 -5.72819 2.23587
H 4.98322 -6.8854 2.11858
H 2.18692 -5.76832 1.69203
H 2.13866 -7.26161 0.71012
H 0.35288 -4.71068 0.40778
H 0.42609 -5.98753 -0.80765
$end

$opt
CONSTRAINT
tors           1           2           3           4    -154.442
tors           3           4           5           6    -121.419
tors           4           5           6           7    +161.508
tors           5           6           7           8     +93.660
tors           6           7           8           9    +162.684
tors           7           8           9          10     -74.193
tors           8           9          10          11    -177.721
tors           9          10          11          12     +46.264
tors          11          12          13          14    +121.449
ENDCONSTRAINT
$end

$rem
JOBTYPE                   OPT
METHOD                    B3LYP
DFT_D                     d3_op
BASIS                     STO-3G
GEOM_OPT_MAX_CYCLES       100
GEOM_OPT_TOL_GRADIENT     300
GEOM_OPT_TOL_DISPLACEMENT 1200
GEOM_OPT_TOL_ENERGY       100
SYMMETRY                  False
THRESH                    12
SCF_CONVERGENCE           8
MAX_SUB_FILE_NUM          128
MEM_STATIC                400
MEM_TOTAL                 4000
$end
