$molecule
0  1
O -3.94934 -3.66094 2.70899
C -3.26408 -4.56952 2.26188
C -3.36658 -6.02376 2.66595
C -2.58262 -6.46334 3.91336
C -1.92684 -5.36435 4.71975
O -0.967 -4.74755 3.96896
C -0.59687 -3.46062 4.47499
C 0.18759 -3.61237 5.77411
O 0.63766 -2.32589 6.22718
C 0.12001 -1.26095 5.56604
C 0.75618 0.04796 5.9694
C 1.36918 0.85289 4.81415
C 0.95473 0.4279 3.41975
O -0.07079 0.77111 2.8496
O -2.39478 -4.29302 1.25457
O 1.81595 -0.39984 2.7725
O -1.06588 -1.11684 5.30595
C 1.62987 -0.85894 1.48535
C -0.17849 1.11098 6.5903
C 0.64379 2.07418 7.45033
C 1.38665 2.84535 6.37844
C 0.76244 2.23681 5.11785
O -0.55383 1.92295 5.50646
H 1.53128 -0.19229 6.73423
H 2.48179 0.86734 4.8401
H -1.00411 0.67054 7.19094
H -0.06972 2.76363 7.95472
H 1.28868 1.59268 8.21759
H 1.11404 3.9202 6.46732
H 2.49268 2.73127 6.3883
H 0.86386 2.93633 4.25884
O -2.32641 -4.99528 5.81875
C -2.18718 -3.03239 0.73477
C -4.79721 -6.42153 3.07815
C -4.9812 -7.93427 2.93619
C -4.16866 -8.4291 4.11302
C -3.73108 -7.09804 4.72696
O -4.81471 -6.23778 4.4718
H -3.07231 -6.62099 1.77303
H -1.7916 -7.2127 3.68728
H -1.81507 -2.34884 1.52783
H -5.58136 -5.88466 2.50067
H -6.05312 -8.16796 3.12563
H -4.68283 -8.34668 1.94838
H -4.85216 -8.95573 4.81638
H -3.30757 -9.08499 3.86055
H -3.4668 -7.24952 5.79706
H -3.13283 -2.63358 0.30886
H -1.42882 -3.09121 -0.07249
H 2.46899 -1.53135 1.21351
H 1.6119 -0.0041 0.77575
H 0.67792 -1.42705 1.41319
H -0.35602 -4.09878 6.60373
H 1.08587 -4.22785 5.55453
H -1.58482 -2.96689 4.51228
H 0.04373 -2.98362 3.69916
$end

$opt
CONSTRAINT
tors           1           2           3           4     -85.025
tors           3           4           5           6     -64.062
tors           4           5           6           7    +161.508
tors           5           6           7           8     +70.558
tors           6           7           8           9    +175.933
tors           7           8           9          10      +9.877
tors           8           9          10          11    -172.870
tors           9          10          11          12    +123.566
tors          11          12          13          14     +82.977
ENDCONSTRAINT
$end

$rem
JOBTYPE                   OPT
METHOD                    B3LYP
DFT_D                     d3_op
BASIS                     STO-3G
GEOM_OPT_MAX_CYCLES       100
GEOM_OPT_TOL_GRADIENT     300
GEOM_OPT_TOL_DISPLACEMENT 1200
GEOM_OPT_TOL_ENERGY       100
SYMMETRY                  False
THRESH                    12
SCF_CONVERGENCE           8
MAX_SUB_FILE_NUM          128
MEM_STATIC                400
MEM_TOTAL                 4000
$end
