$molecule
0  1
O -3.94934 -3.66094 2.70899
C -3.26408 -4.56952 2.26188
C -3.36658 -6.02376 2.66595
C -2.12836 -6.66087 3.31767
C -0.98754 -5.72649 3.65466
O -0.21205 -5.52335 2.54888
C 0.6159 -4.35974 2.64775
C 1.79666 -4.47177 1.68892
O 2.62223 -3.30085 1.79028
C 3.44149 -3.25671 2.8701
C 4.20944 -1.96046 2.97339
C 3.50921 -0.74211 2.35406
C 2.03338 -0.91025 2.05345
O 1.47966 -1.96791 1.79016
O -2.38175 -4.28837 1.2676
O 1.32695 0.23695 1.86378
O 3.73291 -4.24189 3.5376
C -0.00981 0.28181 1.52624
C 4.36195 -1.48909 4.43643
C 5.57215 -0.56518 4.55061
C 5.06156 0.65271 3.81277
C 3.61072 0.22544 3.55662
O 3.29351 -0.60452 4.64419
H 5.22771 -2.15286 2.56716
H 4.00524 -0.33115 1.44811
H 4.45235 -2.32185 5.16768
H 5.67959 -0.30919 5.62941
H 6.53395 -0.97755 4.17678
H 5.10849 1.52444 4.5027
H 5.58565 0.88784 2.86107
H 2.97475 1.13021 3.44327
O -0.7406 -5.29286 4.77504
C -2.21783 -3.03962 0.70379
C -4.42179 -6.24735 3.76817
C -4.88307 -7.70475 3.76862
C -3.67 -8.38074 4.36554
C -2.77695 -7.16513 4.62882
O -3.68783 -6.14705 4.96044
H -3.67298 -6.57115 1.74672
H -1.70917 -7.53026 2.76275
H -1.91651 -2.30367 1.47873
H -5.30485 -5.57777 3.67703
H -5.72853 -7.79726 4.48738
H -5.19965 -8.08571 2.77379
H -3.96623 -8.84007 5.33524
H -3.18238 -9.14352 3.7209
H -2.02459 -7.41921 5.40818
H -3.16452 -2.70927 0.22571
H -1.42386 -3.09061 -0.06926
H -0.3273 1.34083 1.43703
H -0.61835 -0.20872 2.31576
H -0.17766 -0.22592 0.55231
H 2.38151 -5.40633 1.84431
H 1.38013 -4.51493 0.6601
H 1.0732 -4.28258 3.65945
H -0.03354 -3.47816 2.4946
$end

$opt
CONSTRAINT
tors           1           2           3           4    -117.934
tors           3           4           5           6     -83.245
tors           4           5           6           7    +161.508
tors           5           6           7           8    +158.333
tors           6           7           8           9    +179.884
tors           7           8           9          10     +77.634
tors           8           9          10          11    -175.881
tors           9          10          11          12     +28.353
tors          11          12          13          14     -28.269
ENDCONSTRAINT
$end

$rem
JOBTYPE                   OPT
METHOD                    B3LYP
DFT_D                     d3_op
BASIS                     STO-3G
GEOM_OPT_MAX_CYCLES       100
GEOM_OPT_TOL_GRADIENT     300
GEOM_OPT_TOL_DISPLACEMENT 1200
GEOM_OPT_TOL_ENERGY       100
SYMMETRY                  False
THRESH                    12
SCF_CONVERGENCE           8
MAX_SUB_FILE_NUM          128
MEM_STATIC                400
MEM_TOTAL                 4000
$end
