$molecule
0  1
O -3.94934 -3.66094 2.70899
C -3.26408 -4.56952 2.26188
C -3.36658 -6.02376 2.66595
C -3.16416 -6.35563 4.15348
C -3.05834 -5.17933 5.09858
O -3.41251 -4.03029 4.45074
C -3.36107 -2.87183 5.29013
C -1.97124 -2.24594 5.23757
O -2.05262 -0.8464 5.5499
C -3.27791 -0.40314 5.92584
C -3.32956 1.09435 6.11425
C -1.97921 1.81166 5.97179
C -0.86936 1.00833 5.32403
O -1.0078 0.23554 4.38692
O -2.3357 -4.2784 1.31306
O 0.34599 1.0877 5.92687
O -3.94497 -0.96932 6.78558
C 1.46187 0.3878 5.51809
C -4.1462 1.78738 5.0073
C -4.6364 3.14695 5.50351
C -3.3329 3.9183 5.54135
C -2.38317 2.87861 4.93383
O -3.19429 2.15306 4.04203
H -3.80349 1.32924 7.09802
H -1.60111 2.27339 6.91107
H -5.00178 1.17588 4.64517
H -5.2783 3.57231 4.69878
H -5.20762 3.13404 6.4566
H -3.43063 4.80375 4.87472
H -2.99602 4.23517 6.55213
H -1.49768 3.38066 4.4833
O -2.83818 -5.28707 6.29934
C -2.10221 -3.01241 0.81783
C -4.7948 -6.56682 2.46429
C -4.76357 -8.08963 2.33615
C -4.45688 -8.48821 3.76547
C -4.46635 -7.11556 4.44567
O -5.41827 -6.38194 3.71306
H -2.66171 -6.59982 2.02359
H -2.24503 -6.96344 4.30658
H -1.78209 -2.33332 1.63656
H -5.31098 -6.11782 1.58719
H -5.79821 -8.4213 2.09175
H -4.06156 -8.48458 1.57063
H -5.29683 -9.11218 4.1442
H -3.49167 -9.01904 3.91454
H -4.66208 -7.22201 5.53552
H -3.02138 -2.61376 0.33771
H -1.295 -3.06181 0.05866
H 2.31324 0.63953 6.18305
H 1.72701 0.66589 4.47562
H 1.2712 -0.70525 5.57843
H -1.25459 -2.77741 5.89781
H -1.60307 -2.31396 4.19169
H -3.74008 -3.1072 6.31097
H -4.11219 -2.24143 4.76332
$end

$opt
CONSTRAINT
tors           1           2           3           4     -58.032
tors           3           4           5           6     +11.100
tors           4           5           6           7    +178.917
tors           5           6           7           8     +89.318
tors           6           7           8           9    +154.501
tors           7           8           9          10      +5.238
tors           8           9          10          11    -174.581
tors           9          10          11          12      -5.190
tors          11          12          13          14     +38.161
ENDCONSTRAINT
$end

$rem
JOBTYPE                   OPT
METHOD                    B3LYP
DFT_D                     d3_op
BASIS                     STO-3G
GEOM_OPT_MAX_CYCLES       100
GEOM_OPT_TOL_GRADIENT     300
GEOM_OPT_TOL_DISPLACEMENT 1200
GEOM_OPT_TOL_ENERGY       100
SYMMETRY                  False
THRESH                    12
SCF_CONVERGENCE           8
MAX_SUB_FILE_NUM          128
MEM_STATIC                400
MEM_TOTAL                 4000
$end
