$molecule
0  1
O -3.94934 -3.66094 2.70899
C -3.26408 -4.56952 2.26188
C -3.36658 -6.02376 2.66595
C -2.06641 -6.84434 2.67309
C -0.78291 -6.07628 2.4477
O -0.64415 -5.78371 1.12084
C 0.28854 -4.72667 0.8718
C 1.26126 -5.13281 -0.23047
O 1.91606 -3.96873 -0.75871
C 2.45676 -3.13475 0.16393
C 3.11904 -1.92554 -0.4524
C 2.17779 -1.00379 -1.24152
C 0.69563 -1.21569 -1.00705
O 0.16594 -1.37337 0.08343
O -2.82009 -4.41068 0.99537
O -0.053 -1.14006 -2.13769
O 2.68095 -3.43194 1.32993
C -1.37638 -1.47199 -2.26313
C 3.72252 -0.92991 0.56068
C 4.79775 -0.08504 -0.12262
C 3.94328 0.7997 -1.00542
C 2.54422 0.34143 -0.58175
O 2.69549 0.00327 0.77622
H 3.92973 -2.32108 -1.10529
H 2.37627 -0.98211 -2.33687
H 4.14627 -1.41308 1.46736
H 5.27069 0.54878 0.66155
H 5.58559 -0.66426 -0.65059
H 4.10788 1.85844 -0.70478
H 4.10801 0.68476 -2.09862
H 1.79631 1.13536 -0.8034
O 0.06752 -5.87216 3.30807
C -3.03872 -3.28904 0.23162
C -3.80704 -6.18029 4.13671
C -4.42832 -7.55944 4.35377
C -3.19617 -8.43367 4.29383
C -2.10868 -7.36789 4.1264
O -2.59989 -6.26726 4.84941
H -4.13882 -6.4745 2.00265
H -2.0744 -7.69946 1.96043
H -2.50952 -2.41374 0.6645
H -4.51788 -5.39521 4.4749
H -4.83105 -7.58745 5.39169
H -5.23604 -7.82444 3.63801
H -3.07953 -8.94319 5.27647
H -3.18337 -9.18466 3.47458
H -1.13094 -7.77766 4.46345
H -4.12725 -3.07964 0.15393
H -2.67638 -3.5091 -0.78018
H -1.72647 -1.17518 -3.27287
H -1.99113 -0.94867 -1.50011
H -1.46375 -2.56872 -2.19915
H 1.99897 -5.85961 0.17368
H 0.71151 -5.61497 -1.06669
H 0.72776 -4.30638 1.79096
H -0.31224 -3.90164 0.44193
$end

$opt
CONSTRAINT
tors           1           2           3           4    -146.425
tors           3           4           5           6     -77.348
tors           4           5           6           7    +161.508
tors           5           6           7           8    +131.715
tors           6           7           8           9    +162.573
tors           7           8           9          10     +49.817
tors           8           9          10          11    -179.497
tors           9          10          11          12     +62.234
tors          11          12          13          14     +44.498
ENDCONSTRAINT
$end

$rem
JOBTYPE                   OPT
METHOD                    B3LYP
DFT_D                     d3_op
BASIS                     STO-3G
GEOM_OPT_MAX_CYCLES       100
GEOM_OPT_TOL_GRADIENT     300
GEOM_OPT_TOL_DISPLACEMENT 1200
GEOM_OPT_TOL_ENERGY       100
SYMMETRY                  False
THRESH                    12
SCF_CONVERGENCE           8
MAX_SUB_FILE_NUM          128
MEM_STATIC                400
MEM_TOTAL                 4000
$end
