$molecule
0  1
O -3.94934 -3.66094 2.70899
C -3.26408 -4.56952 2.26188
C -3.36658 -6.02376 2.66595
C -2.37865 -6.52856 3.73039
C -1.51657 -5.48189 4.40077
O -0.42761 -5.20982 3.62259
C 0.37466 -4.13893 4.13133
C 1.74398 -4.66219 4.55242
O 2.74289 -3.65475 4.32857
C 2.4503 -2.42448 4.81843
C 3.45283 -1.37316 4.40573
C 3.00171 -0.46621 3.25151
C 1.52197 -0.49788 2.92582
O 0.7284 0.40582 3.14525
O -2.55785 -4.33964 1.12452
O 1.12791 -1.53506 2.15313
O 1.70559 -2.24981 5.77591
C -0.11269 -1.62973 1.56639
C 3.75523 -0.32188 5.4967
C 5.12989 0.29687 5.2477
C 4.84811 1.11437 4.00505
C 3.33372 0.90629 3.87934
O 2.89449 0.74918 5.20615
H 4.40848 -1.89885 4.17601
H 3.56138 -0.6271 2.30374
H 3.70347 -0.72788 6.53058
H 5.32761 0.993 6.09445
H 5.97475 -0.41988 5.16164
H 5.08879 2.17835 4.22411
H 5.37922 0.78293 3.0865
H 2.88161 1.75055 3.31316
O -1.66775 -5.09181 5.55433
C -2.76455 -3.25064 0.30122
C -4.70986 -6.31907 3.36866
C -5.04153 -7.8076 3.26999
C -4.03563 -8.38164 4.2413
C -3.38588 -7.09405 4.75827
O -4.42964 -6.15392 4.73443
H -3.33538 -6.62501 1.72901
H -1.71009 -7.34489 3.37541
H -2.64854 -2.30158 0.86154
H -5.55657 -5.72003 2.96654
H -6.06223 -7.95142 3.6916
H -5.00564 -8.22898 2.24235
H -4.59061 -8.88581 5.06381
H -3.2931 -9.08173 3.80104
H -2.92228 -7.28452 5.75152
H -3.79096 -3.28979 -0.12163
H -2.03656 -3.27945 -0.53521
H -0.15443 -2.57366 0.98783
H -0.27761 -0.77692 0.87383
H -0.90207 -1.64098 2.34858
H 1.72053 -5.01557 5.60593
H 2.02953 -5.5195 3.90601
H -0.10789 -3.48485 4.88966
H 0.52791 -3.51817 3.24494
$end

$opt
CONSTRAINT
tors           1           2           3           4     -96.847
tors           3           4           5           6     -83.245
tors           4           5           6           7    +174.618
tors           5           6           7           8    +114.260
tors           6           7           8           9    +147.179
tors           7           8           9          10     +49.458
tors           8           9          10          11    -172.870
tors           9          10          11          12    +101.285
tors          11          12          13          14    +109.068
ENDCONSTRAINT
$end

$rem
JOBTYPE                   OPT
METHOD                    B3LYP
DFT_D                     d3_op
BASIS                     STO-3G
GEOM_OPT_MAX_CYCLES       100
GEOM_OPT_TOL_GRADIENT     300
GEOM_OPT_TOL_DISPLACEMENT 1200
GEOM_OPT_TOL_ENERGY       100
SYMMETRY                  False
THRESH                    12
SCF_CONVERGENCE           8
MAX_SUB_FILE_NUM          128
MEM_STATIC                400
MEM_TOTAL                 4000
$end
