$molecule
0  1
O -3.94934 -3.66094 2.70899
C -3.26408 -4.56952 2.26188
C -3.36658 -6.02376 2.66595
C -2.08572 -6.70264 3.17818
C -0.88802 -5.80505 3.39717
O -0.35891 -5.43545 2.19348
C 0.76998 -4.56408 2.31831
C 2.03944 -5.28104 1.87046
O 3.14397 -4.36296 1.86491
C 2.99251 -3.26379 2.64467
C 4.15756 -2.3079 2.54679
C 3.771 -0.83192 2.37262
C 2.32683 -0.48685 2.67597
O 1.60057 -1.09369 3.44982
O -2.45351 -4.29706 1.20624
O 1.78039 0.4893 1.90456
O 2.61447 -3.39982 3.80422
C 0.46518 0.89724 1.98423
C 5.02852 -2.21635 3.82588
C 6.42041 -1.68925 3.47723
C 6.1028 -0.24177 3.17157
C 4.60856 -0.21288 3.50922
O 4.47482 -1.14871 4.54979
H 4.82379 -2.66576 1.72809
H 4.04589 -0.3967 1.38594
H 5.11657 -3.18439 4.36639
H 7.02967 -1.72942 4.40871
H 6.94942 -2.24057 2.6704
H 6.67398 0.39957 3.8792
H 6.29729 0.07844 2.12508
H 4.28939 0.82632 3.74862
O -0.39437 -5.57772 4.498
C -2.26835 -3.04052 0.66768
C -4.30669 -6.2438 3.86849
C -4.81196 -7.68607 3.88236
C -3.56203 -8.41719 4.31899
C -2.60868 -7.23713 4.53029
O -3.44903 -6.20329 4.98116
H -3.77164 -6.55282 1.77431
H -1.74917 -7.5443 2.53191
H -1.84796 -2.35486 1.43442
H -5.17164 -5.54562 3.88928
H -5.57152 -7.77053 4.69235
H -5.25538 -8.03118 2.92358
H -3.76869 -8.91364 5.2935
H -3.16575 -9.16 3.59339
H -1.79016 -7.53953 5.21993
H -3.23283 -2.63849 0.29051
H -1.55412 -3.10958 -0.17822
H 0.28972 1.70623 1.24587
H 0.24688 1.28732 3.0014
H -0.21388 0.04846 1.75337
H 2.26901 -6.14045 2.53527
H 1.88633 -5.65796 0.83672
H 0.68808 -4.04174 3.27868
H 0.59502 -3.73544 1.59705
$end

$opt
CONSTRAINT
tors           1           2           3           4    -124.295
tors           3           4           5           6     -73.306
tors           4           5           6           7    +179.056
tors           5           6           7           8    +111.653
tors           6           7           8           9    +174.025
tors           7           8           9          10     +21.579
tors           8           9          10          11    -177.334
tors           9          10          11          12    +133.765
tors          11          12          13          14     +27.202
ENDCONSTRAINT
$end

$rem
JOBTYPE                   OPT
METHOD                    B3LYP
DFT_D                     d3_op
BASIS                     STO-3G
GEOM_OPT_MAX_CYCLES       100
GEOM_OPT_TOL_GRADIENT     300
GEOM_OPT_TOL_DISPLACEMENT 1200
GEOM_OPT_TOL_ENERGY       100
SYMMETRY                  False
THRESH                    12
SCF_CONVERGENCE           8
MAX_SUB_FILE_NUM          128
MEM_STATIC                400
MEM_TOTAL                 4000
$end
