$molecule
0  1
O -3.94934 -3.66094 2.70899
C -3.26408 -4.56952 2.26188
C -3.36658 -6.02376 2.66595
C -2.12836 -6.66087 3.31767
C -0.98754 -5.72649 3.65466
O -0.00117 -5.84143 2.71696
C 1.0856 -4.93404 2.9287
C 2.39583 -5.70404 3.05718
O 3.4386 -5.01754 2.34708
C 3.80806 -3.82081 2.86717
C 4.88576 -3.13625 2.06058
C 4.38435 -2.04058 1.10855
C 2.97195 -1.54849 1.3529
O 2.42723 -1.47116 2.44462
O -2.36245 -4.29156 1.28555
O 2.24148 -1.28055 0.23969
O 3.51844 -3.47182 4.0066
C 0.94847 -0.80466 0.26052
C 5.87681 -2.33066 2.92849
C 7.19026 -2.13549 2.17173
C 6.75848 -1.14377 1.11273
C 5.31173 -0.88994 1.55065
O 5.34754 -1.03095 2.94944
H 5.46707 -3.92754 1.5338
H 4.51375 -2.26737 0.02684
H 6.07419 -2.79676 3.91873
H 7.89604 -1.62717 2.86741
H 7.66216 -3.06526 1.78743
H 7.36952 -0.22085 1.22701
H 6.81342 -1.51075 0.06496
H 4.96413 0.09793 1.17304
O -1.08344 -4.81875 4.47371
C -2.16766 -3.03839 0.74725
C -4.40515 -6.26283 3.78417
C -4.86481 -7.72142 3.77245
C -3.63938 -8.40922 4.33604
C -2.74611 -7.19836 4.61915
O -3.65749 -6.18628 4.9735
H -3.68179 -6.57291 1.7504
H -1.72499 -7.48505 2.68507
H -1.85089 -2.32881 1.5409
H -5.28921 -5.59206 3.71567
H -5.69367 -7.81987 4.5096
H -5.20682 -8.09269 2.78245
H -3.92131 -8.90129 5.29364
H -3.15413 -9.14669 3.66073
H -1.97535 -7.45367 5.37983
H -3.10488 -2.67546 0.27391
H -1.37745 -3.09714 -0.02864
H 0.58402 -0.68929 -0.78074
H 0.91392 0.18408 0.76594
H 0.29286 -1.51826 0.79697
H 2.65011 -5.95894 4.10943
H 2.27518 -6.66349 2.50964
H 0.99816 -4.17947 3.7411
H 1.12804 -4.35034 1.9829
$end

$opt
CONSTRAINT
tors           1           2           3           4    -117.934
tors           3           4           5           6    -101.928
tors           4           5           6           7    +176.878
tors           5           6           7           8    +122.956
tors           6           7           8           9    +138.754
tors           7           8           9          10     +67.438
tors           8           9          10          11    -178.777
tors           9          10          11          12     +99.558
tors          11          12          13          14     +32.879
ENDCONSTRAINT
$end

$rem
JOBTYPE                   OPT
METHOD                    B3LYP
DFT_D                     d3_op
BASIS                     STO-3G
GEOM_OPT_MAX_CYCLES       100
GEOM_OPT_TOL_GRADIENT     300
GEOM_OPT_TOL_DISPLACEMENT 1200
GEOM_OPT_TOL_ENERGY       100
SYMMETRY                  False
THRESH                    12
SCF_CONVERGENCE           8
MAX_SUB_FILE_NUM          128
MEM_STATIC                400
MEM_TOTAL                 4000
$end
