$molecule
0  1
O -3.94934 -3.66094 2.70899
C -3.26408 -4.56952 2.26188
C -3.36658 -6.02376 2.66595
C -3.41196 -6.33322 4.17128
C -3.529 -5.14556 5.10073
O -2.36693 -4.98799 5.80086
C -1.99356 -3.61653 5.971
C -1.73395 -3.32138 7.44464
O -0.86085 -2.1879 7.57033
C -1.21302 -1.09735 6.8452
C -0.17175 -0.0042 6.88315
C 0.09882 0.67916 5.53478
C -0.93187 0.43398 4.45114
O -2.12988 0.2746 4.63539
O -2.27312 -4.28205 1.37871
O -0.45983 0.39861 3.17822
O -2.40031 -0.84126 6.68961
C -1.26256 0.48702 2.05937
C -0.5989 1.19833 7.7462
C 0.63612 1.98126 8.18949
C 1.05341 2.61215 6.87744
C -0.09375 2.14689 5.97298
O -1.20256 2.08042 6.83633
H 0.76277 -0.43459 7.3118
H 1.11818 0.51715 5.119
H -1.21042 0.90761 8.62851
H 0.28544 2.78571 8.87522
H 1.42124 1.38219 8.699
H 1.03108 3.71811 6.99817
H 2.04319 2.29067 6.487
H -0.19924 2.83374 5.10327
O -4.47955 -4.37293 5.14502
C -1.89582 -3.01084 1.01369
C -4.72835 -6.61696 2.24287
C -4.62509 -8.13795 2.13075
C -4.53426 -8.52326 3.5928
C -4.70951 -7.15098 4.25204
O -5.55619 -6.45636 3.36955
H -2.56182 -6.58466 2.13745
H -2.51874 -6.92927 4.46969
H -1.50614 -2.47929 1.90485
H -5.11203 -6.1899 1.28996
H -5.59757 -8.5035 1.72944
H -3.80028 -8.51268 1.48728
H -5.39539 -9.18456 3.83635
H -3.58282 -9.01036 3.89782
H -5.07387 -7.26253 5.29739
H -2.75548 -2.46137 0.5738
H -1.08473 -3.07411 0.25975
H -0.6364 0.38353 1.14962
H -1.76655 1.4767 2.03641
H -2.03714 -0.30457 2.06579
H -2.69565 -3.16985 7.9814
H -1.20641 -4.18044 7.91124
H -2.6726 -2.87866 5.48996
H -1.01761 -3.52368 5.44616
$end

$opt
CONSTRAINT
tors           1           2           3           4     -47.567
tors           3           4           5           6    -111.029
tors           4           5           6           7    +140.939
tors           5           6           7           8    +127.625
tors           6           7           8           9    +156.213
tors           7           8           9          10     +49.458
tors           8           9          10          11    -172.870
tors           9          10          11          12    +137.662
tors          11          12          13          14     +32.879
ENDCONSTRAINT
$end

$rem
JOBTYPE                   OPT
METHOD                    B3LYP
DFT_D                     d3_op
BASIS                     STO-3G
GEOM_OPT_MAX_CYCLES       100
GEOM_OPT_TOL_GRADIENT     300
GEOM_OPT_TOL_DISPLACEMENT 1200
GEOM_OPT_TOL_ENERGY       100
SYMMETRY                  False
THRESH                    12
SCF_CONVERGENCE           8
MAX_SUB_FILE_NUM          128
MEM_STATIC                400
MEM_TOTAL                 4000
$end
