$molecule
0  1
O -3.94934 -3.66094 2.70899
C -3.26408 -4.56952 2.26188
C -3.36658 -6.02376 2.66595
C -2.23243 -6.59352 3.53366
C -1.21354 -5.60112 4.04854
O -0.2561 -5.38421 3.09897
C 0.39602 -4.11724 3.23594
C 1.87916 -4.31843 3.52908
O 2.58079 -3.07416 3.37946
C 2.30863 -2.13465 4.31882
C 3.02935 -0.83055 4.07275
C 2.39887 0.06426 2.99567
C 0.98298 -0.2902 2.58787
O 0.18204 -0.90957 3.27303
O -2.31269 -4.2844 1.33994
O 0.53557 0.41181 1.51229
O 1.7021 -2.36993 5.35805
C -0.73097 0.35508 0.97903
C 2.99329 0.14827 5.27298
C 4.16611 1.12363 5.17593
C 3.73289 1.96973 3.99662
C 2.33114 1.3995 3.75326
O 1.89538 0.99122 5.02646
H 4.09833 -1.07775 3.88089
H 3.01544 0.08431 2.06992
H 3.00924 -0.35846 6.26244
H 4.13463 1.75339 6.09425
H 5.17414 0.66479 5.08583
H 3.68389 3.03151 4.32532
H 4.36628 1.87805 3.08761
H 1.68979 2.14758 3.2366
O -1.15312 -5.18081 5.19906
C -2.09174 -3.02389 0.83934
C -4.57631 -6.27001 3.59528
C -4.98768 -7.74116 3.54714
C -3.85777 -8.37144 4.32796
C -3.066 -7.12147 4.72364
O -4.05152 -6.13454 4.88994
H -3.52599 -6.59932 1.72684
H -1.68145 -7.43997 3.06534
H -1.83497 -2.34006 1.67509
H -5.45482 -5.63201 3.35394
H -5.9268 -7.84799 4.13613
H -5.14568 -8.14757 2.52499
H -4.28447 -8.85248 5.23644
H -3.24048 -9.10528 3.76609
H -2.44209 -7.34379 5.61767
H -2.99891 -2.65342 0.31581
H -1.24908 -3.06161 0.11891
H -0.81031 1.10002 0.16115
H -1.49201 0.58982 1.75341
H -0.90492 -0.6412 0.53953
H 2.04792 -4.77647 4.52909
H 2.28251 -5.01611 2.76458
H -0.06922 -3.44415 3.98937
H 0.30894 -3.59968 2.25838
$end

$opt
CONSTRAINT
tors           1           2           3           4    -107.486
tors           3           4           5           6     -84.165
tors           4           5           6           7    +155.435
tors           5           6           7           8    +116.980
tors           6           7           8           9    +167.572
tors           7           8           9          10     +69.308
tors           8           9          10          11    -177.463
tors           9          10          11          12     +78.677
tors          11          12          13          14     +23.562
ENDCONSTRAINT
$end

$rem
JOBTYPE                   OPT
METHOD                    B3LYP
DFT_D                     d3_op
BASIS                     STO-3G
GEOM_OPT_MAX_CYCLES       100
GEOM_OPT_TOL_GRADIENT     300
GEOM_OPT_TOL_DISPLACEMENT 1200
GEOM_OPT_TOL_ENERGY       100
SYMMETRY                  False
THRESH                    12
SCF_CONVERGENCE           8
MAX_SUB_FILE_NUM          128
MEM_STATIC                400
MEM_TOTAL                 4000
$end
