$molecule
0  1
O -3.94934 -3.66094 2.70899
C -3.26408 -4.56952 2.26188
C -3.36658 -6.02376 2.66595
C -2.06761 -6.72831 3.09038
C -0.84188 -5.85364 3.234
O -0.49896 -5.33227 2.01909
C 0.27657 -4.13322 2.1195
C 1.62735 -4.32221 1.43699
O 1.91096 -3.19547 0.59265
C 2.21987 -2.04466 1.24023
C 2.49553 -0.89592 0.29945
C 1.24546 -0.23984 -0.30484
C -0.06864 -0.57321 0.37244
O -0.1901 -1.01016 1.50773
O -2.65093 -4.38291 1.06493
O -1.15236 -0.01505 -0.23346
O 2.41717 -1.97982 2.44847
C -2.28043 0.44645 0.41714
C 3.13064 0.34204 0.98048
C 3.88368 1.16995 -0.06045
C 2.72856 1.73705 -0.85961
C 1.54665 1.24012 -0.01943
O 2.04984 1.18571 1.29257
H 3.22214 -1.26273 -0.4609
H 1.13265 -0.49583 -1.38135
H 3.81222 0.08792 1.82126
H 4.3762 2.00337 0.49067
H 4.64956 0.62635 -0.65433
H 2.79944 2.84716 -0.83984
H 2.6534 1.37565 -1.90827
H 0.65904 1.89287 -0.17258
O -0.2612 -5.62091 4.28872
C -2.7094 -3.22657 0.32538
C -4.2155 -6.22752 3.94011
C -4.75601 -7.65637 3.9872
C -3.49408 -8.42416 4.3134
C -2.49922 -7.26983 4.46816
O -3.27705 -6.21946 4.98706
H -3.85993 -6.54639 1.81539
H -1.78824 -7.55549 2.40024
H -2.27967 -2.40876 0.91957
H -5.05886 -5.50911 4.03277
H -5.44521 -7.72383 4.85945
H -5.29069 -7.98585 3.07046
H -3.63827 -8.93785 5.29013
H -3.1703 -9.15779 3.54375
H -1.63742 -7.59672 5.09064
H -3.76085 -2.99301 0.05392
H -2.1126 -3.35276 -0.60107
H -2.99599 0.83767 -0.33469
H -2.00228 1.2739 1.10362
H -2.78288 -0.34333 1.00165
H 2.44735 -4.59606 2.13662
H 1.51974 -5.17019 0.72674
H 0.3847 -3.66314 3.12306
H -0.2914 -3.41282 1.51481
$end

$opt
CONSTRAINT
tors           1           2           3           4    -128.202
tors           3           4           5           6     -64.696
tors           4           5           6           7    +157.067
tors           5           6           7           8    +120.462
tors           6           7           8           9    +133.311
tors           7           8           9          10     +71.907
tors           8           9          10          11    -179.503
tors           9          10          11          12     +77.904
tors          11          12          13          14     +19.765
ENDCONSTRAINT
$end

$rem
JOBTYPE                   OPT
METHOD                    B3LYP
DFT_D                     d3_op
BASIS                     STO-3G
GEOM_OPT_MAX_CYCLES       100
GEOM_OPT_TOL_GRADIENT     300
GEOM_OPT_TOL_DISPLACEMENT 1200
GEOM_OPT_TOL_ENERGY       100
SYMMETRY                  False
THRESH                    12
SCF_CONVERGENCE           8
MAX_SUB_FILE_NUM          128
MEM_STATIC                400
MEM_TOTAL                 4000
$end
