$molecule
0  1
O -3.94934 -3.66094 2.70899
C -3.26408 -4.56952 2.26188
C -3.36658 -6.02376 2.66595
C -2.05212 -6.76691 2.9554
C -0.79427 -5.92714 2.98157
O -0.31401 -5.77116 1.71253
C 0.83124 -4.91494 1.64512
C 1.87796 -5.50992 0.7089
O 2.15305 -4.59415 -0.36281
C 2.88141 -3.5016 -0.02373
C 3.04534 -2.52634 -1.16508
C 1.76319 -1.7863 -1.57338
C 0.61851 -1.85151 -0.58235
O 0.72643 -1.76186 0.6321
O -2.55963 -4.36724 1.12802
O -0.50513 -1.33786 -1.16127
O 3.4047 -3.346 1.07364
C -1.37724 -0.42282 -0.59545
C 3.96472 -1.32477 -0.84603
C 4.51944 -0.74307 -2.14579
C 3.27339 -0.10503 -2.72371
C 2.28875 -0.33766 -1.57237
O 3.09311 -0.3087 -0.41884
H 3.50397 -3.09474 -2.00577
H 1.3816 -2.11824 -2.56511
H 4.80171 -1.5746 -0.15833
H 5.23111 0.06468 -1.85967
H 5.03728 -1.46387 -2.81441
H 3.46928 0.98093 -2.86628
H 2.90341 -0.55504 -3.67041
H 1.46764 0.4119 -1.60936
O -0.20274 -5.59946 4.00504
C -2.49277 -3.17368 0.46926
C -4.11739 -6.21456 3.99688
C -4.66512 -7.63854 4.09208
C -3.39094 -8.41142 4.34752
C -2.3738 -7.26743 4.38469
O -3.09317 -6.20294 4.95737
H -3.92144 -6.52094 1.83885
H -1.86544 -7.64538 2.29707
H -2.03521 -2.41455 1.13723
H -4.94271 -5.48561 4.14949
H -5.30562 -7.70289 5.00064
H -5.24861 -7.96234 3.20338
H -3.45934 -8.87565 5.35696
H -3.14366 -9.18853 3.59249
H -1.46681 -7.59722 4.93815
H -3.50963 -2.85129 0.158
H -1.87244 -3.31567 -0.43635
H -2.41547 -0.80195 -0.64118
H -1.34652 0.51112 -1.19336
H -1.11118 -0.16924 0.4529
H 2.78701 -5.87327 1.23733
H 1.42828 -6.39964 0.21774
H 1.28698 -4.54354 2.58961
H 0.42306 -4.02175 1.15213
$end

$opt
CONSTRAINT
tors           1           2           3           4    -134.123
tors           3           4           5           6     -84.481
tors           4           5           6           7    +176.271
tors           5           6           7           8    +137.034
tors           6           7           8           9    +120.829
tors           7           8           9          10     +73.176
tors           8           9          10          11    -175.518
tors           9          10          11          12     +69.617
tors          11          12          13          14     +40.773
ENDCONSTRAINT
$end

$rem
JOBTYPE                   OPT
METHOD                    B3LYP
DFT_D                     d3_op
BASIS                     STO-3G
GEOM_OPT_MAX_CYCLES       100
GEOM_OPT_TOL_GRADIENT     300
GEOM_OPT_TOL_DISPLACEMENT 1200
GEOM_OPT_TOL_ENERGY       100
SYMMETRY                  False
THRESH                    12
SCF_CONVERGENCE           8
MAX_SUB_FILE_NUM          128
MEM_STATIC                400
MEM_TOTAL                 4000
$end
