$molecule
0  1
O -3.94934 -3.66094 2.70899
C -3.26408 -4.56952 2.26188
C -3.36658 -6.02376 2.66595
C -2.06328 -6.73622 3.06303
C -0.82998 -5.86866 3.18299
O -0.35514 -5.5627 1.93947
C 0.66522 -4.55881 1.95759
C 1.83886 -4.98639 1.08244
O 1.88678 -4.17577 -0.10225
C 2.16843 -2.8646 0.09938
C 2.19268 -2.06435 -1.18112
C 0.81841 -1.83381 -1.82651
C -0.38136 -2.11158 -0.94327
O -0.47415 -1.81682 0.23956
O -2.71557 -4.44222 1.04091
O -1.49464 -1.99112 -1.72269
O 2.48353 -2.39164 1.18593
C -2.48791 -1.03468 -1.57348
C 2.66852 -0.60353 -1.00772
C 3.20908 -0.07921 -2.33692
C 1.92731 0.04124 -3.13317
C 0.89961 -0.30828 -2.05056
O 1.48842 0.1428 -0.85598
H 2.90984 -2.57739 -1.86152
H 0.69548 -2.41238 -2.76988
H 3.43596 -0.47468 -0.21377
H 3.60383 0.94411 -2.1425
H 4.0058 -0.69231 -2.81037
H 1.81742 1.09867 -3.4616
H 1.84264 -0.64174 -4.00612
H -0.08136 0.14503 -2.30393
O -0.28772 -5.5814 4.24528
C -3.21744 -3.57464 0.1171
C -4.19556 -6.21412 3.95449
C -4.73949 -7.6408 4.02423
C -3.47592 -8.40656 4.34422
C -2.4752 -7.25292 4.46026
O -3.23895 -6.19477 4.98262
H -3.88202 -6.5453 1.82746
H -1.8039 -7.59394 2.40254
H -3.09357 -2.53748 0.48807
H -5.03601 -5.49319 4.05397
H -5.42029 -7.69984 4.90358
H -5.28279 -7.97643 3.11475
H -3.60421 -8.89658 5.3353
H -3.16987 -9.16021 3.58683
H -1.60436 -7.57643 5.07218
H -4.29636 -3.78071 -0.0546
H -2.70235 -3.7706 -0.83776
H -2.50025 -0.39042 -2.47635
H -2.31842 -0.38703 -0.68617
H -3.48512 -1.51187 -1.51097
H 2.80213 -4.89209 1.63453
H 1.74148 -6.05725 0.80299
H 1.07705 -4.31843 2.96271
H 0.21798 -3.61278 1.61963
$end

$opt
CONSTRAINT
tors           1           2           3           4    -129.409
tors           3           4           5           6     -76.557
tors           4           5           6           7    +169.685
tors           5           6           7           8    +133.272
tors           6           7           8           9    +109.300
tors           7           8           9          10     +66.161
tors           8           9          10          11    -179.503
tors           9          10          11          12     +71.325
tors          11          12          13          14     +40.773
ENDCONSTRAINT
$end

$rem
JOBTYPE                   OPT
METHOD                    B3LYP
DFT_D                     d3_op
BASIS                     STO-3G
GEOM_OPT_MAX_CYCLES       100
GEOM_OPT_TOL_GRADIENT     300
GEOM_OPT_TOL_DISPLACEMENT 1200
GEOM_OPT_TOL_ENERGY       100
SYMMETRY                  False
THRESH                    12
SCF_CONVERGENCE           8
MAX_SUB_FILE_NUM          128
MEM_STATIC                400
MEM_TOTAL                 4000
$end
