$molecule
0  1
O -3.94934 -3.66094 2.70899
C -3.26408 -4.56952 2.26188
C -3.36658 -6.02376 2.66595
C -2.04982 -6.79115 2.86874
C -0.77816 -5.97357 2.81854
O -0.47236 -5.67032 1.52241
C 0.69933 -4.85772 1.39557
C 1.61334 -5.41893 0.31125
O 1.70279 -4.49145 -0.78176
C 2.31529 -3.31489 -0.49949
C 2.36719 -2.37955 -1.68402
C 1.00771 -1.8182 -2.1256
C -0.12627 -1.97571 -1.13264
O -0.09114 -1.64039 0.04248
O -2.70636 -4.42238 1.04633
O -1.2988 -1.79906 -1.80642
O 2.84554 -3.0593 0.57585
C -2.2637 -0.84699 -1.51675
C 3.13609 -1.06234 -1.43022
C 3.62134 -0.48686 -2.76039
C 2.30981 -0.03192 -3.36696
C 1.35554 -0.31989 -2.20259
O 2.14804 -0.13567 -1.05462
H 2.88827 -2.93165 -2.49891
H 0.68507 -2.2501 -3.10049
H 3.99462 -1.17455 -0.73292
H 4.23109 0.41343 -2.51899
H 4.2232 -1.17476 -3.39238
H 2.37561 1.06071 -3.56601
H 1.99925 -0.57087 -4.28835
H 0.44919 0.32085 -2.27564
O -0.07843 -5.72422 3.79487
C -2.92157 -3.35151 0.23411
C -4.01872 -6.20112 4.05235
C -4.60066 -7.6083 4.18263
C -3.33455 -8.42297 4.32272
C -2.28416 -7.3084 4.30665
O -2.92887 -6.23012 4.93806
H -4.00243 -6.51053 1.89219
H -1.92109 -7.6509 2.17336
H -2.53139 -2.43144 0.7164
H -4.80862 -5.45045 4.27233
H -5.15968 -7.65631 5.14457
H -5.2721 -7.91043 3.35024
H -3.34373 -8.91636 5.3204
H -3.16448 -9.18127 3.52816
H -1.35024 -7.67109 4.79006
H -4.00786 -3.24219 0.0262
H -2.41408 -3.56854 -0.72086
H -2.34733 -0.15447 -2.37938
H -2.01163 -0.24653 -0.61628
H -3.25352 -1.32377 -1.38445
H 2.62209 -5.66468 0.71331
H 1.18658 -6.36659 -0.08167
H 1.29748 -4.68054 2.31678
H 0.33458 -3.85635 1.10179
$end

$opt
CONSTRAINT
tors           1           2           3           4    -137.894
tors           3           4           5           6     -76.557
tors           4           5           6           7    +178.075
tors           5           6           7           8    +133.272
tors           6           7           8           9    +114.609
tors           7           8           9          10     +66.161
tors           8           9          10          11    -179.503
tors           9          10          11          12     +68.450
tors          11          12          13          14     +51.708
ENDCONSTRAINT
$end

$rem
JOBTYPE                   OPT
METHOD                    B3LYP
DFT_D                     d3_op
BASIS                     STO-3G
GEOM_OPT_MAX_CYCLES       100
GEOM_OPT_TOL_GRADIENT     300
GEOM_OPT_TOL_DISPLACEMENT 1200
GEOM_OPT_TOL_ENERGY       100
SYMMETRY                  False
THRESH                    12
SCF_CONVERGENCE           8
MAX_SUB_FILE_NUM          128
MEM_STATIC                400
MEM_TOTAL                 4000
$end
