$molecule
0  1
O -3.94934 -3.66094 2.70899
C -3.26408 -4.56952 2.26188
C -3.36658 -6.02376 2.66595
C -2.07188 -6.7214 3.11417
C -0.85317 -5.84054 3.27829
O -0.18046 -5.75359 2.09282
C 0.83839 -4.74801 2.09595
C 2.03023 -5.20471 1.26104
O 2.10185 -4.43696 0.0493
C 2.02594 -3.09202 0.20581
C 1.94749 -2.35037 -1.10738
C 0.69343 -2.64505 -1.94331
C -0.44094 -3.33466 -1.21233
O -0.80652 -3.08342 -0.07312
O -2.89281 -4.36508 0.97218
O -0.78444 -4.50743 -1.82235
O 2.19112 -2.50595 1.27061
C -1.48214 -5.58482 -1.32146
C 1.84891 -0.81539 -0.97763
C 2.32423 -0.15645 -2.27241
C 1.17963 -0.50126 -3.20251
C 0.23189 -1.20298 -2.22413
O 0.46828 -0.55349 -0.99765
H 2.87685 -2.60888 -1.66365
H 0.91782 -3.19816 -2.88377
H 2.41573 -0.40253 -0.11528
H 2.32221 0.94415 -2.10191
H 3.3313 -0.47082 -2.62152
H 0.72671 0.44725 -3.5678
H 1.4445 -1.15298 -4.0631
H -0.81416 -1.16279 -2.60216
O -0.47921 -5.36847 4.34744
C -3.49081 -3.35088 0.21275
C -4.24494 -6.21404 3.92042
C -4.76668 -7.64956 3.98703
C -3.50698 -8.38594 4.38093
C -2.52992 -7.21385 4.50763
O -3.33024 -6.16089 4.98347
H -3.84307 -6.55266 1.80963
H -1.78369 -7.60446 2.50006
H -3.28394 -2.35388 0.65968
H -5.10116 -5.50685 3.9745
H -5.49077 -7.7123 4.83071
H -5.25466 -8.00501 3.054
H -3.66774 -8.84549 5.38192
H -3.1614 -9.15998 3.66218
H -1.67625 -7.50937 5.15736
H -4.58983 -3.51144 0.1659
H -3.13067 -3.33423 -0.8307
H -1.39351 -6.42202 -2.04335
H -2.5606 -5.37783 -1.24086
H -1.04685 -5.91648 -0.35753
H 2.97204 -4.97956 1.81583
H 2.03534 -6.29887 1.06965
H 1.30459 -4.70315 3.10756
H 0.39366 -3.74198 1.9913
$end

$opt
CONSTRAINT
tors           1           2           3           4    -127.149
tors           3           4           5           6     -88.732
tors           4           5           6           7    +169.094
tors           5           6           7           8    +144.818
tors           6           7           8           9    +109.300
tors           7           8           9          10     +49.577
tors           8           9          10          11    -173.417
tors           9          10          11          12     +63.576
tors          11          12          13          14     +40.773
ENDCONSTRAINT
$end

$rem
JOBTYPE                   OPT
METHOD                    B3LYP
DFT_D                     d3_op
BASIS                     STO-3G
GEOM_OPT_MAX_CYCLES       100
GEOM_OPT_TOL_GRADIENT     300
GEOM_OPT_TOL_DISPLACEMENT 1200
GEOM_OPT_TOL_ENERGY       100
SYMMETRY                  False
THRESH                    12
SCF_CONVERGENCE           8
MAX_SUB_FILE_NUM          128
MEM_STATIC                400
MEM_TOTAL                 4000
$end
