$molecule
0  1
O -3.94934 -3.66094 2.70899
C -3.26408 -4.56952 2.26188
C -3.36658 -6.02376 2.66595
C -2.05627 -6.75238 3.00664
C -0.80908 -5.89941 3.07761
O -0.38274 -5.59498 1.81627
C 0.64907 -4.60294 1.79469
C 1.64272 -4.90225 0.67701
O 1.50403 -3.9329 -0.37371
C 1.6846 -2.64102 -0.00279
C 1.51421 -1.67089 -1.14755
C 0.06017 -1.42244 -1.57452
C -1.00311 -1.87976 -0.59626
O -0.90457 -1.8518 0.62196
O -2.62224 -4.28791 1.09507
O -2.24504 -1.95634 -1.15121
O 2.13668 -2.29763 1.0846
C -3.45419 -1.89668 -0.48354
C 1.9504 -0.22333 -0.81848
C 2.27688 0.52363 -2.11146
C 0.89102 0.69122 -2.69782
C 0.04229 0.11687 -1.55855
O 0.77437 0.41854 -0.3963
H 2.15738 -2.0372 -1.97967
H -0.1787 -1.85117 -2.57323
H 2.81699 -0.16537 -0.12451
H 2.66072 1.52712 -1.81755
H 3.01788 0.0313 -2.7773
H 0.69435 1.77852 -2.82872
H 0.70942 0.15161 -3.65256
H -0.99157 0.52669 -1.60074
O -0.24359 -5.58287 4.11953
C -2.54777 -5.13218 -0.00348
C -4.14799 -6.20866 3.98363
C -4.70056 -7.63099 4.07418
C -3.4322 -8.40702 4.34721
C -2.41753 -7.2622 4.42087
O -3.15115 -6.19734 4.97274
H -3.91893 -6.54122 1.85031
H -1.83332 -7.617 2.34193
H -1.93272 -4.65483 -0.79226
H -4.97746 -5.48033 4.11567
H -5.34917 -7.68538 4.97779
H -5.27926 -7.96133 3.18482
H -3.52562 -8.89183 5.34476
H -3.16335 -9.16678 3.58187
H -1.52569 -7.59248 4.99805
H -3.56687 -5.30855 -0.40754
H -2.09762 -6.11334 0.24097
H -4.0326 -1.03162 -0.86767
H -3.3323 -1.76854 0.61253
H -4.03666 -2.81739 -0.68618
H 2.68779 -4.82025 1.05943
H 1.53149 -5.9388 0.2932
H 1.29508 -4.70293 2.69718
H 0.23401 -3.58407 1.88039
$end

$opt
CONSTRAINT
tors           1           2           3           4    -131.884
tors           3           4           5           6     -76.557
tors           4           5           6           7    +169.685
tors           5           6           7           8    +144.295
tors           6           7           8           9    +109.300
tors           7           8           9          10     +58.211
tors           8           9          10          11    -179.503
tors           9          10          11          12     +75.279
tors          11          12          13          14     +34.748
ENDCONSTRAINT
$end

$rem
JOBTYPE                   OPT
METHOD                    B3LYP
DFT_D                     d3_op
BASIS                     STO-3G
GEOM_OPT_MAX_CYCLES       100
GEOM_OPT_TOL_GRADIENT     300
GEOM_OPT_TOL_DISPLACEMENT 1200
GEOM_OPT_TOL_ENERGY       100
SYMMETRY                  False
THRESH                    12
SCF_CONVERGENCE           8
MAX_SUB_FILE_NUM          128
MEM_STATIC                400
MEM_TOTAL                 4000
$end
