$molecule
0  1
O -3.94934 -3.66094 2.70899
C -3.26408 -4.56952 2.26188
C -3.36658 -6.02376 2.66595
C -2.06878 -6.72634 3.09718
C -0.84501 -5.84991 3.24665
O -0.34104 -5.54272 2.01496
C 0.60011 -4.46447 2.04454
C 1.83896 -4.82566 1.23156
O 1.94439 -3.96071 0.0898
C 2.44068 -2.72354 0.33934
C 2.5155 -1.85927 -0.89682
C 1.16297 -1.34129 -1.40735
C 0.00375 -1.45341 -0.43764
O 0.09337 -1.41969 0.78113
O -2.56901 -4.37956 1.12136
O -1.14662 -1.00094 -1.0171
O 2.87792 -2.37325 1.42971
C -2.12346 -0.22288 -0.4188
C 3.25613 -0.51774 -0.68423
C 3.78135 -0.00344 -2.02394
C 2.48621 0.39441 -2.69991
C 1.49665 0.15637 -1.5537
O 2.24436 0.41183 -0.39062
H 3.08198 -2.43877 -1.66076
H 0.85513 -1.82733 -2.3597
H 4.09136 -0.58053 0.04685
H 4.36612 0.91943 -1.80679
H 4.41838 -0.71028 -2.59787
H 2.54423 1.47445 -2.96082
H 2.21467 -0.2028 -3.59734
H 0.59024 0.78556 -1.6933
O -0.32583 -5.55191 4.31712
C -2.62668 -3.23424 0.38515
C -4.23449 -6.22548 3.92479
C -4.76026 -7.65979 3.97664
C -3.49841 -8.40737 4.34416
C -2.51569 -7.24125 4.48462
O -3.30937 -6.19207 4.98124
H -3.83937 -6.54508 1.80321
H -1.78677 -7.58534 2.44764
H -2.29114 -2.39483 1.02307
H -5.08639 -5.51469 3.9957
H -5.47342 -7.73039 4.82897
H -5.26237 -8.00117 3.04585
H -3.65226 -8.88856 5.33598
H -3.16036 -9.16575 3.60535
H -1.65971 -7.55173 5.12367
H -3.66689 -3.05748 0.03689
H -1.97169 -3.3541 -0.49972
H -3.10956 -0.72091 -0.50095
H -2.19062 0.74255 -0.96086
H -1.90078 -0.0044 0.64739
H 2.76924 -4.86314 1.84182
H 1.70336 -5.85394 0.83262
H 0.89407 -4.06267 3.03976
H 0.08339 -3.6328 1.54541
$end

$opt
CONSTRAINT
tors           1           2           3           4    -127.902
tors           3           4           5           6     -76.557
tors           4           5           6           7    +165.383
tors           5           6           7           8    +133.272
tors           6           7           8           9    +114.644
tors           7           8           9          10     +78.902
tors           8           9          10          11    -179.503
tors           9          10          11          12     +73.300
tors          11          12          13          14     +29.293
ENDCONSTRAINT
$end

$rem
JOBTYPE                   OPT
METHOD                    B3LYP
DFT_D                     d3_op
BASIS                     STO-3G
GEOM_OPT_MAX_CYCLES       100
GEOM_OPT_TOL_GRADIENT     300
GEOM_OPT_TOL_DISPLACEMENT 1200
GEOM_OPT_TOL_ENERGY       100
SYMMETRY                  False
THRESH                    12
SCF_CONVERGENCE           8
MAX_SUB_FILE_NUM          128
MEM_STATIC                400
MEM_TOTAL                 4000
$end
