$molecule
0  1
O -3.94934 -3.66094 2.70899
C -3.26408 -4.56952 2.26188
C -3.36658 -6.02376 2.66595
C -2.06107 -6.74075 3.04728
C -0.82365 -5.87727 3.1536
O -0.26103 -5.71871 1.9192
C 0.76185 -4.71763 1.89094
C 1.9891 -5.24083 1.15184
O 2.1215 -4.57151 -0.11202
C 2.48539 -3.26678 -0.04559
C 2.59592 -2.61687 -1.40429
C 1.25711 -2.37198 -2.11555
C 0.01932 -2.47262 -1.24698
O -0.08353 -2.04302 -0.10705
O -2.10943 -4.0329 1.78138
O -1.03295 -3.06323 -1.87606
O 2.78682 -2.69488 0.99631
C -2.298 -3.26801 -1.3842
C 3.15926 -1.17861 -1.36027
C 3.74312 -0.80987 -2.72383
C 2.47747 -0.6651 -3.5411
C 1.42285 -0.87564 -2.44949
O 2.02342 -0.35732 -1.28841
H 3.29624 -3.24291 -2.00208
H 1.11273 -2.97583 -3.03951
H 3.9263 -1.02591 -0.57004
H 4.21372 0.19411 -2.6185
H 4.49178 -1.52373 -3.12975
H 2.43043 0.37512 -3.93349
H 2.36137 -1.39257 -4.37345
H 0.46031 -0.40325 -2.74871
O -0.30658 -5.53365 4.21162
C -1.77299 -2.67539 1.99546
C -4.18815 -6.21335 3.95743
C -4.72551 -7.64249 4.03271
C -3.4592 -8.39951 4.36155
C -2.46089 -7.24228 4.45522
O -3.22406 -6.18356 4.97739
H -3.88286 -6.52948 1.82049
H -1.81511 -7.61609 2.40467
H -0.7211 -2.52866 2.28486
H -5.03051 -5.49477 4.05773
H -5.41206 -7.70577 4.90713
H -5.25893 -7.98083 3.11832
H -3.58064 -8.86696 5.36444
H -3.15731 -9.17084 3.62054
H -1.58418 -7.55806 5.06303
H -2.27071 -2.21927 2.87775
H -2.07735 -2.06046 1.13084
H -2.92423 -3.70838 -2.18682
H -2.75517 -2.30543 -1.07429
H -2.26491 -3.99797 -0.56139
H 2.91385 -5.12693 1.76156
H 1.87129 -6.32955 0.96382
H 1.05519 -4.26198 2.86314
H 0.37723 -3.92013 1.26267
$end

$opt
CONSTRAINT
tors           1           2           3           4    -130.102
tors           3           4           5           6     -84.548
tors           4           5           6           7    +168.961
tors           5           6           7           8    +133.497
tors           6           7           8           9    +109.300
tors           7           8           9          10     +70.425
tors           8           9          10          11    -179.503
tors           9          10          11          12     +71.325
tors          11          12          13          14     +40.773
ENDCONSTRAINT
$end

$rem
JOBTYPE                   OPT
METHOD                    B3LYP
DFT_D                     d3_op
BASIS                     STO-3G
GEOM_OPT_MAX_CYCLES       100
GEOM_OPT_TOL_GRADIENT     300
GEOM_OPT_TOL_DISPLACEMENT 1200
GEOM_OPT_TOL_ENERGY       100
SYMMETRY                  False
THRESH                    12
SCF_CONVERGENCE           8
MAX_SUB_FILE_NUM          128
MEM_STATIC                400
MEM_TOTAL                 4000
$end
