$molecule
0  1
O -3.94934 -3.66094 2.70899
C -3.26408 -4.56952 2.26188
C -3.36658 -6.02376 2.66595
C -2.06107 -6.74075 3.04728
C -0.82365 -5.87727 3.1536
O -0.26103 -5.71871 1.9192
C 0.7991 -4.75688 1.90288
C 2.00387 -5.31521 1.15258
O 2.26361 -4.52143 -0.01589
C 2.75034 -3.27787 0.22035
C 2.9911 -2.49003 -1.04535
C 1.71957 -2.02722 -1.7715
C 0.43657 -2.09906 -0.9681
O 0.33056 -1.84285 0.22257
O -2.54694 -4.37206 1.14097
O -0.62026 -1.82407 -1.78683
O 3.05494 -2.86544 1.33386
C -1.66801 -0.95901 -1.5216
C 3.68789 -1.12784 -0.82008
C 4.38684 -0.68922 -2.10632
C 3.19314 -0.34922 -2.97382
C 2.05812 -0.5355 -1.96077
O 2.6387 -0.1982 -0.725
H 3.65696 -3.11117 -1.68649
H 1.55773 -2.56983 -2.72986
H 4.41615 -1.13322 0.01991
H 4.93364 0.25227 -1.871
H 5.09772 -1.42287 -2.5436
H 3.27797 0.71553 -3.28543
H 3.05141 -0.99897 -3.86457
H 1.1725 0.06735 -2.25995
O -0.30742 -5.53419 4.21214
C -2.54596 -3.21237 0.427
C -4.19823 -6.22108 3.94787
C -4.72738 -7.65359 4.01654
C -3.45944 -8.4036 4.35642
C -2.46678 -7.24184 4.45454
O -3.23953 -6.18741 4.97317
H -3.86314 -6.5359 1.81126
H -1.8143 -7.61747 2.40668
H -2.13802 -2.38373 1.04315
H -5.04434 -5.50619 4.04247
H -5.42242 -7.72342 4.88369
H -5.24894 -7.99235 3.09551
H -3.5852 -8.86728 5.36056
H -3.15004 -9.1773 3.62103
H -1.59228 -7.55355 5.06758
H -3.57672 -2.96915 0.09063
H -1.91961 -3.39695 -0.45993
H -1.64762 -0.13831 -2.26765
H -1.59957 -0.50513 -0.51016
H -2.6353 -1.48584 -1.63842
H 2.89935 -5.42208 1.80476
H 1.75527 -6.3358 0.79007
H 1.11512 -4.31259 2.87299
H 0.38533 -3.91404 1.33122
$end

$opt
CONSTRAINT
tors           1           2           3           4    -130.102
tors           3           4           5           6     -84.548
tors           4           5           6           7    +171.374
tors           5           6           7           8    +133.304
tors           6           7           8           9    +116.740
tors           7           8           9          10     +70.425
tors           8           9          10          11    -179.503
tors           9          10          11          12     +71.325
tors          11          12          13          14     +37.928
ENDCONSTRAINT
$end

$rem
JOBTYPE                   OPT
METHOD                    B3LYP
DFT_D                     d3_op
BASIS                     STO-3G
GEOM_OPT_MAX_CYCLES       100
GEOM_OPT_TOL_GRADIENT     300
GEOM_OPT_TOL_DISPLACEMENT 1200
GEOM_OPT_TOL_ENERGY       100
SYMMETRY                  False
THRESH                    12
SCF_CONVERGENCE           8
MAX_SUB_FILE_NUM          128
MEM_STATIC                400
MEM_TOTAL                 4000
$end
