$molecule
0  1
O -3.94934 -3.66094 2.70899
C -3.26408 -4.56952 2.26188
C -3.36658 -6.02376 2.66595
C -2.04998 -6.78225 2.90073
C -0.7828 -5.9565 2.87881
O -0.35105 -5.80324 1.59213
C 0.69268 -4.83242 1.46024
C 1.79627 -5.36703 0.55337
O 1.78718 -4.66067 -0.69717
C 2.28724 -3.40066 -0.6588
C 2.15544 -2.67497 -1.97662
C 0.72312 -2.26572 -2.34981
C -0.29183 -2.31305 -1.22539
O -0.09207 -1.95212 -0.07457
O -2.05816 -4.04097 1.91579
O -1.5485 -2.59584 -1.66282
O 2.85145 -2.92109 0.31826
C -2.71453 -2.54576 -0.94102
C 2.8564 -1.29785 -1.99805
C 3.15581 -0.89245 -3.44099
C 1.76088 -0.5842 -3.9409
C 0.96077 -0.77125 -2.64744
O 1.85435 -0.38571 -1.63254
H 2.63914 -3.31806 -2.74615
H 0.31397 -2.79456 -3.23981
H 3.79162 -1.26626 -1.39758
H 3.73584 0.05754 -3.40065
H 3.72027 -1.64011 -4.03868
H 1.73241 0.4791 -4.26771
H 1.38926 -1.24385 -4.7547
H 0.00868 -0.19665 -2.69783
O -0.14434 -5.63938 3.87727
C -1.65232 -2.76489 2.34525
C -4.04881 -6.19684 4.03827
C -4.62073 -7.60839 4.16599
C -3.35118 -8.40818 4.34899
C -2.31168 -7.2837 4.34072
O -2.97935 -6.20586 4.94768
H -3.98389 -6.50769 1.87738
H -1.90095 -7.65875 2.23051
H -0.59735 -2.54767 2.14055
H -4.85109 -5.45248 4.2336
H -5.20728 -7.6556 5.1114
H -5.26364 -7.92259 3.31571
H -3.37805 -8.88314 5.35532
H -3.15663 -9.17981 3.57315
H -1.38506 -7.63219 4.84835
H -1.73308 -2.70144 3.45249
H -2.28363 -1.97239 1.89132
H -3.5668 -2.72236 -1.62846
H -2.83876 -1.54784 -0.47015
H -2.72924 -3.35429 -0.20184
H 2.79646 -5.32682 1.04107
H 1.60345 -6.44108 0.34386
H 1.12443 -4.41618 2.39773
H 0.24998 -4.00579 0.91537
$end

$opt
CONSTRAINT
tors           1           2           3           4    -136.503
tors           3           4           5           6     -84.548
tors           4           5           6           7    +168.961
tors           5           6           7           8    +135.350
tors           6           7           8           9    +109.300
tors           7           8           9          10     +74.824
tors           8           9          10          11    -175.680
tors           9          10          11          12     +71.325
tors          11          12          13          14     +40.773
ENDCONSTRAINT
$end

$rem
JOBTYPE                   OPT
METHOD                    B3LYP
DFT_D                     d3_op
BASIS                     STO-3G
GEOM_OPT_MAX_CYCLES       100
GEOM_OPT_TOL_GRADIENT     300
GEOM_OPT_TOL_DISPLACEMENT 1200
GEOM_OPT_TOL_ENERGY       100
SYMMETRY                  False
THRESH                    12
SCF_CONVERGENCE           8
MAX_SUB_FILE_NUM          128
MEM_STATIC                400
MEM_TOTAL                 4000
$end
