$molecule
0  1
O -3.94934 -3.66094 2.70899
C -3.26408 -4.56952 2.26188
C -3.36658 -6.02376 2.66595
C -2.05132 -6.77102 2.94079
C -0.79077 -5.93501 2.95414
O -0.3228 -5.78073 1.68032
C 0.81771 -4.91933 1.59985
C 1.81697 -5.46372 0.58434
O 1.79279 -4.65965 -0.60552
C 2.42123 -3.46151 -0.5125
C 2.24812 -2.60892 -1.74691
C 0.8131 -2.12658 -2.00446
C -0.14622 -2.25419 -0.83822
O 0.11641 -1.99488 0.32726
O -2.05805 -4.03428 1.93361
O -1.43654 -2.26413 -1.27705
O 3.07832 -3.10682 0.45979
C -2.58339 -1.98041 -0.57554
C 2.99315 -1.25694 -1.68894
C 3.23169 -0.73832 -3.10673
C 1.82347 -0.35009 -3.50536
C 1.08324 -0.62054 -2.19112
O 2.0406 -0.34991 -1.19654
H 2.65934 -3.19815 -2.59749
H 0.34988 -2.58607 -2.90674
H 3.95761 -1.3041 -1.13796
H 3.84272 0.18856 -3.01685
H 3.74176 -1.44661 -3.7945
H 1.81356 0.73664 -3.74423
H 1.38953 -0.93048 -4.34821
H 0.14949 -0.01679 -2.14248
O -0.19511 -5.60815 3.97623
C -1.53591 -2.90339 2.60117
C -4.08897 -6.20149 4.01685
C -4.6522 -7.6179 4.1287
C -3.38198 -8.40628 4.35187
C -2.35247 -7.27285 4.37324
O -3.04758 -6.20019 4.95826
H -3.95503 -6.51389 1.85936
H -1.87522 -7.6479 2.27766
H -0.52016 -3.08973 2.99006
H -4.90334 -5.46399 4.18646
H -5.26744 -7.66956 5.05545
H -5.26552 -7.93841 3.25913
H -3.43533 -8.87951 5.35796
H -3.15732 -9.17775 3.58406
H -1.43881 -7.61288 4.90931
H -2.10218 -2.62395 3.51596
H -1.54996 -2.01369 1.95425
H -3.43252 -1.94384 -1.28808
H -2.50031 -0.99154 -0.07706
H -2.81295 -2.78001 0.13477
H 2.85092 -5.49866 0.99984
H 1.56427 -6.51678 0.33606
H 1.38421 -4.8354 2.55394
H 0.53411 -3.919 1.32839
$end

$opt
CONSTRAINT
tors           1           2           3           4    -134.759
tors           3           4           5           6     -84.548
tors           4           5           6           7    +175.796
tors           5           6           7           8    +140.881
tors           6           7           8           9    +106.631
tors           7           8           9          10     +76.099
tors           8           9          10          11    -174.467
tors           9          10          11          12     +66.632
tors          11          12          13          14     +41.777
ENDCONSTRAINT
$end

$rem
JOBTYPE                   OPT
METHOD                    B3LYP
DFT_D                     d3_op
BASIS                     STO-3G
GEOM_OPT_MAX_CYCLES       100
GEOM_OPT_TOL_GRADIENT     300
GEOM_OPT_TOL_DISPLACEMENT 1200
GEOM_OPT_TOL_ENERGY       100
SYMMETRY                  False
THRESH                    12
SCF_CONVERGENCE           8
MAX_SUB_FILE_NUM          128
MEM_STATIC                400
MEM_TOTAL                 4000
$end
