$molecule
0  1
O -3.94934 -3.66094 2.70899
C -3.26408 -4.56952 2.26188
C -3.36658 -6.02376 2.66595
C -2.05019 -6.77953 2.91047
C -0.78452 -5.95129 2.89714
O -0.25 -5.94091 1.64031
C 0.90087 -5.09747 1.52478
C 1.89858 -5.70136 0.54191
O 1.90644 -4.94113 -0.67664
C 2.55638 -3.75232 -0.61807
C 2.41692 -2.94246 -1.88509
C 1.00403 -2.40652 -2.15855
C 0.04454 -2.44436 -0.98609
O 0.32806 -2.16976 0.17096
O -2.06186 -4.06949 1.86742
O -1.24437 -2.41173 -1.42978
O 3.2193 -3.38153 0.34426
C -2.3981 -2.11771 -0.74705
C 3.22016 -1.6224 -1.87761
C 3.47889 -1.16776 -3.3137
C 2.08829 -0.73403 -3.72644
C 1.33976 -0.922 -2.40259
O 2.30971 -0.65648 -1.4192
H 2.80408 -3.57869 -2.71282
H 0.51785 -2.87811 -3.04239
H 4.18283 -1.69101 -1.32569
H 4.12956 -0.26548 -3.25805
H 3.95688 -1.92223 -3.97486
H 2.12526 0.3422 -4.0067
H 1.62767 -1.32679 -4.5462
H 0.43365 -0.27616 -2.37648
O -0.22304 -5.54238 3.9092
C -1.50154 -2.91428 2.44533
C -4.05548 -6.19524 4.03568
C -4.6248 -7.60797 4.16434
C -3.35453 -8.40387 4.35852
C -2.31794 -7.27684 4.35081
O -2.99127 -6.19884 4.95097
H -3.98227 -6.50915 1.87704
H -1.89845 -7.66277 2.24934
H -0.49414 -3.12001 2.8473
H -4.86091 -5.45265 4.22472
H -5.21783 -7.65423 5.10573
H -5.26086 -7.92619 3.31041
H -3.38549 -8.87322 5.36737
H -3.15417 -9.17953 3.58822
H -1.39174 -7.6198 4.86328
H -2.0656 -2.53346 3.32348
H -1.45395 -2.08499 1.72733
H -3.23018 -2.05088 -1.47731
H -2.30887 -1.1379 -0.23276
H -2.65936 -2.93369 -0.06468
H 2.92971 -5.73993 0.96556
H 1.62968 -6.75887 0.33243
H 1.4779 -5.06169 2.4765
H 0.64988 -4.07337 1.29074
$end

$opt
CONSTRAINT
tors           1           2           3           4    -136.079
tors           3           4           5           6     -92.282
tors           4           5           6           7    +175.796
tors           5           6           7           8    +145.404
tors           6           7           8           9    +107.630
tors           7           8           9          10     +75.820
tors           8           9          10          11    -174.467
tors           9          10          11          12     +68.439
tors          11          12          13          14     +40.650
ENDCONSTRAINT
$end

$rem
JOBTYPE                   OPT
METHOD                    B3LYP
DFT_D                     d3_op
BASIS                     STO-3G
GEOM_OPT_MAX_CYCLES       100
GEOM_OPT_TOL_GRADIENT     300
GEOM_OPT_TOL_DISPLACEMENT 1200
GEOM_OPT_TOL_ENERGY       100
SYMMETRY                  False
THRESH                    12
SCF_CONVERGENCE           8
MAX_SUB_FILE_NUM          128
MEM_STATIC                400
MEM_TOTAL                 4000
$end
