$molecule
0  1
O -3.94934 -3.66094 2.70899
C -3.26408 -4.56952 2.26188
C -3.36658 -6.02376 2.66595
C -2.05412 -6.81733 2.77342
C -0.77332 -6.02398 2.63834
O -0.36675 -6.01766 1.33447
C 0.83822 -5.27405 1.12394
C 1.65485 -5.90364 0.00016
O 1.56335 -5.09521 -1.18346
C 2.26955 -3.93779 -1.1551
C 1.9946 -3.05145 -2.34651
C 0.52158 -2.66121 -2.53677
C -0.38479 -2.90169 -1.34624
O -0.09319 -2.68692 -0.17859
O -2.09074 -4.06385 1.79752
O -1.57528 -3.44192 -1.72538
O 3.0025 -3.60489 -0.23047
C -2.60314 -3.92201 -0.96307
C 2.66204 -1.6639 -2.27433
C 2.79389 -1.08003 -3.6807
C 1.34787 -0.75057 -3.98579
C 0.692 -1.13224 -2.65465
O 1.68078 -0.84293 -1.69548
H 2.38532 -3.60117 -3.2322
H 0.05581 -3.08197 -3.45684
H 3.65456 -1.6739 -1.77377
H 3.36351 -0.12709 -3.59306
H 3.29629 -1.74163 -4.41882
H 1.26635 0.34663 -4.15297
H 0.9039 -1.29996 -4.84396
H -0.27339 -0.59149 -2.53381
O -0.28059 -5.34891 3.53776
C -1.58725 -2.81193 2.17625
C -3.89862 -6.18557 4.10715
C -4.49631 -7.58055 4.29271
C -3.23969 -8.42205 4.32959
C -2.17238 -7.32948 4.22239
O -2.74035 -6.23673 4.9006
H -4.08725 -6.4874 1.95675
H -2.00605 -7.6743 2.06361
H -0.51168 -2.88723 2.41865
H -4.65146 -5.41861 4.3916
H -4.9719 -7.61347 5.29913
H -5.24281 -7.87179 3.52274
H -3.17551 -8.91465 5.32555
H -3.15182 -9.18355 3.52479
H -1.20209 -7.70132 4.62057
H -2.05451 -2.41468 3.10306
H -1.76208 -2.06322 1.38034
H -3.42183 -4.24444 -1.63812
H -3.00461 -3.12153 -0.3114
H -2.26241 -4.82302 -0.41773
H 2.73263 -6.00677 0.27389
H 1.30024 -6.93758 -0.1998
H 1.5087 -5.5239 1.98194
H 0.79386 -4.1891 1.22117
$end

$opt
CONSTRAINT
tors           1           2           3           4    -142.041
tors           3           4           5           6     -92.282
tors           4           5           6           7    +179.512
tors           5           6           7           8    +147.183
tors           6           7           8           9    +105.950
tors           7           8           9          10     +73.899
tors           8           9          10          11    -172.597
tors           9          10          11          12     +57.443
tors          11          12          13          14     +40.774
ENDCONSTRAINT
$end

$rem
JOBTYPE                   OPT
METHOD                    B3LYP
DFT_D                     d3_op
BASIS                     STO-3G
GEOM_OPT_MAX_CYCLES       100
GEOM_OPT_TOL_GRADIENT     300
GEOM_OPT_TOL_DISPLACEMENT 1200
GEOM_OPT_TOL_ENERGY       100
SYMMETRY                  False
THRESH                    12
SCF_CONVERGENCE           8
MAX_SUB_FILE_NUM          128
MEM_STATIC                400
MEM_TOTAL                 4000
$end
