$molecule
0  1
O -3.94934 -3.66094 2.70899
C -3.26408 -4.56952 2.26188
C -3.36658 -6.02376 2.66595
C -2.05019 -6.77953 2.91047
C -0.78452 -5.95129 2.89714
O -0.25 -5.94091 1.64031
C 0.94916 -5.16494 1.54476
C 1.91394 -5.8082 0.55402
O 1.94252 -5.04869 -0.66467
C 2.62661 -3.87915 -0.60696
C 2.47247 -3.04509 -1.85646
C 1.0547 -2.51106 -2.10746
C 0.10533 -2.577 -0.92803
O 0.40229 -2.3441 0.23478
O -2.0435 -4.06755 1.92945
O -1.17926 -2.43558 -1.35842
O 3.30897 -3.53083 0.35011
C -2.30415 -2.14301 -0.63116
C 3.26976 -1.72188 -1.83691
C 3.51343 -1.24605 -3.26871
C 2.11658 -0.81534 -3.66441
C 1.38033 -1.0224 -2.33645
O 2.35825 -0.76614 -1.35806
H 2.84945 -3.6673 -2.69944
H 0.564 -2.98528 -2.98733
H 4.23725 -1.79348 -1.29396
H 4.15876 -0.34044 -3.20525
H 3.99102 -1.98758 -3.94464
H 2.14545 0.26381 -3.93405
H 1.65169 -1.4024 -4.48589
H 0.47188 -0.38099 -2.29389
O -0.24437 -5.50177 3.904
C -1.57291 -2.88098 2.51216
C -4.05903 -6.19727 4.03284
C -4.62307 -7.61236 4.16058
C -3.35041 -8.40262 4.36297
C -2.31773 -7.27224 4.35252
O -2.99623 -6.1955 4.94972
H -3.97568 -6.50914 1.87197
H -1.89759 -7.66609 2.25399
H -1.60157 -2.97371 3.6199
H -4.86744 -5.45713 4.21866
H -5.22201 -7.66141 5.09803
H -5.25178 -7.93299 3.3021
H -3.38181 -8.86477 5.37515
H -3.14603 -9.18345 3.599
H -1.39058 -7.60987 4.86691
H -2.1923 -2.00923 2.21513
H -0.53094 -2.67215 2.27594
H -3.13708 -1.94525 -1.33626
H -2.14464 -1.23338 -0.01559
H -2.60733 -3.01481 -0.04147
H 2.95273 -5.87319 0.95873
H 1.61333 -6.85935 0.35528
H 1.53417 -5.32362 2.48061
H 0.84725 -4.09067 1.54042
$end

$opt
CONSTRAINT
tors           1           2           3           4    -136.079
tors           3           4           5           6     -92.282
tors           4           5           6           7    +179.512
tors           5           6           7           8    +144.951
tors           6           7           8           9    +105.950
tors           7           8           9          10     +75.062
tors           8           9          10          11    -172.583
tors           9          10          11          12     +66.203
tors          11          12          13          14     +39.440
ENDCONSTRAINT
$end

$rem
JOBTYPE                   OPT
METHOD                    B3LYP
DFT_D                     d3_op
BASIS                     STO-3G
GEOM_OPT_MAX_CYCLES       100
GEOM_OPT_TOL_GRADIENT     300
GEOM_OPT_TOL_DISPLACEMENT 1200
GEOM_OPT_TOL_ENERGY       100
SYMMETRY                  False
THRESH                    12
SCF_CONVERGENCE           8
MAX_SUB_FILE_NUM          128
MEM_STATIC                400
MEM_TOTAL                 4000
$end
