$molecule
0  1
O -3.94934 -3.66094 2.70899
C -3.26408 -4.56952 2.26188
C -3.36658 -6.02376 2.66595
C -2.09215 -6.69516 3.20345
C -0.90361 -5.79095 3.44399
O -0.44901 -5.29598 2.25497
C 0.9304 -5.59196 2.01231
C 1.76223 -5.27217 3.25001
O 1.74745 -6.38994 4.15182
C 0.87273 -7.37853 3.84084
C 1.22547 -8.09446 2.55878
C 0.2638 -9.22429 2.16262
C -1.06952 -9.24009 2.88283
O -1.82048 -10.20144 2.96298
O -2.48869 -4.30457 1.17805
O -1.02611 -8.90488 4.18275
O 0.87397 -8.04976 4.86193
C -1.11033 -9.76297 5.30481
C 1.9329 -8.02035 1.14745
C 2.66924 -9.31407 0.70807
C 1.50651 -10.16301 0.2255
C 0.33904 -9.27598 0.63258
O 0.82426 -8.0093 0.26989
H 2.12867 -8.56434 3.01711
H 0.69613 -10.16818 2.57675
H 2.69321 -7.21063 1.07299
H 3.33033 -9.11669 -0.16544
H 3.27 -9.75754 1.53031
H 1.51338 -10.1924 -0.8882
H 1.48601 -11.20181 0.61904
H -0.61114 -9.59393 0.1522
O -0.79067 -5.1379 4.47583
C -2.33412 -3.05592 0.61287
C -4.37195 -6.09769 3.83129
C -4.94897 -7.49567 3.95259
C -3.78466 -8.18347 4.58351
C -2.73911 -7.0516 4.61732
O -3.54389 -5.94898 4.94006
H -3.7949 -6.55771 1.78485
H -1.82434 -7.26572 2.32009
H -1.90116 -2.35191 1.35523
H -5.22355 -5.38609 3.75269
H -5.80842 -7.51644 4.66009
H -5.26325 -7.89857 2.96508
H -4.04962 -8.39392 5.64529
H -3.55715 -9.14194 4.10215
H -1.98806 -7.23402 5.41141
H -3.31406 -2.67251 0.25645
H -1.64406 -3.13202 -0.25228
H -1.01316 -9.17355 6.2393
H -0.28284 -10.50319 5.27199
H -2.07489 -10.30905 5.35106
H 2.81939 -5.12916 2.93149
H 1.44885 -4.34071 3.77183
H 1.22451 -4.63932 1.51797
H 1.08487 -5.92118 0.9984
$end

$opt
CONSTRAINT
tors           1           2           3           4    -123.158
tors           3           4           5           6     -66.316
tors           4           5           6           7    -123.158
tors           5           6           7           8     -47.368
tors           6           7           8           9     +85.263
tors           7           8           9          10      -9.474
tors           8           9          10          11     +66.316
tors           9          10          11          12    -180.000
tors          11          12          13          14    -161.053
ENDCONSTRAINT
$end

$rem
JOBTYPE                   OPT
METHOD                    B3LYP
DFT_D                     d3_op
BASIS                     STO-3G
GEOM_OPT_MAX_CYCLES       100
GEOM_OPT_TOL_GRADIENT     300
GEOM_OPT_TOL_DISPLACEMENT 1200
GEOM_OPT_TOL_ENERGY       100
SYMMETRY                  False
THRESH                    12
SCF_CONVERGENCE           8
MAX_SUB_FILE_NUM          128
MEM_STATIC                400
MEM_TOTAL                 4000
$end
