$molecule
0  1
O -3.94934 -3.66094 2.70899
C -3.26408 -4.56952 2.26188
C -3.36658 -6.02376 2.66595
C -2.27333 -6.57303 3.59705
C -1.29943 -5.56331 4.16282
O -0.28167 -5.35325 3.27656
C -0.01606 -6.48771 2.44487
C 1.44091 -6.91518 2.58855
O 1.70176 -8.05335 1.75225
C 2.91609 -8.06734 1.14862
C 3.07965 -6.96427 0.13022
C 2.97971 -7.41533 -1.3343
C 2.38846 -8.79187 -1.56287
O 2.44267 -9.72612 -0.77624
O -2.25978 -4.26854 1.39804
O 1.97695 -9.06065 -2.83183
O 3.71166 -8.98242 1.30166
C 1.48634 -10.27907 -3.2532
C 2.13821 -5.70267 -0.00517
C 2.86594 -4.56441 -0.7408
C 2.80521 -5.05273 -2.15966
C 2.04914 -6.35773 -1.95282
O 1.14777 -6.08226 -0.91959
H 4.08047 -6.54052 0.3673
H 3.96127 -7.42986 -1.85818
H 1.77029 -5.18486 0.88453
H 2.24736 -3.63883 -0.67615
H 3.88302 -4.3433 -0.35135
H 2.17144 -4.35456 -2.7521
H 3.7876 -5.18835 -2.66169
H 1.59294 -6.66592 -2.91826
O -1.54745 -4.76107 5.05221
C -1.96696 -2.99662 0.95433
C -4.64894 -6.21744 3.49812
C -5.03246 -7.69789 3.57261
C -4.05793 -8.16817 4.61827
C -3.22662 -6.89117 4.81458
O -4.21631 -5.89695 4.7875
H -3.44385 -6.59887 1.71718
H -1.99391 -7.63404 3.51912
H -1.70088 -2.34416 1.81324
H -5.5095 -5.63047 3.10684
H -6.06472 -7.82794 3.96743
H -4.94047 -8.19262 2.58145
H -4.61558 -8.33359 5.56873
H -3.4992 -9.09572 4.36868
H -2.68085 -6.98669 5.78216
H -2.83816 -2.57018 0.41271
H -1.10201 -3.04462 0.26113
H 1.22421 -10.21312 -4.32903
H 0.57314 -10.54235 -2.67771
H 2.25568 -11.06944 -3.12033
H 2.22224 -6.12807 2.59784
H 1.5086 -7.2891 3.63396
H -0.19122 -6.15499 1.40356
H -0.46577 -7.47487 2.45714
$end

$opt
CONSTRAINT
tors           1           2           3           4    -104.211
tors           3           4           5           6     -85.263
tors           4           5           6           7     -28.421
tors           5           6           7           8    -123.158
tors           6           7           8           9    -180.000
tors           7           8           9          10    +142.105
tors           8           9          10          11     -66.316
tors           9          10          11          12    -104.211
tors          11          12          13          14     -28.421
ENDCONSTRAINT
$end

$rem
JOBTYPE                   OPT
METHOD                    B3LYP
DFT_D                     d3_op
BASIS                     STO-3G
GEOM_OPT_MAX_CYCLES       100
GEOM_OPT_TOL_GRADIENT     300
GEOM_OPT_TOL_DISPLACEMENT 1200
GEOM_OPT_TOL_ENERGY       100
SYMMETRY                  False
THRESH                    12
SCF_CONVERGENCE           8
MAX_SUB_FILE_NUM          128
MEM_STATIC                400
MEM_TOTAL                 4000
$end
