$molecule
0  1
O -3.94934 -3.66094 2.70899
C -3.26408 -4.56952 2.26188
C -3.36658 -6.02376 2.66595
C -2.57813 -6.46456 3.91009
C -1.91791 -5.36653 4.71416
O -0.7029 -5.79197 5.1704
C 0.37884 -4.94763 4.76272
C 0.04505 -4.26809 3.43874
O 0.39131 -5.13157 2.34448
C 1.52308 -4.79947 1.6752
C 2.07048 -3.45082 2.07787
C 2.58469 -3.36599 3.5224
C 2.80858 -4.69104 4.22299
O 2.57302 -4.91878 5.40079
O -2.46056 -4.31235 1.19555
O 3.45861 -5.65611 3.5133
O 1.99559 -5.51452 0.80518
C 3.80063 -6.89764 4.00713
C 3.34923 -3.06212 1.29679
C 3.54185 -1.54514 1.328
C 3.93399 -1.34362 2.7753
C 3.99746 -2.80206 3.24365
O 4.40664 -3.50992 2.10036
H 1.32267 -2.67553 1.79042
H 2.07582 -2.65769 4.21325
H 3.35185 -3.41725 0.24314
H 4.42283 -1.31505 0.68644
H 2.67397 -0.94307 0.98283
H 4.94434 -0.8782 2.80288
H 3.22181 -0.74491 3.38334
H 4.66631 -2.8908 4.12927
O -2.47958 -4.3669 5.14366
C -2.27716 -3.06329 0.64013
C -4.80024 -6.39283 3.08978
C -5.01028 -7.90394 2.9864
C -4.20893 -8.38034 4.17867
C -3.73625 -7.04076 4.7501
O -4.80634 -6.16901 4.47697
H -3.07926 -6.62694 1.77476
H -1.82972 -7.25956 3.68622
H -1.8519 -2.36733 1.39456
H -5.57785 -5.8574 2.50155
H -6.08673 -8.11515 3.17722
H -4.71483 -8.3412 2.00838
H -4.90589 -8.86393 4.89929
H -3.36998 -9.07085 3.9451
H -3.46438 -7.15781 5.82289
H -3.24362 -2.66522 0.26395
H -1.56782 -3.14413 -0.20883
H 4.31847 -7.47369 3.21324
H 2.88889 -7.45301 4.31373
H 4.48508 -6.7891 4.87528
H -0.97614 -3.92849 3.24426
H 0.20653 -3.18176 3.4556
H 0.92777 -5.87965 4.48753
H 0.47671 -4.20482 5.59252
$end

$opt
CONSTRAINT
tors           1           2           3           4     -85.263
tors           3           4           5           6    -142.105
tors           4           5           6           7    +123.158
tors           5           6           7           8     -28.421
tors           6           7           8           9     -85.263
tors           7           8           9          10    -104.211
tors           8           9          10          11      -9.474
tors           9          10          11          12     +66.316
tors          11          12          13          14    -142.105
ENDCONSTRAINT
$end

$rem
JOBTYPE                   OPT
METHOD                    B3LYP
DFT_D                     d3_op
BASIS                     STO-3G
GEOM_OPT_MAX_CYCLES       100
GEOM_OPT_TOL_GRADIENT     300
GEOM_OPT_TOL_DISPLACEMENT 1200
GEOM_OPT_TOL_ENERGY       100
SYMMETRY                  False
THRESH                    12
SCF_CONVERGENCE           8
MAX_SUB_FILE_NUM          128
MEM_STATIC                400
MEM_TOTAL                 4000
$end
