$molecule
0  1
O -3.94934 -3.66094 2.70899
C -3.26408 -4.56952 2.26188
C -3.36658 -6.02376 2.66595
C -2.97353 -6.38153 4.10864
C -2.69204 -5.22192 5.03825
O -3.68403 -4.28933 4.93032
C -3.72097 -3.6522 3.64893
C -2.46505 -2.81161 3.44348
O -2.8275 -1.44934 3.16831
C -1.84504 -0.5344 3.36016
C -2.37214 0.87343 3.50448
C -1.40066 1.86408 4.1626
C 0.04388 1.41412 4.24942
O 1.00302 2.01748 3.79054
O -2.58199 -4.38423 1.087
O 0.28584 0.35688 5.07184
O -0.71987 -0.77201 2.93876
C 1.53727 -0.16688 5.32141
C -2.62731 1.58314 2.15941
C -3.67803 2.67427 2.35621
C -2.89376 3.67441 3.18282
C -1.50372 3.0246 3.15337
O -1.46649 2.34208 1.92327
H -3.33642 0.80697 4.05956
H -1.71686 2.13987 5.19254
H -2.93464 0.88975 1.34611
H -3.8708 3.11531 1.35177
H -4.64307 2.34761 2.8001
H -2.89716 4.64979 2.64777
H -3.24797 3.8086 4.22804
H -0.71754 3.79562 3.30918
O -1.83119 -5.20111 5.90327
C -2.64983 -3.26717 0.27603
C -4.82163 -6.53139 2.6281
C -4.84456 -8.05542 2.50477
C -4.4091 -8.45614 3.89899
C -4.27801 -7.07875 4.55598
O -5.28941 -6.32182 3.93614
H -2.76124 -6.61316 1.93952
H -2.116 -7.08688 4.18189
H -2.27526 -2.36303 0.79305
H -5.41908 -6.06816 1.81229
H -5.90316 -8.36933 2.36125
H -4.22394 -8.46115 1.67701
H -5.24051 -9.02046 4.37752
H -3.4703 -9.04852 3.95397
H -4.34769 -7.17122 5.66253
H -3.69672 -3.10112 -0.05473
H -2.01641 -3.43431 -0.61896
H 1.44025 -1.02255 6.02058
H 2.19082 0.60278 5.78445
H 1.9943 -0.52892 4.37552
H -1.9936 -2.76325 4.45694
H -1.55141 -3.13543 2.87306
H -4.35977 -2.77021 4.35155
H -4.3829 -2.78134 4.34878
$end

$opt
CONSTRAINT
tors           1           2           3           4     -66.316
tors           3           4           5           6     +47.368
tors           4           5           6           7     -66.316
tors           5           6           7           8     -66.316
tors           6           7           8           9    -123.158
tors           7           8           9          10    +161.053
tors           8           9          10          11    -161.053
tors           9          10          11          12    +161.053
tors          11          12          13          14    +123.158
ENDCONSTRAINT
$end

$rem
JOBTYPE                   OPT
METHOD                    B3LYP
DFT_D                     d3_op
BASIS                     STO-3G
GEOM_OPT_MAX_CYCLES       100
GEOM_OPT_TOL_GRADIENT     300
GEOM_OPT_TOL_DISPLACEMENT 1200
GEOM_OPT_TOL_ENERGY       100
SYMMETRY                  False
THRESH                    12
SCF_CONVERGENCE           8
MAX_SUB_FILE_NUM          128
MEM_STATIC                400
MEM_TOTAL                 4000
$end
