$molecule
0  1
O -3.94934 -3.66094 2.70899
C -3.26408 -4.56952 2.26188
C -3.36658 -6.02376 2.66595
C -3.85957 -6.32399 4.09097
C -4.36389 -5.14454 4.89263
O -3.42981 -4.78052 5.82021
C -2.90827 -5.88987 6.55953
C -1.39074 -5.94844 6.41889
O -0.79589 -4.80593 7.05426
C -1.06831 -3.60969 6.47639
C 0.11196 -2.66764 6.48933
C 0.26902 -1.8444 7.77615
C -0.5321 -2.3245 8.96963
O -0.86849 -3.4811 9.17862
O -2.22421 -4.25608 1.44495
O -1.0206 -1.34969 9.78059
O -1.70116 -3.44012 5.4493
C -1.81726 -1.5818 10.88226
C 1.48187 -3.38472 6.44165
C 2.55699 -2.43026 5.92243
C 2.68905 -1.48993 7.10107
C 1.74262 -2.16756 8.09821
O 1.84306 -3.53591 7.78968
H 0.06678 -1.9976 5.59571
H 0.11476 -0.7494 7.65047
H 1.46987 -4.31236 5.8281
H 3.49837 -3.01829 5.83014
H 2.33419 -1.94334 4.94873
H 3.73911 -1.53205 7.46686
H 2.39507 -0.43598 6.90542
H 2.01635 -1.88509 9.13959
O -5.33747 -4.4537 4.62921
C -1.92737 -2.97808 1.01989
C -4.49439 -6.70565 1.85703
C -4.27444 -8.21802 1.81973
C -4.64204 -8.58838 3.23976
C -5.07343 -7.21998 3.78032
O -5.64035 -6.58429 2.6628
H -2.4074 -6.52093 2.38854
H -3.03997 -6.94768 4.48241
H -1.70629 -2.32611 1.89203
H -4.58434 -6.31189 0.82015
H -5.03773 -8.65038 1.13367
H -3.26224 -8.53707 1.49034
H -5.51614 -9.27651 3.20821
H -3.82609 -9.04487 3.84062
H -5.73933 -7.3501 4.66248
H -2.77996 -2.55925 0.44357
H -1.03402 -3.01139 0.36318
H -2.06852 -0.61284 11.36024
H -1.27678 -2.2147 11.6183
H -2.75943 -2.08404 10.57481
H -1.03637 -6.8461 6.96793
H -1.06582 -6.0472 5.35982
H -3.41553 -6.87416 6.4432
H -3.11627 -5.69181 7.63317
$end

$opt
CONSTRAINT
tors           1           2           3           4     -28.421
tors           3           4           5           6    -104.211
tors           4           5           6           7     -47.368
tors           5           6           7           8    +123.158
tors           6           7           8           9     +66.316
tors           7           8           9          10     -66.316
tors           8           9          10          11    -142.105
tors           9          10          11          12     -85.263
tors          11          12          13          14     +28.421
ENDCONSTRAINT
$end

$rem
JOBTYPE                   OPT
METHOD                    B3LYP
DFT_D                     d3_op
BASIS                     STO-3G
GEOM_OPT_MAX_CYCLES       100
GEOM_OPT_TOL_GRADIENT     300
GEOM_OPT_TOL_DISPLACEMENT 1200
GEOM_OPT_TOL_ENERGY       100
SYMMETRY                  False
THRESH                    12
SCF_CONVERGENCE           8
MAX_SUB_FILE_NUM          128
MEM_STATIC                400
MEM_TOTAL                 4000
$end
