$molecule
0  1
O -3.94934 -3.66094 2.70899
C -3.26408 -4.56952 2.26188
C -3.36658 -6.02376 2.66595
C -4.25419 -6.35572 3.87665
C -5.08044 -5.22016 4.4387
O -4.30061 -4.10898 4.58886
C -5.05861 -2.89938 4.69644
C -5.38785 -2.36019 3.30828
O -6.48429 -1.43602 3.38959
C -7.54878 -1.85671 4.11693
C -8.83718 -1.8554 3.32909
C -9.08977 -3.12259 2.49922
C -8.22964 -4.32141 2.84523
O -8.60009 -5.30139 3.47529
O -2.4018 -4.29661 1.24829
O -7.36496 -4.59671 1.83628
O -7.58212 -1.73406 5.3339
C -7.6132 -5.5763 0.89473
C -10.12936 -1.82711 4.1825
C -11.27668 -1.24415 3.35851
C -11.5114 -2.36554 2.369
C -10.54358 -3.42066 2.91759
O -10.5116 -3.17442 4.30205
H -8.8277 -0.93373 2.70279
H -9.00813 -2.92406 1.40611
H -10.03 -1.25932 5.13281
H -12.15839 -1.17902 4.03617
H -11.09054 -0.24539 2.90836
H -12.56715 -2.70316 2.46568
H -11.28401 -2.12 1.30899
H -10.87099 -4.43798 2.60825
O -6.28073 -5.27655 4.6511
C -2.20862 -3.04031 0.71309
C -3.99664 -6.92618 1.59578
C -3.53559 -8.36945 1.79621
C -4.30478 -8.74272 3.04921
C -5.12501 -7.46601 3.26741
O -5.35111 -6.99411 1.96321
H -2.31816 -6.34321 2.86433
H -3.63523 -6.7162 4.72839
H -1.84015 -2.3436 1.49626
H -3.78438 -6.58927 0.55773
H -3.93614 -8.96589 0.94544
H -2.43451 -8.50793 1.85489
H -4.97806 -9.59468 2.8059
H -3.68028 -8.99432 3.93364
H -6.02848 -7.68801 3.87594
H -3.15985 -2.65576 0.28659
H -1.45256 -3.10166 -0.09622
H -6.76567 -5.62046 0.18045
H -8.53705 -5.3303 0.32897
H -7.74444 -6.56742 1.37805
H -4.59604 -1.68695 2.8618
H -5.9129 -3.08692 2.65064
H -4.44793 -2.12526 5.20725
H -5.86312 -3.10693 5.41748
$end

$opt
CONSTRAINT
tors           1           2           3           4      -9.474
tors           3           4           5           6     -47.368
tors           4           5           6           7    +161.053
tors           5           6           7           8     -85.263
tors           6           7           8           9    +161.053
tors           7           8           9          10     -47.368
tors           8           9          10          11    -123.158
tors           9          10          11          12     +85.263
tors          11          12          13          14    +104.211
ENDCONSTRAINT
$end

$rem
JOBTYPE                   OPT
METHOD                    B3LYP
DFT_D                     d3_op
BASIS                     STO-3G
GEOM_OPT_MAX_CYCLES       100
GEOM_OPT_TOL_GRADIENT     300
GEOM_OPT_TOL_DISPLACEMENT 1200
GEOM_OPT_TOL_ENERGY       100
SYMMETRY                  False
THRESH                    12
SCF_CONVERGENCE           8
MAX_SUB_FILE_NUM          128
MEM_STATIC                400
MEM_TOTAL                 4000
$end
