$molecule
0  1
O -3.94934 -3.66094 2.70899
C -3.26408 -4.56952 2.26188
C -3.36658 -6.02376 2.66595
C -4.77372 -6.64113 2.71769
C -5.90468 -5.78727 2.1886
O -6.56241 -6.45291 1.19375
C -7.25064 -7.61977 1.65639
C -6.48105 -8.87556 1.26033
O -6.10192 -8.80132 -0.12302
C -4.94592 -8.13893 -0.37607
C -4.36332 -8.46828 -1.72986
C -4.55442 -7.38205 -2.79845
C -4.96444 -6.016 -2.28613
O -5.30696 -5.76218 -1.14035
O -2.33934 -4.2915 1.30802
O -4.99288 -5.01702 -3.20764
O -4.33569 -7.4212 0.36801
C -5.34369 -3.71282 -2.92784
C -2.83121 -8.62464 -1.73518
C -2.40477 -9.48127 -2.92576
C -2.68334 -8.53 -4.07215
C -3.09774 -7.2745 -3.29526
O -2.35659 -7.35252 -2.10031
H -4.82537 -9.42498 -2.06763
H -5.27289 -7.66991 -3.59713
H -2.42997 -9.04733 -0.78792
H -1.30353 -9.6257 -2.84312
H -2.89862 -10.47377 -3.00252
H -1.73166 -8.3575 -4.62226
H -3.47919 -8.85406 -4.77729
H -2.92234 -6.36771 -3.9148
O -6.25005 -4.67816 2.57096
C -2.12023 -3.03601 0.78177
C -2.43789 -7.27673 2.61147
C -2.03177 -7.6626 4.02892
C -3.41863 -8.01753 4.58416
C -4.28831 -8.03581 3.27927
O -3.30502 -8.36985 2.33681
H -3.19095 -5.67266 3.71229
H -5.18214 -6.40284 3.72803
H -1.80846 -2.33332 1.58384
H -1.59559 -7.17301 1.89548
H -1.41482 -8.58604 3.94001
H -1.4705 -6.90458 4.61686
H -3.34057 -9.02069 5.05919
H -3.83025 -7.29544 5.32208
H -5.10272 -8.73054 3.55312
H -3.04386 -2.66123 0.29066
H -1.31236 -3.09541 0.02394
H -5.27947 -3.11126 -3.85757
H -4.6486 -3.28345 -2.17457
H -6.3857 -3.6701 -2.54475
H -5.6273 -9.2893 1.76543
H -7.21176 -9.70407 1.3759
H -8.23762 -7.62384 1.14608
H -7.45021 -7.63117 2.7537
$end

$opt
CONSTRAINT
tors           1           2           3           4     +47.368
tors           3           4           5           6    +123.158
tors           4           5           6           7     +66.316
tors           5           6           7           8    -104.211
tors           6           7           8           9     -47.368
tors           7           8           9          10     +85.263
tors           8           9          10          11    +161.053
tors           9          10          11          12    +104.211
tors          11          12          13          14      -9.474
ENDCONSTRAINT
$end

$rem
JOBTYPE                   OPT
METHOD                    B3LYP
DFT_D                     d3_op
BASIS                     STO-3G
GEOM_OPT_MAX_CYCLES       100
GEOM_OPT_TOL_GRADIENT     300
GEOM_OPT_TOL_DISPLACEMENT 1200
GEOM_OPT_TOL_ENERGY       100
SYMMETRY                  False
THRESH                    12
SCF_CONVERGENCE           8
MAX_SUB_FILE_NUM          128
MEM_STATIC                400
MEM_TOTAL                 4000
$end
