$molecule
0  1
O -3.94934 -3.66094 2.70899
C -3.26408 -4.56952 2.26188
C -3.36658 -6.02376 2.66595
C -4.66266 -6.76517 2.29943
C -5.63801 -6.02118 1.41441
O -5.2452 -4.71975 1.2825
C -4.64647 -4.43815 0.01306
C -5.2074 -5.37471 -1.052
O -5.60999 -6.61507 -0.45008
C -6.94674 -6.77917 -0.29094
C -7.68401 -5.47205 -0.12208
C -8.51222 -5.35773 1.16605
C -8.20812 -6.38254 2.24029
O -7.32472 -6.28828 3.0801
O -2.17153 -4.21866 1.51741
O -9.04118 -7.45735 2.29836
O -7.48265 -7.88172 -0.29839
C -8.92049 -8.48643 3.20817
C -7.45438 -3.85822 -0.15988
C -8.72635 -3.0657 -0.52469
C -9.47536 -3.08604 0.78494
C -8.50496 -3.90088 1.62144
O -7.27158 -3.44918 1.17595
H -8.3654 -5.56949 -0.99686
H -9.55848 -5.63311 0.8928
H -6.74659 -3.41599 -0.87546
H -8.43775 -2.00255 -0.71131
H -9.26843 -3.44858 -1.41166
H -9.50712 -2.0542 1.20585
H -10.50194 -3.50295 0.74004
H -8.71429 -3.7841 2.70758
O -6.25388 -6.59951 1.54757
C -1.83652 -2.9323 1.14116
C -2.30861 -6.93015 1.98952
C -2.08281 -8.19476 2.81593
C -3.35498 -8.95137 2.52219
C -4.03289 -7.98529 1.54899
O -2.95976 -7.41494 0.84432
H -3.19348 -6.0231 3.7661
H -5.09561 -7.12906 3.28326
H -1.58777 -2.32181 2.03225
H -1.3268 -6.43774 1.82311
H -1.23094 -8.75087 2.3619
H -1.87295 -8.01087 3.89115
H -3.08891 -9.88945 1.98452
H -3.98603 -9.19086 3.40452
H -4.77062 -8.55233 0.94033
H -2.67025 -2.45388 0.58785
H -0.95725 -2.97253 0.46581
H -9.7031 -9.24553 3.00379
H -9.05324 -8.1007 4.24098
H -7.92331 -8.96785 3.1108
H -5.94514 -5.00947 -1.79083
H -4.41726 -5.58971 -1.80879
H -3.62165 -4.82716 -0.03368
H -4.60244 -3.36363 -0.25517
$end

$opt
CONSTRAINT
tors           1           2           3           4     +66.316
tors           3           4           5           6      -9.474
tors           4           5           6           7    +104.211
tors           5           6           7           8     +28.421
tors           6           7           8           9     -28.421
tors           7           8           9          10    +104.211
tors           8           9          10          11     -28.421
tors           9          10          11          12    -123.158
tors          11          12          13          14     +85.263
ENDCONSTRAINT
$end

$rem
JOBTYPE                   OPT
METHOD                    B3LYP
DFT_D                     d3_op
BASIS                     STO-3G
GEOM_OPT_MAX_CYCLES       100
GEOM_OPT_TOL_GRADIENT     300
GEOM_OPT_TOL_DISPLACEMENT 1200
GEOM_OPT_TOL_ENERGY       100
SYMMETRY                  False
THRESH                    12
SCF_CONVERGENCE           8
MAX_SUB_FILE_NUM          128
MEM_STATIC                400
MEM_TOTAL                 4000
$end
