$molecule
0  1
O -3.94934 -3.66094 2.70899
C -3.26408 -4.56952 2.26188
C -3.36658 -6.02376 2.66595
C -4.41631 -6.88207 1.94122
C -5.12384 -6.23632 0.77054
O -5.1749 -4.8831 0.94829
C -3.99654 -4.21035 0.49208
C -4.10237 -3.91921 -1.00129
O -3.52759 -2.63536 -1.29155
C -4.17495 -1.90633 -2.2342
C -3.52311 -0.56908 -2.49408
C -4.49965 0.58884 -2.74682
C -5.94194 0.33377 -2.35767
O -6.85456 0.09602 -3.13559
O -1.95789 -4.21534 1.95737
O -6.18934 0.19333 -1.02646
O -4.98039 -2.38941 -3.02179
C -7.4223 -0.10864 -0.48778
C -2.6784 0.03907 -1.34637
C -1.65097 1.01049 -1.92826
C -2.54907 2.15272 -2.36184
C -3.89762 1.66152 -1.82464
O -3.55593 0.9145 -0.68008
H -2.86455 -0.72956 -3.37777
H -4.51003 0.87172 -3.82309
H -2.15899 -0.70948 -0.71108
H -1.02028 1.36057 -1.07945
H -0.99304 0.59588 -2.72201
H -2.22424 3.07552 -1.83192
H -2.58999 2.33557 -3.45757
H -4.5946 2.51356 -1.66465
O -5.94002 -6.82725 0.08084
C -1.4483 -2.93396 1.82982
C -2.09904 -6.87353 2.37912
C -2.08958 -8.13217 3.25101
C -3.14052 -8.96543 2.55543
C -3.52805 -8.02476 1.41524
O -2.32103 -7.38208 1.08906
H -3.54125 -6.01488 3.76508
H -5.20957 -7.26611 2.62068
H -0.63283 -2.79175 2.56789
H -1.13906 -6.33817 2.53748
H -1.10487 -8.63746 3.12788
H -2.27203 -7.93624 4.32955
H -2.64919 -9.8689 2.12923
H -4.00382 -9.26923 3.18605
H -4.00806 -8.60298 0.59495
H -2.21578 -2.14805 1.99158
H -1.03257 -2.8105 0.80848
H -7.33371 -0.15827 0.61683
H -7.77352 -1.09342 -0.86322
H -8.15826 0.68035 -0.75288
H -3.825 -4.70459 -1.75421
H -5.20701 -3.8346 -1.15951
H -3.11375 -4.86527 0.1267
H -4.14258 -3.10221 0.70477
$end

$opt
CONSTRAINT
tors           1           2           3           4     +85.263
tors           3           4           5           6     -28.421
tors           4           5           6           7     +85.263
tors           5           6           7           8     +85.263
tors           6           7           8           9    +142.105
tors           7           8           9          10    -142.105
tors           8           9          10          11    -180.000
tors           9          10          11          12    -142.105
tors          11          12          13          14    -104.211
ENDCONSTRAINT
$end

$rem
JOBTYPE                   OPT
METHOD                    B3LYP
DFT_D                     d3_op
BASIS                     STO-3G
GEOM_OPT_MAX_CYCLES       100
GEOM_OPT_TOL_GRADIENT     300
GEOM_OPT_TOL_DISPLACEMENT 1200
GEOM_OPT_TOL_ENERGY       100
SYMMETRY                  False
THRESH                    12
SCF_CONVERGENCE           8
MAX_SUB_FILE_NUM          128
MEM_STATIC                400
MEM_TOTAL                 4000
$end
