$molecule
0  1
O -3.94934 -3.66094 2.70899
C -3.26408 -4.56952 2.26188
C -3.36658 -6.02376 2.66595
C -3.18715 -7.07505 1.5585
C -2.74922 -6.56083 0.20502
O -1.38819 -6.453 0.16779
C -0.82843 -6.82234 -1.09693
C -1.25955 -5.8305 -2.17235
O -2.6766 -5.92582 -2.38626
C -3.40224 -6.33015 -1.3143
C -2.81791 -7.54431 -0.63237
C -3.79416 -8.31196 0.27092
C -5.26208 -7.98293 0.08743
O -6.18481 -8.48709 0.71109
O -1.96993 -4.14335 2.01996
O -5.7695 -7.66954 -1.14788
O -4.532 -5.80162 -1.28827
C -7.04442 -7.18311 -1.40969
C -2.84306 -8.61144 -1.94317
C -2.01622 -9.94131 -1.87246
C -2.75706 -10.62498 -0.74768
C -3.97065 -9.66888 -0.64135
O -4.09795 -9.1861 -1.9436
H -2.02404 -8.44253 -0.25476
H -3.63065 -9.14362 1.05724
H -2.58845 -8.1647 -2.92756
H -2.21637 -10.48944 -2.82286
H -0.91611 -9.92084 -1.73501
H -3.03023 -11.64901 -1.08598
H -2.21677 -10.68189 0.22308
H -4.82672 -10.3256 -0.33056
O -2.96348 -5.24651 0.32467
C -1.63798 -2.9215 1.45705
C -2.27406 -6.35472 3.70245
C -2.68777 -7.5615 4.54025
C -2.50033 -8.66003 3.52785
C -1.98892 -7.84344 2.33179
O -1.22527 -6.83386 2.92823
H -4.29726 -5.94978 3.33062
H -4.21658 -7.32214 2.05361
H -1.05941 -2.31444 2.18072
H -2.02871 -5.49641 4.36765
H -1.94245 -7.69438 5.35682
H -3.7073 -7.48448 4.97593
H -1.68582 -9.32668 3.89108
H -3.40539 -9.2656 3.31272
H -1.37932 -8.52427 1.70732
H -2.53908 -2.35425 1.1326
H -1.01787 -3.10249 0.55358
H -6.9676 -6.31625 -2.09875
H -7.54899 -6.82859 -0.48325
H -7.65546 -7.97107 -1.89389
H -1.02525 -4.79238 -1.84843
H -0.71907 -6.03294 -3.12105
H -0.55625 -7.84613 -1.41053
H 0.24359 -6.56014 -0.97003
$end

$opt
CONSTRAINT
tors           1           2           3           4    +142.105
tors           3           4           5           6     +85.263
tors           4           5           6           7    +142.105
tors           5           6           7           8     +66.316
tors           6           7           8           9     -66.316
tors           7           8           9          10     +28.421
tors           8           9          10          11     -47.368
tors           9          10          11          12    -161.053
tors          11          12          13          14    -180.000
ENDCONSTRAINT
$end

$rem
JOBTYPE                   OPT
METHOD                    B3LYP
DFT_D                     d3_op
BASIS                     STO-3G
GEOM_OPT_MAX_CYCLES       100
GEOM_OPT_TOL_GRADIENT     300
GEOM_OPT_TOL_DISPLACEMENT 1200
GEOM_OPT_TOL_ENERGY       100
SYMMETRY                  False
THRESH                    12
SCF_CONVERGENCE           8
MAX_SUB_FILE_NUM          128
MEM_STATIC                400
MEM_TOTAL                 4000
$end
