$molecule
0  1
O -3.94934 -3.66094 2.70899
C -3.26408 -4.56952 2.26188
C -3.36658 -6.02376 2.66595
C -2.76261 -7.06348 1.7078
C -1.9673 -6.5228 0.54022
O -1.496 -7.55614 -0.21839
C -0.40541 -7.18059 -1.06624
C -0.23838 -8.19845 -2.18972
O -1.50372 -8.80812 -2.48988
C -2.54478 -7.95083 -2.6327
C -3.19781 -7.59418 -1.31854
C -2.22449 -7.20066 -0.1978
C -0.80986 -6.87701 -0.63458
O -0.48191 -5.92251 -1.32446
O -1.98586 -4.10754 2.4973
O 0.28344 -6.69671 0.83434
O -2.76639 -7.44007 -3.72662
C 1.00025 -7.69619 1.48011
C -4.48865 -6.91607 -1.81978
C -5.49469 -6.66344 -0.72703
C -4.81768 -5.48384 -0.1742
C -3.45939 -5.63253 -0.91166
O -3.93122 -5.75217 -2.18946
H -3.71345 -8.62376 -1.38264
H -2.93563 -8.56461 0.22109
H -4.99775 -7.44454 -2.66632
H -6.50751 -6.37315 -1.08486
H -5.54584 -7.55511 -0.06493
H -5.28661 -4.56929 -0.61386
H -5.02319 -5.389 0.88818
H -2.96989 -4.63236 -0.85639
O -1.52101 -5.25671 0.7131
C -1.50809 -2.82126 2.27143
C -2.60237 -6.36003 3.96899
C -3.2368 -7.56772 4.651
C -2.83119 -8.66782 3.69668
C -1.93867 -7.88366 2.72318
O -1.37137 -6.87986 3.52802
H -4.45257 -6.16889 2.89789
H -3.77242 -7.54405 1.5293
H -1.19355 -2.36891 3.2336
H -2.54777 -5.50676 4.68044
H -2.6981 -7.71549 5.61477
H -4.32699 -7.48871 4.8499
H -2.23092 -9.41539 4.26196
H -3.66816 -9.17747 3.1727
H -1.26593 -8.6049 2.22651
H -2.26909 -2.17008 1.78807
H -0.6291 -2.87289 1.59599
H 0.79206 -7.68874 2.56586
H 2.08401 -7.49512 1.35599
H 0.77041 -8.69262 1.04803
H 0.68858 -8.65092 -2.83692
H 0.0772 -9.09806 -1.56832
H 1.02663 -7.51686 -0.97516
H -0.32998 -7.19695 -2.61821
$end

$opt
CONSTRAINT
tors           1           2           3           4    +161.053
tors           3           4           5           6    -180.000
tors           4           5           6           7    -161.053
tors           5           6           7           8    -161.053
tors           6           7           8           9     +28.421
tors           7           8           9          10     +47.368
tors           8           9          10          11     -85.263
tors           9          10          11          12     +47.368
tors          11          12          13          14     +66.316
ENDCONSTRAINT
$end

$rem
JOBTYPE                   OPT
METHOD                    B3LYP
DFT_D                     d3_op
BASIS                     STO-3G
GEOM_OPT_MAX_CYCLES       100
GEOM_OPT_TOL_GRADIENT     300
GEOM_OPT_TOL_DISPLACEMENT 1200
GEOM_OPT_TOL_ENERGY       100
SYMMETRY                  False
THRESH                    12
SCF_CONVERGENCE           8
MAX_SUB_FILE_NUM          128
MEM_STATIC                400
MEM_TOTAL                 4000
$end
