$molecule
0  1
O -3.94934 -3.66094 2.70899
C -3.26408 -4.56952 2.26188
C -3.36658 -6.02376 2.66595
C -3.08097 -7.07601 1.58195
C -2.55178 -6.55872 0.26269
O -2.86994 -7.431 -0.73897
C -3.45174 -6.79079 -1.87953
C -4.22465 -5.54885 -1.44786
O -3.66757 -4.38309 -2.0752
C -2.4407 -4.54886 -2.62878
C -1.6338 -3.2728 -2.66395
C -1.07244 -2.82428 -1.30675
C -1.08713 -3.86802 -0.20807
O -2.03921 -4.12215 0.51548
O -1.98509 -4.24812 2.70937
O 0.18041 -4.28963 0.12169
O -2.2532 -5.28076 -3.58957
C 0.71273 -4.93834 1.21924
C -0.3326 -3.30268 -3.51081
C -0.0004 -1.88756 -3.97975
C 0.40212 -1.24656 -2.6703
C 0.37169 -2.47153 -1.74758
O 0.69656 -3.54998 -2.5879
H -2.30451 -2.50311 -3.11101
H -1.58813 -1.92859 -0.89581
H -0.36817 -3.97842 -4.39189
H 0.90204 -1.96971 -4.6279
H -0.80091 -1.358 -4.53978
H 1.43514 -0.84768 -2.77956
H -0.27926 -0.45019 -2.30021
H 1.05281 -2.29601 -0.88608
O -1.35745 -6.36824 0.27913
C -1.50077 -3.01365 3.1329
C -2.40564 -6.55294 3.77786
C -2.9931 -7.79136 4.45807
C -2.78884 -8.83077 3.3787
C -2.07746 -7.99153 2.31643
O -1.31303 -7.08461 3.0703
H -4.39366 -6.12459 3.08438
H -4.02043 -7.6263 1.34278
H -0.42814 -3.11347 3.39573
H -2.17014 -5.79481 4.55682
H -2.33617 -8.04799 5.32015
H -4.0381 -7.67267 4.81602
H -2.09252 -9.60835 3.76555
H -3.71548 -9.31083 2.99703
H -1.51504 -8.64992 1.61837
H -2.04954 -2.67203 4.03592
H -1.60303 -2.25886 2.32482
H 1.48385 -4.28977 1.68225
H 1.20233 -5.87571 0.88274
H -0.02892 -5.19439 1.98135
H -5.22803 -5.62252 -1.92792
H -4.50426 -5.38305 -0.38622
H -4.3096 -7.48305 -2.03626
H -3.00067 -7.11802 -2.82942
$end

$opt
CONSTRAINT
tors           1           2           3           4    +146.662
tors           3           4           5           6    -154.432
tors           4           5           6           7    +131.415
tors           5           6           7           8     -30.301
tors           6           7           8           9    +119.599
tors           7           8           9          10     -14.960
tors           8           9          10          11    -152.227
tors           9          10          11          12     +74.015
tors          11          12          13          14     -84.120
ENDCONSTRAINT
$end

$rem
JOBTYPE                   OPT
METHOD                    B3LYP
DFT_D                     d3_op
BASIS                     STO-3G
GEOM_OPT_MAX_CYCLES       100
GEOM_OPT_TOL_GRADIENT     300
GEOM_OPT_TOL_DISPLACEMENT 1200
GEOM_OPT_TOL_ENERGY       100
SYMMETRY                  False
THRESH                    12
SCF_CONVERGENCE           8
MAX_SUB_FILE_NUM          128
MEM_STATIC                400
MEM_TOTAL                 4000
$end
