$molecule
0  1
O -3.94934 -3.66094 2.70899
C -3.26408 -4.56952 2.26188
C -3.36658 -6.02376 2.66595
C -3.19047 -6.35267 4.15748
C -3.10859 -5.17462 5.10278
O -2.49765 -5.55323 6.26417
C -1.64674 -6.69363 6.10703
C -1.41103 -7.36356 7.45676
O -2.36629 -8.41796 7.65326
C -3.65157 -8.01736 7.81671
C -4.07954 -6.98444 6.80154
C -3.98782 -7.43888 5.33752
C -3.83442 -8.93037 5.11698
O -4.49115 -9.6025 4.33499
O -2.31472 -4.22128 1.33692
O -3.25424 -9.88075 6.02317
O -4.3917 -8.62654 8.57971
C -3.20207 -11.25499 5.87463
C -5.59035 -6.77819 7.15246
C -6.22611 -5.56283 6.48042
C -6.31279 -6.0967 5.09451
C -5.6889 -7.48024 5.32176
O -6.15777 -7.85667 6.5632
H -4.01989 -6.05305 7.4295
H -3.12595 -8.05504 5.36458
H -5.82565 -6.71539 8.24857
H -7.25683 -5.42132 6.87888
H -5.65261 -4.62588 6.62319
H -7.39445 -6.22505 4.85534
H -5.85598 -5.48236 4.29604
H -6.27592 -8.14586 4.65677
O -3.81582 -4.18424 5.08158
C -2.09789 -2.93822 0.87921
C -4.1049 -6.49191 1.39322
C -3.59387 -7.81372 0.8325
C -3.54946 -8.52968 2.11382
C -4.29342 -7.38541 2.95898
O -5.15842 -6.72243 2.09481
H -2.35559 -6.24703 2.14478
H -2.13071 -6.51399 3.94905
H -1.81218 -2.27448 1.72303
H -4.30222 -5.79213 0.53968
H -4.37809 -8.21134 0.14826
H -2.60635 -7.76147 0.3249
H -4.07537 -9.50216 1.96932
H -2.51868 -8.66726 2.50994
H -5.10905 -7.99508 3.18738
H -3.01422 -2.54824 0.38688
H -1.27197 -2.95095 0.13886
H -2.67292 -11.69382 6.74514
H -2.64762 -11.51469 4.94806
H -4.22867 -11.67645 5.83303
H -0.40423 -7.83777 7.45131
H -1.43053 -6.63498 8.29883
H -0.68391 -6.14515 5.99865
H -1.29047 -7.44127 5.35537
$end

$opt
CONSTRAINT
tors           1           2           3           4     -56.911
tors           3           4           5           6    -158.630
tors           4           5           6           7     +23.910
tors           5           6           7           8    -159.395
tors           6           7           8           9     +93.706
tors           7           8           9          10     -68.138
tors           8           9          10          11     +46.428
tors           9          10          11          12     +59.559
tors          11          12          13          14    +131.685
ENDCONSTRAINT
$end

$rem
JOBTYPE                   OPT
METHOD                    B3LYP
DFT_D                     d3_op
BASIS                     STO-3G
GEOM_OPT_MAX_CYCLES       100
GEOM_OPT_TOL_GRADIENT     300
GEOM_OPT_TOL_DISPLACEMENT 1200
GEOM_OPT_TOL_ENERGY       100
SYMMETRY                  False
THRESH                    12
SCF_CONVERGENCE           8
MAX_SUB_FILE_NUM          128
MEM_STATIC                400
MEM_TOTAL                 4000
$end
