$molecule
0  1
O -3.94934 -3.66094 2.70899
C -3.26408 -4.56952 2.26188
C -3.36658 -6.02376 2.66595
C -2.18121 -6.62309 3.44025
C -1.10406 -5.65595 3.87899
O -0.09987 -6.33438 4.50888
C 1.05412 -5.52573 4.76116
C 1.46848 -4.79027 3.49092
O 2.31137 -3.67589 3.82347
C 2.53748 -2.79513 2.81735
C 3.92082 -2.1911 2.86395
C 4.46966 -1.72499 1.50756
C 3.45228 -1.59747 0.39159
O 3.29662 -0.61319 -0.31658
O -2.3039 -4.27964 1.34469
O 2.84955 -2.75623 0.00837
O 1.59458 -2.24156 2.2659
C 1.96217 -2.8652 -1.04208
C 3.98707 -0.8665 3.65438
C 5.40887 -0.65613 4.17074
C 6.14103 -0.37885 2.87248
C 4.95663 -0.31664 1.89823
O 3.88495 0.14653 2.68321
H 4.59428 -2.9267 3.36205
H 5.27324 -2.39793 1.13595
H 3.25888 -0.81619 4.49334
H 5.38971 0.27884 4.77605
H 5.83335 -1.47758 4.78707
H 6.6497 0.60653 2.96123
H 6.86788 -1.16033 2.56126
H 5.21997 0.30459 1.01426
O -1.35397 -4.48582 4.15343
C -2.02747 -3.01094 0.88093
C -4.5034 -6.26487 3.68338
C -4.93223 -7.7321 3.65755
C -3.75373 -8.38133 4.34875
C -2.91795 -7.14512 4.69043
O -3.87681 -6.1466 4.93541
H -3.59378 -6.58932 1.73467
H -1.6804 -7.44174 2.87618
H -1.71153 -2.3572 1.72191
H -5.39022 -5.61522 3.51559
H -5.82576 -7.83379 4.31439
H -5.1706 -8.12926 2.64743
H -4.11662 -8.86246 5.28446
H -3.18937 -9.11881 3.73799
H -2.22985 -7.37404 5.53373
H -2.9234 -2.58068 0.38455
H -1.20128 -3.06639 0.1431
H 1.62133 -3.91774 -1.12226
H 2.45644 -2.57484 -1.99365
H 1.07879 -2.2156 -0.86392
H 1.97721 -5.48669 2.78935
H 0.62054 -4.36749 2.92242
H 1.88859 -6.12447 5.18243
H 0.77035 -4.7658 5.52419
$end

$opt
CONSTRAINT
tors           1           2           3           4    -112.120
tors           3           4           5           6    -177.851
tors           4           5           6           7    +170.440
tors           5           6           7           8     -49.592
tors           6           7           8           9    +161.053
tors           7           8           9          10    -167.870
tors           8           9          10          11    -145.776
tors           9          10          11          12    +153.554
tors          11          12          13          14    +128.626
ENDCONSTRAINT
$end

$rem
JOBTYPE                   OPT
METHOD                    B3LYP
DFT_D                     d3_op
BASIS                     STO-3G
GEOM_OPT_MAX_CYCLES       100
GEOM_OPT_TOL_GRADIENT     300
GEOM_OPT_TOL_DISPLACEMENT 1200
GEOM_OPT_TOL_ENERGY       100
SYMMETRY                  False
THRESH                    12
SCF_CONVERGENCE           8
MAX_SUB_FILE_NUM          128
MEM_STATIC                400
MEM_TOTAL                 4000
$end
