$molecule
0  1
O -3.94934 -3.66094 2.70899
C -3.26408 -4.56952 2.26188
C -3.36658 -6.02376 2.66595
C -2.18121 -6.62309 3.44025
C -1.10406 -5.65595 3.87899
O -0.01311 -6.34699 4.32364
C 1.12734 -5.51248 4.55217
C 1.44241 -4.69883 3.30123
O 2.26743 -3.57418 3.64384
C 1.78692 -2.36275 3.26876
C 0.97341 -1.69201 4.34995
C 0.70708 -0.19631 4.12583
C 0.96927 0.3189 2.72493
O 0.18434 0.96993 2.05068
O -2.32415 -4.2827 1.32196
O 2.26461 0.26232 2.30919
O 1.492 -2.20949 2.08999
C 2.72444 0.77302 1.11303
C -0.35039 -2.0769 5.00239
C -0.53531 -1.4168 6.38817
C -0.9469 -0.02353 5.99664
C -0.79572 -0.12139 4.48974
O -1.29312 -1.41426 4.20429
H 1.70115 -1.76435 5.19066
H 1.32708 0.4479 4.79077
H -0.4125 -3.12041 5.25261
H -1.38347 -1.88388 6.93877
H 0.3815 -1.47686 7.01408
H -2.03218 0.10622 6.21153
H -0.37136 0.79614 6.47832
H -1.33681 0.72487 4.01338
O -1.26084 -4.45841 3.8693
C -2.05948 -3.01572 0.84584
C -4.4911 -6.26963 3.69908
C -4.92696 -7.73472 3.664
C -3.73735 -8.40006 4.32258
C -2.89714 -7.17179 4.68243
O -3.85096 -6.17311 4.94858
H -3.60673 -6.59176 1.73918
H -1.68002 -7.40449 2.82514
H -1.72547 -2.35716 1.67514
H -5.37748 -5.61472 3.55097
H -5.80549 -7.83529 4.34107
H -5.19368 -8.12306 2.65759
H -4.08696 -8.91104 5.24728
H -3.17711 -9.11517 3.68197
H -2.19441 -7.41126 5.51083
H -2.96652 -2.58851 0.36755
H -1.24897 -3.07325 0.09079
H 3.81439 0.58367 1.03206
H 2.54778 1.86904 1.07071
H 2.21036 0.27579 0.26287
H 1.99526 -5.36559 2.60607
H 0.59295 -4.3668 2.67943
H 2.00793 -6.10549 4.87758
H 0.88427 -4.83334 5.39282
$end

$opt
CONSTRAINT
tors           1           2           3           4    -112.120
tors           3           4           5           6    -168.700
tors           4           5           6           7    +170.440
tors           5           6           7           8     -53.982
tors           6           7           8           9    +161.053
tors           7           8           9          10    -124.740
tors           8           9          10          11     +92.869
tors           9          10          11          12    +165.246
tors          11          12          13          14    +128.626
ENDCONSTRAINT
$end

$rem
JOBTYPE                   OPT
METHOD                    B3LYP
DFT_D                     d3_op
BASIS                     STO-3G
GEOM_OPT_MAX_CYCLES       100
GEOM_OPT_TOL_GRADIENT     300
GEOM_OPT_TOL_DISPLACEMENT 1200
GEOM_OPT_TOL_ENERGY       100
SYMMETRY                  False
THRESH                    12
SCF_CONVERGENCE           8
MAX_SUB_FILE_NUM          128
MEM_STATIC                400
MEM_TOTAL                 4000
$end
