$molecule
0  1
O -3.94934 -3.66094 2.70899
C -3.26408 -4.56952 2.26188
C -3.36658 -6.02376 2.66595
C -2.93384 -7.07329 1.62908
C -2.28017 -6.548 0.37016
O -1.99551 -7.58478 -0.47214
C -1.52596 -7.15578 -1.75462
C -0.51728 -6.02325 -1.59318
O 0.79577 -6.48269 -1.95054
C 1.79746 -5.58768 -1.76427
C 2.8724 -5.67931 -2.82104
C 2.3624 -5.97347 -4.23937
C 0.87566 -5.7799 -4.46036
O 0.32018 -5.73947 -5.54864
O -2.04205 -4.18886 1.78754
O 0.48193 -4.66325 -3.77366
O 1.69066 -4.6053 -1.0388
C -0.46514 -3.72225 -4.16219
C 3.69289 -4.39482 -3.05319
C 5.0447 -4.75405 -3.66935
C 4.62026 -5.15914 -5.06635
C 3.11955 -4.85643 -4.99695
O 3.03918 -3.75723 -4.1203
H 3.54955 -6.49216 -2.47539
H 2.62844 -6.98172 -4.62543
H 3.84265 -3.78897 -2.13355
H 5.63694 -3.81331 -3.73765
H 5.63055 -5.51594 -3.1115
H 5.11825 -4.48027 -5.79402
H 4.8184 -6.21883 -5.33684
H 2.7145 -4.6903 -6.01949
O -2.72404 -5.51568 -0.12705
C -1.66624 -2.88985 1.51107
C -2.37903 -6.35022 3.80539
C -2.84615 -7.59128 4.56453
C -2.5447 -8.67216 3.54831
C -1.87909 -7.84007 2.44757
O -1.22454 -6.81179 3.14816
H -4.40489 -6.18623 3.03355
H -3.79192 -7.70906 1.31398
H -1.71134 -2.27085 2.43242
H -2.23348 -5.50263 4.51116
H -2.16269 -7.72334 5.43385
H -3.89655 -7.55625 4.92544
H -1.81037 -9.37901 3.99502
H -3.42847 -9.2306 3.1706
H -1.23082 -8.48825 1.81783
H -2.33256 -2.45865 0.73353
H -0.62459 -2.8874 1.1295
H -0.55422 -2.94891 -3.37182
H -1.4549 -4.20626 -4.30645
H -0.14829 -3.22737 -5.1049
H -0.89488 -5.16125 -2.14506
H -0.41286 -5.61057 -0.57161
H -2.40325 -6.76861 -2.32204
H -1.12907 -8.009 -2.34466
$end

$opt
CONSTRAINT
tors           1           2           3           4    +153.140
tors           3           4           5           6    -177.851
tors           4           5           6           7    +172.749
tors           5           6           7           8     +43.438
tors           6           7           8           9    +110.527
tors           7           8           9          10    -175.859
tors           8           9          10          11    -144.475
tors           9          10          11          12     +37.475
tors          11          12          13          14    +166.826
ENDCONSTRAINT
$end

$rem
JOBTYPE                   OPT
METHOD                    B3LYP
DFT_D                     d3_op
BASIS                     STO-3G
GEOM_OPT_MAX_CYCLES       100
GEOM_OPT_TOL_GRADIENT     300
GEOM_OPT_TOL_DISPLACEMENT 1200
GEOM_OPT_TOL_ENERGY       100
SYMMETRY                  False
THRESH                    12
SCF_CONVERGENCE           8
MAX_SUB_FILE_NUM          128
MEM_STATIC                400
MEM_TOTAL                 4000
$end
