$molecule
0  1
O -3.94934 -3.66094 2.70899
C -3.26408 -4.56952 2.26188
C -3.36658 -6.02376 2.66595
C -2.60389 -6.45765 3.92844
C -1.96908 -5.35422 4.74548
O -1.01125 -5.87726 5.56671
C -0.03519 -4.91431 5.97815
C 1.20545 -5.62007 6.51557
O 2.32262 -4.71741 6.5109
C 3.03651 -4.6791 5.3585
C 4.51134 -4.4486 5.5874
C 5.4254 -4.92598 4.44947
C 4.7392 -5.22375 3.13145
O 5.1659 -4.92226 2.02619
O -2.37758 -4.29271 1.27007
O 3.80505 -6.21421 3.17808
O 2.48742 -4.3429 4.31834
C 3.16197 -6.74138 2.07703
C 4.89683 -2.95596 5.64683
C 6.18678 -2.79724 6.44861
C 7.18764 -3.42194 5.49695
C 6.29078 -3.66256 4.27507
O 5.32718 -2.63985 4.34544
H 4.77642 -4.92103 6.56157
H 5.99935 -5.83612 4.7305
H 4.096 -2.31001 6.06882
H 6.3888 -1.70356 6.51094
H 6.17949 -3.22374 7.4747
H 7.97881 -2.67081 5.27889
H 7.64601 -4.37251 5.84646
H 6.90673 -3.68965 3.34967
O -2.12886 -4.15053 4.586
C -2.15917 -3.03327 0.75247
C -4.8031 -6.40126 3.08539
C -5.01047 -7.91051 2.95695
C -4.19025 -8.40942 4.12827
C -3.74681 -7.07908 4.74413
O -4.82087 -6.20956 4.47962
H -3.08625 -6.63167 1.77559
H -1.79925 -7.18139 3.66416
H -1.79906 -2.34925 1.55055
H -5.58276 -5.85945 2.50581
H -6.08474 -8.11677 3.16573
H -4.73977 -8.34004 1.96849
H -4.8675 -8.94868 4.82749
H -3.32574 -9.05582 3.86296
H -3.4794 -7.21663 5.81529
H -3.09621 -2.63358 0.30902
H -1.38646 -3.09511 -0.041
H 2.45082 -7.52402 2.4122
H 3.89939 -7.20099 1.38483
H 2.59497 -5.94505 1.54917
H 1.01656 -6.01461 7.53585
H 1.43584 -6.49611 5.8637
H -0.44372 -4.18389 6.7106
H 0.27881 -4.34868 5.07743
$end

$opt
CONSTRAINT
tors           1           2           3           4     -83.907
tors           3           4           5           6    -161.471
tors           4           5           6           7    +157.426
tors           5           6           7           8    -162.693
tors           6           7           8           9    +161.053
tors           7           8           9          10     -87.920
tors           8           9          10          11    -145.776
tors           9          10          11          12    +157.216
tors          11          12          13          14    +138.388
ENDCONSTRAINT
$end

$rem
JOBTYPE                   OPT
METHOD                    B3LYP
DFT_D                     d3_op
BASIS                     STO-3G
GEOM_OPT_MAX_CYCLES       100
GEOM_OPT_TOL_GRADIENT     300
GEOM_OPT_TOL_DISPLACEMENT 1200
GEOM_OPT_TOL_ENERGY       100
SYMMETRY                  False
THRESH                    12
SCF_CONVERGENCE           8
MAX_SUB_FILE_NUM          128
MEM_STATIC                400
MEM_TOTAL                 4000
$end
