$molecule
0  1
O -3.94934 -3.66094 2.70899
C -3.26408 -4.56952 2.26188
C -3.36658 -6.02376 2.66595
C -2.18121 -6.62309 3.44025
C -1.10406 -5.65595 3.87899
O -0.09987 -6.33438 4.50888
C 1.10348 -5.56941 4.63543
C 1.13086 -4.45642 3.59301
O 2.07416 -3.44533 3.98128
C 2.05846 -2.31479 3.23243
C 3.31358 -1.48928 3.38686
C 4.58244 -2.29375 3.70482
C 4.49288 -3.78852 3.47169
O 5.35905 -4.4782 2.95338
O -2.30116 -4.27816 1.34854
O 4.04307 -4.40315 4.61285
O 1.29987 -2.14768 2.28313
C 4.45305 -5.63841 5.09135
C 3.75348 -0.73565 2.11403
C 4.61723 0.463 2.50161
C 5.87734 -0.23633 2.96344
C 5.52062 -1.69094 2.63459
O 4.68551 -1.5933 1.50681
H 3.08868 -0.75169 4.18939
H 4.97437 -2.11955 4.73253
H 2.90883 -0.39754 1.47568
H 4.84345 1.01918 1.56347
H 4.16355 1.15959 3.23909
H 6.72343 0.1139 2.3312
H 6.12664 -0.10809 4.0391
H 6.45338 -2.28101 2.4989
O -1.51879 -4.62273 4.40202
C -2.03738 -3.01052 0.87451
C -4.50627 -6.27695 3.67811
C -4.93266 -7.7445 3.63374
C -3.75276 -8.40129 4.31654
C -2.92189 -7.16776 4.68028
O -3.8855 -6.17571 4.9348
H -3.5892 -6.58686 1.732
H -1.67649 -7.43405 2.86854
H -1.73813 -2.34387 1.7114
H -5.39288 -5.62586 3.51527
H -5.8255 -7.85415 4.2903
H -5.17242 -8.13103 2.61984
H -4.11602 -8.90103 5.24225
H -3.18347 -9.12478 3.69378
H -2.23478 -7.40508 5.52193
H -2.93508 -2.59772 0.36634
H -1.20447 -3.06174 0.14368
H 4.26119 -6.43209 4.33764
H 3.89833 -5.87348 6.02278
H 5.53853 -5.61374 5.32649
H 1.37078 -4.87752 2.59106
H 0.23127 -3.84779 3.45823
H 1.97497 -6.23326 4.51257
H 1.11207 -5.13335 5.6577
$end

$opt
CONSTRAINT
tors           1           2           3           4    -112.120
tors           3           4           5           6    -177.851
tors           4           5           6           7    +164.257
tors           5           6           7           8     -22.025
tors           6           7           8           9    +161.053
tors           7           8           9          10    -171.297
tors           8           9          10          11    -161.995
tors           9          10          11          12     +29.785
tors          11          12          13          14    +137.473
ENDCONSTRAINT
$end

$rem
JOBTYPE                   OPT
METHOD                    B3LYP
DFT_D                     d3_op
BASIS                     STO-3G
GEOM_OPT_MAX_CYCLES       100
GEOM_OPT_TOL_GRADIENT     300
GEOM_OPT_TOL_DISPLACEMENT 1200
GEOM_OPT_TOL_ENERGY       100
SYMMETRY                  False
THRESH                    12
SCF_CONVERGENCE           8
MAX_SUB_FILE_NUM          128
MEM_STATIC                400
MEM_TOTAL                 4000
$end
