$molecule
0  1
O -3.94934 -3.66094 2.70899
C -3.26408 -4.56952 2.26188
C -3.36658 -6.02376 2.66595
C -4.14974 -6.3427 3.95
C -4.89305 -5.19128 4.59017
O -5.49842 -5.6118 5.74
C -5.56834 -4.59407 6.74429
C -4.36084 -3.66829 6.63941
O -4.46641 -2.61443 7.60952
C -5.58686 -1.85499 7.52589
C -5.50045 -0.58702 8.34164
C -6.617 0.43262 8.0734
C -7.82382 -0.09155 7.32138
O -8.98785 0.03454 7.67311
O -2.43361 -4.3063 1.21899
O -7.63127 -0.18165 5.97092
O -6.40827 -2.05873 6.65777
C -8.58972 -0.48452 5.01941
C -5.66194 -0.81592 9.85437
C -4.98978 0.32529 10.61393
C -5.93208 1.46855 10.29503
C -7.03161 0.71514 9.53438
O -7.02383 -0.57186 10.10413
H -4.49967 -0.14273 8.13483
H -6.25855 1.34437 7.54595
H -5.26785 -1.79739 10.19776
H -5.07612 0.08393 11.69786
H -3.92228 0.50808 10.36505
H -6.3184 1.88055 11.25365
H -5.49909 2.28304 9.67473
H -7.99028 1.27423 9.60611
O -5.66009 -4.51047 3.92186
C -2.25097 -3.05551 0.66744
C -4.14221 -6.85989 1.63553
C -3.7608 -8.33399 1.76722
C -4.45941 -8.69229 3.06292
C -5.15615 -7.36598 3.38177
O -5.46534 -6.83983 2.11262
H -2.31758 -6.38535 2.76027
H -3.49692 -6.78606 4.73554
H -1.85429 -2.3544 1.43265
H -3.9917 -6.51346 0.58953
H -4.25425 -8.88598 0.93553
H -2.66767 -8.53292 1.74502
H -5.2207 -9.47458 2.84588
H -3.79359 -9.03046 3.88613
H -6.01997 -7.54081 4.05995
H -3.21255 -2.66956 0.26646
H -1.52056 -3.12779 -0.16427
H -8.26884 -1.38616 4.45786
H -8.68012 0.36367 4.31022
H -9.58706 -0.68964 5.46315
H -3.42266 -4.23804 6.8135
H -4.27475 -3.15307 5.65674
H -5.51276 -5.08652 7.7383
H -6.59971 -4.21291 6.69195
$end

$opt
CONSTRAINT
tors           1           2           3           4     -14.850
tors           3           4           5           6    -177.851
tors           4           5           6           7    +147.396
tors           5           6           7           8     -32.080
tors           6           7           8           9    +177.417
tors           7           8           9          10     -57.468
tors           8           9          10          11    -166.695
tors           9          10          11          12    +168.734
tors          11          12          13          14    +128.626
ENDCONSTRAINT
$end

$rem
JOBTYPE                   OPT
METHOD                    B3LYP
DFT_D                     d3_op
BASIS                     STO-3G
GEOM_OPT_MAX_CYCLES       100
GEOM_OPT_TOL_GRADIENT     300
GEOM_OPT_TOL_DISPLACEMENT 1200
GEOM_OPT_TOL_ENERGY       100
SYMMETRY                  False
THRESH                    12
SCF_CONVERGENCE           8
MAX_SUB_FILE_NUM          128
MEM_STATIC                400
MEM_TOTAL                 4000
$end
