$molecule
0  1
O -3.94934 -3.66094 2.70899
C -3.26408 -4.56952 2.26188
C -3.36658 -6.02376 2.66595
C -2.55844 -6.47003 3.89543
C -1.87872 -5.37628 4.68901
O -1.17369 -5.92304 5.72314
C -0.32888 -4.97916 6.38996
C 1.1311 -5.40344 6.26923
O 1.98175 -4.39919 6.84435
C 3.30548 -4.53742 6.58404
C 4.06617 -5.17191 7.72397
C 5.46001 -5.70156 7.35662
C 6.02557 -5.21433 6.03774
O 6.42426 -4.0807 5.81303
O -2.24765 -4.26614 1.41275
O 6.21427 -6.16881 5.08844
O 3.69352 -4.42578 5.43115
C 6.76151 -5.93139 3.84496
C 4.42404 -4.20393 8.86652
C 4.62619 -4.99584 10.15763
C 5.92609 -5.71604 9.84953
C 6.28088 -5.08032 8.49921
O 5.73669 -3.78296 8.58027
H 3.42837 -5.99476 8.12155
H 5.47172 -6.81466 7.3405
H 3.67033 -3.40013 9.01475
H 4.81538 -4.251 10.96384
H 3.78142 -5.65163 10.45963
H 6.67151 -5.4422 10.62866
H 5.84808 -6.82175 9.76557
H 7.3752 -5.14166 8.30847
O -1.89803 -4.18207 4.42019
C -1.96083 -2.99258 0.96814
C -4.79142 -6.36709 3.16061
C -5.04636 -7.86869 3.03254
C -4.17259 -8.39809 4.14875
C -3.67574 -7.08299 4.7573
O -4.73955 -6.18754 4.55431
H -3.17797 -6.63382 1.75382
H -1.76891 -7.20179 3.61265
H -1.71412 -2.33342 1.82782
H -5.58782 -5.80419 2.62532
H -6.11188 -8.04427 3.30522
H -4.85035 -8.30129 2.02795
H -4.81871 -8.94307 4.87252
H -3.33018 -9.04776 3.82637
H -3.36923 -7.2426 5.81435
H -2.82853 -2.57699 0.41245
H -1.08634 -3.03344 0.28692
H 6.79592 -6.88241 3.27502
H 7.79587 -5.53966 3.94995
H 6.13775 -5.20128 3.28611
H 1.30219 -6.39328 6.74612
H 1.34559 -5.4868 5.17939
H -0.6075 -4.94776 7.46456
H -0.38378 -3.92981 6.0265
$end

$opt
CONSTRAINT
tors           1           2           3           4     -86.317
tors           3           4           5           6    -178.365
tors           4           5           6           7    +170.440
tors           5           6           7           8    -118.363
tors           6           7           8           9    +175.333
tors           7           8           9          10    -168.381
tors           8           9          10          11     -99.644
tors           9          10          11          12    +163.996
tors          11          12          13          14     +71.500
ENDCONSTRAINT
$end

$rem
JOBTYPE                   OPT
METHOD                    B3LYP
DFT_D                     d3_op
BASIS                     STO-3G
GEOM_OPT_MAX_CYCLES       100
GEOM_OPT_TOL_GRADIENT     300
GEOM_OPT_TOL_DISPLACEMENT 1200
GEOM_OPT_TOL_ENERGY       100
SYMMETRY                  False
THRESH                    12
SCF_CONVERGENCE           8
MAX_SUB_FILE_NUM          128
MEM_STATIC                400
MEM_TOTAL                 4000
$end
