$molecule
0  1
O -3.94934 -3.66094 2.70899
C -3.26408 -4.56952 2.26188
C -3.36658 -6.02376 2.66595
C -2.18121 -6.62309 3.44025
C -1.10406 -5.65595 3.87899
O 0.06776 -6.32751 4.08217
C 1.2033 -5.46146 4.18093
C 0.8044 -4.14463 4.83892
O 1.9035 -3.62799 5.6057
C 1.60102 -2.60354 6.44125
C 2.76544 -1.67037 6.67359
C 2.3778 -0.2306 7.04112
C 0.93851 -0.02212 7.46735
O 0.04383 -0.84969 7.37117
O -2.36819 -4.29064 1.27628
O 0.62948 1.21716 7.93331
O 0.91003 -2.94408 7.39521
C -0.6289 1.60126 8.3468
C 3.64724 -2.05547 7.8756
C 5.04224 -1.4585 7.70049
C 4.74834 0.01275 7.91478
C 3.26338 -0.05427 8.29196
O 3.13171 -1.2967 8.941
H 3.38142 -1.67898 5.74468
H 2.60029 0.50599 6.23803
H 3.71105 -3.15366 8.03834
H 5.66085 -1.8251 8.55099
H 5.55194 -1.70591 6.74452
H 5.35827 0.3695 8.77431
H 4.91506 0.66545 7.03057
H 2.9822 0.83781 8.89365
O -1.24656 -4.47117 3.64508
C -2.14754 -3.03079 0.7603
C -4.49058 -6.25799 3.7023
C -4.92633 -7.72371 3.68719
C -3.74068 -8.37747 4.36291
C -2.89695 -7.14416 4.69499
O -3.84872 -6.14076 4.94813
H -3.61359 -6.59338 1.7421
H -1.69386 -7.43471 2.85287
H -1.79559 -2.34581 1.56119
H -5.37778 -5.60617 3.54526
H -5.80971 -7.8177 4.35879
H -5.18375 -8.12428 2.68314
H -4.09262 -8.86079 5.30157
H -3.18521 -9.11381 3.7426
H -2.19124 -7.37022 5.52515
H -3.08135 -2.63297 0.30866
H -1.36749 -3.09142 -0.02598
H -0.59587 2.6596 8.67739
H -0.96051 0.97018 9.19894
H -1.35191 1.51068 7.50809
H 0.53679 -3.3402 4.11543
H 0.02254 -4.35685 5.60972
H 1.73658 -5.3244 3.21641
H 1.89636 -5.98426 4.87465
$end

$opt
CONSTRAINT
tors           1           2           3           4    -112.120
tors           3           4           5           6    -157.290
tors           4           5           6           7    +165.737
tors           5           6           7           8     +33.424
tors           6           7           8           9    +147.463
tors           7           8           9          10    -167.870
tors           8           9          10          11    -150.953
tors           9          10          11          12    +153.554
tors          11          12          13          14     -10.244
ENDCONSTRAINT
$end

$rem
JOBTYPE                   OPT
METHOD                    B3LYP
DFT_D                     d3_op
BASIS                     STO-3G
GEOM_OPT_MAX_CYCLES       100
GEOM_OPT_TOL_GRADIENT     300
GEOM_OPT_TOL_DISPLACEMENT 1200
GEOM_OPT_TOL_ENERGY       100
SYMMETRY                  False
THRESH                    12
SCF_CONVERGENCE           8
MAX_SUB_FILE_NUM          128
MEM_STATIC                400
MEM_TOTAL                 4000
$end
