$molecule
0  1
O -3.94934 -3.66094 2.70899
C -3.26408 -4.56952 2.26188
C -3.36658 -6.02376 2.66595
C -3.60908 -6.32408 4.15419
C -3.89915 -5.13537 5.04353
O -3.02941 -5.12046 6.0965
C -3.21808 -3.99972 6.96689
C -4.58626 -4.07847 7.63622
O -4.49421 -3.61842 8.99371
C -5.57501 -3.87609 9.77127
C -5.46574 -3.26999 11.15017
C -6.80779 -2.96115 11.82972
C -8.02751 -3.61367 11.21068
O -9.11348 -3.74729 11.75601
O -2.24286 -4.25982 1.42044
O -8.14181 -3.41236 9.86522
O -6.22541 -4.89989 9.58401
C -9.20641 -3.77015 9.05494
C -4.83755 -4.22661 12.18293
C -4.23767 -3.41669 13.33064
C -5.49653 -2.9078 14.00358
C -6.56264 -3.64892 13.1868
O -5.93355 -4.84845 12.80593
H -4.82508 -2.36149 11.07012
H -7.01541 -1.87181 11.91351
H -4.07226 -4.90454 11.74522
H -3.73993 -4.14482 14.01087
H -3.50629 -2.63263 13.03876
H -5.49129 -3.25193 15.06161
H -5.64837 -1.80748 13.9588
H -7.49495 -3.75869 13.78353
O -4.85218 -4.37834 4.89888
C -1.96316 -2.98542 0.97331
C -4.64683 -6.6523 2.06992
C -4.49497 -8.17099 1.98475
C -4.59267 -8.54543 3.44837
C -4.88709 -7.17348 4.06416
O -5.62333 -6.50508 3.0709
H -2.49236 -6.56599 2.23856
H -2.76047 -6.90307 4.58613
H -1.73022 -2.32032 1.83223
H -4.90892 -6.24128 1.06971
H -5.39653 -8.56116 1.45983
H -3.5833 -8.53016 1.46082
H -5.46297 -9.22627 3.58002
H -3.67974 -9.00679 3.8833
H -5.38753 -7.28847 5.05148
H -2.82956 -2.58003 0.40807
H -1.08242 -3.02121 0.29985
H -8.8378 -4.43957 8.25041
H -9.63451 -2.8582 8.59095
H -10.008 -4.30485 9.60758
H -5.39488 -3.5613 7.07712
H -4.8243 -5.16679 7.6816
H -3.03644 -3.01528 6.48212
H -2.44663 -4.12785 7.75648
$end

$opt
CONSTRAINT
tors           1           2           3           4     -39.261
tors           3           4           5           6    -125.780
tors           4           5           6           7    +178.388
tors           5           6           7           8     +64.684
tors           6           7           8           9    +142.434
tors           7           8           9          10    -167.870
tors           8           9          10          11    -175.253
tors           9          10          11          12    +153.554
tors          11          12          13          14    +162.400
ENDCONSTRAINT
$end

$rem
JOBTYPE                   OPT
METHOD                    B3LYP
DFT_D                     d3_op
BASIS                     STO-3G
GEOM_OPT_MAX_CYCLES       100
GEOM_OPT_TOL_GRADIENT     300
GEOM_OPT_TOL_DISPLACEMENT 1200
GEOM_OPT_TOL_ENERGY       100
SYMMETRY                  False
THRESH                    12
SCF_CONVERGENCE           8
MAX_SUB_FILE_NUM          128
MEM_STATIC                400
MEM_TOTAL                 4000
$end
