$molecule
0  1
O -3.94934 -3.66094 2.70899
C -3.26408 -4.56952 2.26188
C -3.36658 -6.02376 2.66595
C -2.05964 -6.74391 3.03628
C -0.81946 -5.88328 3.13304
O -0.36499 -5.58185 1.88083
C 0.5206 -4.45735 1.85871
C -0.26196 -3.17732 1.58442
O 0.61138 -2.04073 1.67558
C 1.28771 -1.91732 2.84455
C 2.18462 -0.70284 2.88
C 2.90374 -0.46799 4.21641
C 2.91079 -1.63949 5.17778
O 3.48259 -1.6665 6.25801
O -2.77763 -4.41278 1.00334
O 2.89149 -2.88176 4.60506
O 0.70173 -2.27155 3.86515
C 3.08035 -4.08372 5.26139
C 3.38451 -0.80035 1.9188
C 3.88421 0.60397 1.58429
C 4.50231 1.00644 2.90861
C 4.34439 -0.30134 3.69366
O 4.43164 -1.30379 2.70956
H 1.5539 0.17098 2.59762
H 2.53354 0.42192 4.77076
H 3.15988 -1.36386 0.98695
H 4.69832 0.48697 0.83325
H 3.11835 1.30385 1.18618
H 5.57686 1.23871 2.73729
H 4.00515 1.85424 3.42796
H 5.09853 -0.35659 4.5098
O -0.27442 -5.55482 4.18179
C -3.17531 -3.39769 0.14961
C -4.16917 -6.20722 3.97213
C -4.71821 -7.63116 4.05734
C -3.45215 -8.40151 4.35511
C -2.44394 -7.25223 4.44438
O -3.19107 -6.18874 4.97945
H -3.90393 -6.54065 1.83878
H -1.81787 -7.60755 2.37697
H -2.95083 -2.40259 0.59033
H -5.0042 -5.48234 4.08745
H -5.38219 -7.68487 4.94979
H -5.28022 -7.96651 3.15921
H -3.56176 -8.88493 5.35168
H -3.16601 -9.16129 3.59607
H -1.56105 -7.57683 5.0384
H -4.26588 -3.47445 -0.04789
H -2.63722 -3.49794 -0.81537
H 2.99347 -4.91391 4.53108
H 2.30408 -4.21415 6.04522
H 4.09139 -4.1199 5.71999
H -0.66595 -3.21457 0.55912
H -1.07443 -3.05694 2.33081
H 1.24365 -4.59641 1.02714
H 1.16325 -4.42705 2.76276
$end

$opt
CONSTRAINT
tors           1           2           3           4    -130.585
tors           3           4           5           6     -76.760
tors           4           5           6           7    +161.394
tors           5           6           7           8     -92.909
tors           6           7           8           9    +175.136
tors           7           8           9          10     -55.477
tors           8           9          10          11    -179.839
tors           9          10          11          12    +176.232
tors          11          12          13          14    +176.402
ENDCONSTRAINT
$end

$rem
JOBTYPE                   OPT
METHOD                    B3LYP
DFT_D                     d3_op
BASIS                     STO-3G
GEOM_OPT_MAX_CYCLES       100
GEOM_OPT_TOL_GRADIENT     300
GEOM_OPT_TOL_DISPLACEMENT 1200
GEOM_OPT_TOL_ENERGY       100
SYMMETRY                  False
THRESH                    12
SCF_CONVERGENCE           8
MAX_SUB_FILE_NUM          128
MEM_STATIC                400
MEM_TOTAL                 4000
$end
