$molecule
0  1
O -3.94934 -3.66094 2.70899
C -3.26408 -4.56952 2.26188
C -3.36658 -6.02376 2.66595
C -2.18121 -6.62309 3.44025
C -1.10406 -5.65595 3.87899
O -0.0962 -6.33533 4.50195
C 0.97566 -5.48719 4.92741
C 2.15354 -5.60625 3.96586
O 3.12402 -4.5869 4.25218
C 3.5603 -3.87964 3.18046
C 5.0652 -3.76756 3.12254
C 5.63975 -3.48094 1.72754
C 4.6455 -3.00144 0.68915
O 4.91578 -2.32108 -0.28994
O -2.34831 -4.28745 1.29663
O 3.57317 -3.82866 0.52076
O 2.83327 -2.99345 2.75132
C 2.58283 -3.71942 -0.43991
C 5.61593 -2.56701 3.91546
C 7.06985 -2.83326 4.29953
C 7.7411 -2.73279 2.94475
C 6.55278 -2.28911 2.08189
O 5.74748 -1.5428 2.96187
H 5.48497 -4.70714 3.55043
H 6.19009 -4.34388 1.29255
H 5.01427 -2.3229 4.81831
H 7.39938 -1.97252 4.92495
H 7.25792 -3.77859 4.85256
H 8.51692 -1.93699 2.99708
H 8.18579 -3.6773 2.5628
H 6.9179 -1.74764 1.18164
O -1.09579 -4.44932 3.66965
C -2.11341 -3.02599 0.7911
C -4.49456 -6.26593 3.69558
C -4.9322 -7.73036 3.66268
C -3.74612 -8.39434 4.32751
C -2.90518 -7.16554 4.68431
O -3.85798 -6.16523 4.94557
H -3.60728 -6.59173 1.73936
H -1.67606 -7.41719 2.84567
H -1.77618 -2.34555 1.60203
H -5.38005 -5.61082 3.54283
H -5.81378 -7.82879 4.33608
H -5.19452 -8.12052 2.65581
H -4.09959 -8.89957 5.25396
H -3.18567 -9.11434 3.69263
H -2.21069 -7.40652 5.51886
H -3.03647 -2.62349 0.32189
H -1.3169 -3.08548 0.0212
H 1.59825 -3.63405 0.0648
H 2.58254 -4.63365 -1.06822
H 2.71449 -2.83257 -1.09546
H 2.60868 -6.61353 4.07496
H 1.7726 -5.51335 2.92059
H 1.28875 -5.7671 5.95539
H 0.70551 -4.4102 5.00165
$end

$opt
CONSTRAINT
tors           1           2           3           4    -112.120
tors           3           4           5           6    -177.498
tors           4           5           6           7    +178.989
tors           5           6           7           8    -102.418
tors           6           7           8           9    +169.664
tors           7           8           9          10    -131.231
tors           8           9          10          11    -131.488
tors           9          10          11          12    +157.457
tors          11          12          13          14    +154.408
ENDCONSTRAINT
$end

$rem
JOBTYPE                   OPT
METHOD                    B3LYP
DFT_D                     d3_op
BASIS                     STO-3G
GEOM_OPT_MAX_CYCLES       100
GEOM_OPT_TOL_GRADIENT     300
GEOM_OPT_TOL_DISPLACEMENT 1200
GEOM_OPT_TOL_ENERGY       100
SYMMETRY                  False
THRESH                    12
SCF_CONVERGENCE           8
MAX_SUB_FILE_NUM          128
MEM_STATIC                400
MEM_TOTAL                 4000
$end
