$molecule
0  1
O -3.94934 -3.66094 2.70899
C -3.26408 -4.56952 2.26188
C -3.36658 -6.02376 2.66595
C -2.29005 -6.56525 3.62079
C -1.33425 -5.54902 4.20544
O -0.22138 -6.18013 4.68358
C 0.74445 -5.27842 5.23436
C 1.4428 -4.50973 4.11742
O 2.40765 -3.60405 4.67571
C 2.9869 -2.75252 3.79337
C 4.04272 -1.87778 4.4264
C 4.80802 -0.97547 3.4474
C 4.18562 -0.81164 2.07536
O 3.95113 0.25513 1.5262
O -2.24401 -4.26703 1.41698
O 4.34598 -1.88735 1.25164
O 2.59664 -2.7223 2.6378
C 4.02674 -1.9051 -0.0913
C 3.48942 -0.84323 5.42079
C 4.58547 -0.45479 6.4102
C 5.51076 0.33843 5.50896
C 4.68587 0.35906 4.21516
O 3.35028 0.33161 4.66023
H 4.74644 -2.56821 4.94532
H 5.86422 -1.29229 3.29937
H 2.58139 -1.18919 5.96117
H 4.12263 0.24105 7.14647
H 5.06264 -1.29782 6.95475
H 5.61603 1.36253 5.93099
H 6.51335 -0.11166 5.34199
H 4.97614 1.2362 3.59625
O -1.68562 -4.43276 4.57343
C -1.93645 -2.9909 0.99467
C -4.62877 -6.28344 3.52104
C -5.00581 -7.76453 3.47232
C -3.91901 -8.35862 4.34021
C -3.1798 -7.08705 4.76454
O -4.19367 -6.1177 4.84621
H -3.46054 -6.61123 1.72541
H -1.69154 -7.38618 3.16432
H -1.67785 -2.35209 1.86627
H -5.50193 -5.66748 3.21221
H -5.98026 -7.88164 3.99853
H -5.08617 -8.1914 2.44947
H -4.39637 -8.83212 5.2271
H -3.25076 -9.08892 3.83471
H -2.6061 -7.27158 5.70009
H -2.79708 -2.5508 0.44705
H -1.0623 -3.03423 0.3131
H 4.25262 -2.9091 -0.50523
H 4.62814 -1.1491 -0.6398
H 2.94409 -1.69658 -0.22847
H 1.93631 -5.21861 3.41551
H 0.66844 -3.92969 3.56726
H 1.51852 -5.879 5.75732
H 0.29302 -4.59955 5.99323
$end

$opt
CONSTRAINT
tors           1           2           3           4    -102.951
tors           3           4           5           6    -161.683
tors           4           5           6           7    +178.989
tors           5           6           7           8     -73.041
tors           6           7           8           9    +179.833
tors           7           8           9          10    -172.737
tors           8           9          10          11    -176.951
tors           9          10          11          12    +175.286
tors          11          12          13          14    +127.927
ENDCONSTRAINT
$end

$rem
JOBTYPE                   OPT
METHOD                    B3LYP
DFT_D                     d3_op
BASIS                     STO-3G
GEOM_OPT_MAX_CYCLES       100
GEOM_OPT_TOL_GRADIENT     300
GEOM_OPT_TOL_DISPLACEMENT 1200
GEOM_OPT_TOL_ENERGY       100
SYMMETRY                  False
THRESH                    12
SCF_CONVERGENCE           8
MAX_SUB_FILE_NUM          128
MEM_STATIC                400
MEM_TOTAL                 4000
$end
