$molecule
0  1
O -3.94934 -3.66094 2.70899
C -3.26408 -4.56952 2.26188
C -3.36658 -6.02376 2.66595
C -2.11927 -6.66857 3.29229
C -0.96693 -5.74092 3.60798
O 0.18122 -6.46385 3.76459
C 1.32536 -5.65012 4.04397
C 1.19156 -4.29888 3.34944
O 2.24578 -3.42222 3.77722
C 2.14813 -2.13971 3.34738
C 3.32146 -1.28717 3.76825
C 3.49463 0.01435 2.9718
C 2.30249 0.44395 2.14056
O 1.77748 1.54757 2.17162
O -2.3354 -4.28404 1.31142
O 1.97983 -0.38139 1.10645
O 1.04735 -1.63876 3.1446
C 0.98759 -0.12695 0.18235
C 3.19525 -0.72306 5.19867
C 4.5882 -0.42785 5.75045
C 4.98428 0.75876 4.89394
C 3.66997 1.00394 4.14019
O 2.67241 0.57281 5.03406
H 4.23071 -1.92984 3.71847
H 4.36824 -0.03227 2.28517
H 2.63779 -1.39259 5.88972
H 4.44626 -0.07919 6.79884
H 5.30591 -1.27619 5.74456
H 5.23194 1.60903 5.5673
H 5.82004 0.57434 4.18448
H 3.60875 2.06521 3.81365
O -1.26418 -4.82989 4.3778
C -2.06351 -3.01484 0.84513
C -4.3944 -6.27703 3.79034
C -4.85748 -7.73413 3.75855
C -3.62533 -8.43552 4.29148
C -2.72779 -7.23176 4.59134
O -3.63522 -6.22564 4.97372
H -3.6876 -6.56581 1.74806
H -1.7203 -7.47155 2.63098
H -1.71189 -2.36922 1.67843
H -5.27618 -5.60163 3.74231
H -5.67522 -7.8423 4.50674
H -5.21652 -8.08841 2.76836
H -3.89677 -8.95159 5.23936
H -3.1469 -9.15494 3.59225
H -1.95043 -7.50203 5.33967
H -2.97198 -2.57279 0.38316
H -1.26341 -3.07218 0.07882
H 0.93959 -0.96747 -0.54001
H 1.21013 0.80968 -0.37203
H 0.00456 -0.03856 0.6926
H 1.24642 -4.44844 2.2479
H 0.29049 -3.71816 3.52775
H 2.25463 -6.17097 3.73101
H 1.36974 -5.48118 5.14205
$end

$opt
CONSTRAINT
tors           1           2           3           4    -119.109
tors           3           4           5           6    -161.683
tors           4           5           6           7    +178.989
tors           5           6           7           8     -32.179
tors           6           7           8           9    +172.150
tors           7           8           9          10    -172.737
tors           8           9          10          11    -176.951
tors           9          10          11          12    +161.837
tors          11          12          13          14    +127.927
ENDCONSTRAINT
$end

$rem
JOBTYPE                   OPT
METHOD                    B3LYP
DFT_D                     d3_op
BASIS                     STO-3G
GEOM_OPT_MAX_CYCLES       100
GEOM_OPT_TOL_GRADIENT     300
GEOM_OPT_TOL_DISPLACEMENT 1200
GEOM_OPT_TOL_ENERGY       100
SYMMETRY                  False
THRESH                    12
SCF_CONVERGENCE           8
MAX_SUB_FILE_NUM          128
MEM_STATIC                400
MEM_TOTAL                 4000
$end
