$molecule
0  1
O -3.94934 -3.66094 2.70899
C -3.26408 -4.56952 2.26188
C -3.36658 -6.02376 2.66595
C -2.13975 -6.65183 3.34733
C -1.0131 -5.70956 3.7091
O 0.0435 -6.41859 4.20537
C 1.16292 -5.59495 4.54858
C 1.48505 -4.64164 3.40247
O 2.50782 -3.71795 3.80698
C 2.69746 -2.65941 2.98074
C 3.83281 -1.76589 3.42035
C 4.16184 -0.61601 2.45714
C 3.1118 -0.3124 1.4074
O 2.22707 0.52487 1.51126
O -2.32824 -4.28352 1.31861
O 3.23666 -0.98738 0.23244
O 2.06462 -2.55311 1.93914
C 2.39956 -0.82248 -0.85151
C 3.54325 -1.00551 4.72515
C 4.86147 -0.61719 5.3914
C 5.35257 0.45324 4.43867
C 4.15467 0.54159 3.48463
O 3.04742 0.23637 4.29802
H 4.71618 -2.43 3.55895
H 5.15267 -0.68608 1.9563
H 2.90172 -1.57228 5.43481
H 4.60649 -0.13852 6.36417
H 5.57016 -1.45438 5.56984
H 5.47129 1.40113 5.00924
H 6.29237 0.21363 3.89573
H 4.13418 1.53905 2.99169
O -1.28481 -4.59596 4.1508
C -2.06238 -3.01589 0.84531
C -4.43633 -6.2594 3.75321
C -4.88434 -7.72135 3.74403
C -3.67282 -8.39082 4.35513
C -2.79677 -7.16926 4.64374
O -3.72367 -6.15976 4.96025
H -3.6541 -6.5764 1.74362
H -1.70045 -7.48022 2.74697
H -1.72481 -2.36098 1.67701
H -5.32312 -5.59655 3.65024
H -5.73678 -7.81995 4.45374
H -5.18856 -8.10509 2.74647
H -3.9801 -8.86605 5.31353
H -3.16365 -9.13806 3.70883
H -2.05381 -7.41203 5.43517
H -2.97017 -2.58548 0.37109
H -1.25462 -3.07276 0.08702
H 2.72783 -1.49511 -1.67016
H 2.44203 0.22754 -1.21194
H 1.35588 -1.08205 -0.57207
H 1.81642 -5.21767 2.51036
H 0.61655 -4.03224 3.09614
H 2.03898 -6.22977 4.79777
H 0.90733 -4.99345 5.44966
$end

$opt
CONSTRAINT
tors           1           2           3           4    -116.551
tors           3           4           5           6    -175.212
tors           4           5           6           7    +178.900
tors           5           6           7           8     -48.692
tors           6           7           8           9    +173.539
tors           7           8           9          10    -167.515
tors           8           9          10          11    -176.951
tors           9          10          11          12    +175.286
tors          11          12          13          14     +94.041
ENDCONSTRAINT
$end

$rem
JOBTYPE                   OPT
METHOD                    B3LYP
DFT_D                     d3_op
BASIS                     STO-3G
GEOM_OPT_MAX_CYCLES       100
GEOM_OPT_TOL_GRADIENT     300
GEOM_OPT_TOL_DISPLACEMENT 1200
GEOM_OPT_TOL_ENERGY       100
SYMMETRY                  False
THRESH                    12
SCF_CONVERGENCE           8
MAX_SUB_FILE_NUM          128
MEM_STATIC                400
MEM_TOTAL                 4000
$end
