$molecule
0  1
O -3.94934 -3.66094 2.70899
C -3.26408 -4.56952 2.26188
C -3.36658 -6.02376 2.66595
C -2.52709 -6.47906 3.87086
C -1.81614 -5.39245 4.64669
O -0.81725 -5.93875 5.40115
C -0.08058 -4.96595 6.14963
C 0.82033 -4.15948 5.22006
O 1.55393 -3.18272 5.97548
C 1.51907 -1.91916 5.48421
C 2.6091 -1.03864 6.0474
C 3.55119 -0.42546 5.00111
C 3.06969 -0.48092 3.56522
O 3.00403 0.47211 2.80233
O -2.1931 -4.2569 1.48644
O 2.8889 -1.72665 3.04889
O 0.66472 -1.50183 4.71017
C 2.50135 -1.98655 1.75101
C 2.09137 0.23531 6.74383
C 3.12305 0.71222 7.76414
C 4.23038 1.18887 6.84418
C 3.54024 1.03891 5.48149
O 2.1753 1.24058 5.76203
H 3.18291 -1.63888 6.79194
H 4.55482 -0.90436 5.02017
H 1.0988 0.10129 7.22681
H 2.67839 1.59675 8.27468
H 3.43175 -0.03115 8.53026
H 4.44293 2.25588 7.07657
H 5.16835 0.5934 6.88208
H 3.99639 1.7338 4.74283
O -2.31918 -4.3006 4.8894
C -1.85647 -2.97541 1.1036
C -4.78221 -6.34731 3.19792
C -5.05532 -7.84827 3.09779
C -4.17348 -8.3676 4.21158
C -3.63641 -7.0487 4.77454
O -4.69333 -6.14292 4.58478
H -3.20983 -6.63183 1.74685
H -1.78127 -7.25958 3.5973
H -1.64862 -2.35093 1.99892
H -5.58495 -5.78441 2.67206
H -6.11886 -8.01364 3.38383
H -4.87087 -8.29351 2.09651
H -4.819 -8.87019 4.96606
H -3.35767 -9.05238 3.89379
H -3.29842 -7.18932 5.82547
H -2.68118 -2.52361 0.51194
H -0.94282 -3.01153 0.4754
H 2.42753 -3.08399 1.60705
H 3.25046 -1.58084 1.03802
H 1.50671 -1.53307 1.55193
H 1.54433 -4.86205 4.75447
H 0.22154 -3.72882 4.38871
H 0.5706 -5.49665 6.87636
H -0.7565 -4.30912 6.74298
$end

$opt
CONSTRAINT
tors           1           2           3           4     -88.028
tors           3           4           5           6    -161.683
tors           4           5           6           7    +178.989
tors           5           6           7           8     -73.041
tors           6           7           8           9    +179.833
tors           7           8           9          10    -130.545
tors           8           9          10          11    -162.681
tors           9          10          11          12    +121.700
tors          11          12          13          14    +127.927
ENDCONSTRAINT
$end

$rem
JOBTYPE                   OPT
METHOD                    B3LYP
DFT_D                     d3_op
BASIS                     STO-3G
GEOM_OPT_MAX_CYCLES       100
GEOM_OPT_TOL_GRADIENT     300
GEOM_OPT_TOL_DISPLACEMENT 1200
GEOM_OPT_TOL_ENERGY       100
SYMMETRY                  False
THRESH                    12
SCF_CONVERGENCE           8
MAX_SUB_FILE_NUM          128
MEM_STATIC                400
MEM_TOTAL                 4000
$end
