$molecule
0  1
O -3.94934 -3.66094 2.70899
C -3.26408 -4.56952 2.26188
C -3.36658 -6.02376 2.66595
C -2.16673 -6.63251 3.41002
C -1.0726 -5.67349 3.82384
O 0.1433 -6.28855 3.7305
C 1.23853 -5.4213 4.0429
C 1.93371 -4.97038 2.76246
O 2.77628 -3.83963 3.03517
C 3.44851 -3.34237 1.96747
C 4.37123 -2.20361 2.33146
C 5.24523 -1.68531 1.18004
C 4.82866 -2.11685 -0.2117
O 4.74479 -1.38309 -1.18594
O -2.30613 -4.27968 1.34279
O 4.96905 -3.44994 -0.46146
O 2.9022 -3.42267 0.8747
C 4.81074 -4.03812 -1.69981
C 3.62941 -0.90937 2.72527
C 4.53028 -0.06322 3.62189
C 5.58253 0.37976 2.62505
C 4.98029 -0.1735 1.32647
O 3.59128 -0.14135 1.5476
H 4.98096 -2.54756 3.19808
H 6.31425 -1.966 1.30418
H 2.65147 -1.09217 3.22197
H 3.93146 0.82533 3.92634
H 4.92218 -0.56616 4.53199
H 5.61055 1.49192 2.61711
H 6.60194 -0.02887 2.79716
H 5.34965 0.41207 0.45627
O -1.29198 -4.60498 4.38497
C -2.03255 -3.0107 0.87801
C -4.48445 -6.25337 3.70472
C -4.91026 -7.72248 3.70916
C -3.72784 -8.35384 4.40942
C -2.87812 -7.11286 4.69211
O -3.83083 -6.10863 4.93892
H -3.60977 -6.58443 1.73595
H -1.71656 -7.50245 2.87859
H -1.71777 -2.35584 1.71864
H -5.37493 -5.60751 3.54158
H -5.80379 -7.82322 4.36583
H -5.14207 -8.13147 2.70216
H -4.07936 -8.78405 5.37398
H -3.1859 -9.12982 3.82688
H -2.16518 -7.32126 5.52105
H -2.92984 -2.58239 0.38226
H -1.20644 -3.06443 0.1396
H 4.97587 -5.13103 -1.60666
H 5.55037 -3.62518 -2.4187
H 3.78055 -3.86223 -2.07685
H 2.49644 -5.81745 2.31085
H 1.13416 -4.64429 2.05846
H 1.95428 -5.9343 4.71912
H 0.94164 -4.49698 4.58611
$end

$opt
CONSTRAINT
tors           1           2           3           4    -113.578
tors           3           4           5           6    -144.868
tors           4           5           6           7    +177.060
tors           5           6           7           8    -103.020
tors           6           7           8           9    +164.336
tors           7           8           9          10    -179.809
tors           8           9          10          11    -176.951
tors           9          10          11          12    +174.971
tors          11          12          13          14    +133.879
ENDCONSTRAINT
$end

$rem
JOBTYPE                   OPT
METHOD                    B3LYP
DFT_D                     d3_op
BASIS                     STO-3G
GEOM_OPT_MAX_CYCLES       100
GEOM_OPT_TOL_GRADIENT     300
GEOM_OPT_TOL_DISPLACEMENT 1200
GEOM_OPT_TOL_ENERGY       100
SYMMETRY                  False
THRESH                    12
SCF_CONVERGENCE           8
MAX_SUB_FILE_NUM          128
MEM_STATIC                400
MEM_TOTAL                 4000
$end
