$molecule
0  1
O -3.94934 -3.66094 2.70899
C -3.26408 -4.56952 2.26188
C -3.36658 -6.02376 2.66595
C -2.44801 -6.5039 3.80153
C -1.65729 -5.43716 4.52605
O -0.5846 -6.00174 5.15534
C 0.22865 -5.04802 5.84693
C 0.75604 -4.0012 4.87115
O 1.31425 -2.89389 5.59582
C 1.67829 -1.82735 4.84142
C 2.36182 -0.74541 5.64319
C 3.38456 0.09159 4.86106
C 3.31826 -0.02558 3.35157
O 3.3802 0.90805 2.56476
O -2.19852 -4.25785 1.47887
O 3.54689 -1.27229 2.85382
O 1.13774 -1.59488 3.76536
C 3.65344 -1.5737 1.51174
C 1.39862 0.36824 6.10892
C 1.97055 1.04512 7.35277
C 3.15746 1.77401 6.75468
C 2.92008 1.50458 5.26246
O 1.52301 1.38798 5.14782
H 2.80344 -1.21925 6.55054
H 4.42819 -0.15046 5.15913
H 0.36634 0.00471 6.30645
H 1.21632 1.79792 7.67738
H 2.20766 0.37798 8.20921
H 3.06123 2.85585 6.99546
H 4.15443 1.39677 7.07032
H 3.39551 2.30162 4.6499
O -2.17794 -4.39085 4.90205
C -1.86618 -2.97672 1.0914
C -4.74339 -6.32715 3.30402
C -5.05138 -7.82191 3.21176
C -4.09543 -8.36898 4.24853
C -3.49383 -7.06579 4.78202
O -4.5456 -6.13988 4.68213
H -3.29257 -6.6274 1.73373
H -1.73975 -7.29332 3.46142
H -1.65367 -2.35026 1.98426
H -5.57447 -5.74587 2.84681
H -6.09228 -7.97058 3.57886
H -4.9547 -8.26051 2.19535
H -4.68928 -8.87066 5.04488
H -3.31796 -9.06243 3.86107
H -3.07777 -7.22293 5.80211
H -2.69531 -2.52719 0.5042
H -0.95673 -3.01288 0.45729
H 3.83266 -2.66236 1.39717
H 4.50534 -1.02161 1.06047
H 2.71151 -1.30871 0.98553
H 1.50615 -4.45469 4.18629
H -0.0627 -3.59915 4.24413
H 1.07584 -5.55669 6.35303
H -0.38249 -4.55222 6.63526
$end

$opt
CONSTRAINT
tors           1           2           3           4     -92.557
tors           3           4           5           6    -159.231
tors           4           5           6           7    +178.989
tors           5           6           7           8     -59.156
tors           6           7           8           9    +167.237
tors           7           8           9          10    -172.737
tors           8           9          10          11    -175.214
tors           9          10          11          12    +150.447
tors          11          12          13          14    +135.722
ENDCONSTRAINT
$end

$rem
JOBTYPE                   OPT
METHOD                    B3LYP
DFT_D                     d3_op
BASIS                     STO-3G
GEOM_OPT_MAX_CYCLES       100
GEOM_OPT_TOL_GRADIENT     300
GEOM_OPT_TOL_DISPLACEMENT 1200
GEOM_OPT_TOL_ENERGY       100
SYMMETRY                  False
THRESH                    12
SCF_CONVERGENCE           8
MAX_SUB_FILE_NUM          128
MEM_STATIC                400
MEM_TOTAL                 4000
$end
