$molecule
0  1
O -3.94934 -3.66094 2.70899
C -3.26408 -4.56952 2.26188
C -3.36658 -6.02376 2.66595
C -2.29005 -6.56525 3.62079
C -1.33425 -5.54902 4.20544
O -0.41563 -6.17766 4.99687
C 0.54149 -5.28073 5.57017
C 1.6019 -4.91325 4.53739
O 2.55706 -4.01045 5.1166
C 3.52241 -3.56423 4.27509
C 4.74333 -3.05009 5.00012
C 5.90936 -2.63546 4.09086
C 5.57199 -2.45511 2.62445
O 5.83022 -1.46586 1.95418
O -2.27838 -4.27292 1.37408
O 5.42211 -3.62211 1.93391
O 3.33252 -3.60406 3.07144
C 5.29798 -3.71553 0.56217
C 4.50399 -1.75334 5.79217
C 5.53175 -1.64945 6.91653
C 6.79415 -1.38374 6.12084
C 6.20811 -1.25196 4.70877
O 4.91775 -0.73007 4.92062
H 5.05984 -3.86471 5.69106
H 6.77609 -3.33039 4.15152
H 3.47268 -1.66562 6.19821
H 5.27923 -0.73479 7.49978
H 5.58069 -2.51978 7.60577
H 7.22712 -0.41824 6.46481
H 7.56266 -2.18561 6.16606
H 6.88485 -0.63799 4.07491
O -1.36102 -4.3382 4.02007
C -2.00917 -3.00354 0.90705
C -4.62234 -6.29014 3.5318
C -5.00921 -7.76713 3.45815
C -3.90574 -8.38864 4.28574
C -3.1675 -7.12979 4.75019
O -4.17805 -6.15964 4.85958
H -3.47282 -6.61303 1.72759
H -1.66605 -7.33693 3.11678
H -1.73459 -2.33519 1.75101
H -5.4958 -5.66395 3.24535
H -5.97026 -7.8826 4.00915
H -5.12467 -8.17779 2.4321
H -4.36789 -8.91076 5.15302
H -3.23338 -9.08356 3.73738
H -2.59453 -7.34281 5.6792
H -2.89593 -2.59497 0.37689
H -1.15806 -3.05019 0.19721
H 5.18154 -4.78184 0.27968
H 6.2058 -3.31165 0.06534
H 4.40138 -3.15482 0.2215
H 2.11019 -5.8372 4.18085
H 1.10275 -4.4202 3.67528
H 1.05991 -5.81236 6.39611
H 0.05651 -4.38438 6.0209
$end

$opt
CONSTRAINT
tors           1           2           3           4    -102.951
tors           3           4           5           6    -178.183
tors           4           5           6           7    +178.989
tors           5           6           7           8     -78.557
tors           6           7           8           9    +179.833
tors           7           8           9          10    -177.296
tors           8           9          10          11    -159.283
tors           9          10          11          12    +175.423
tors          11          12          13          14    +127.927
ENDCONSTRAINT
$end

$rem
JOBTYPE                   OPT
METHOD                    B3LYP
DFT_D                     d3_op
BASIS                     STO-3G
GEOM_OPT_MAX_CYCLES       100
GEOM_OPT_TOL_GRADIENT     300
GEOM_OPT_TOL_DISPLACEMENT 1200
GEOM_OPT_TOL_ENERGY       100
SYMMETRY                  False
THRESH                    12
SCF_CONVERGENCE           8
MAX_SUB_FILE_NUM          128
MEM_STATIC                400
MEM_TOTAL                 4000
$end
