$molecule
0  1
O -3.94934 -3.66094 2.70899
C -3.26408 -4.56952 2.26188
C -3.36658 -6.02376 2.66595
C -2.38696 -6.52544 3.7395
C -1.5335 -5.47622 4.41688
O -0.3481 -6.02712 4.81281
C 0.52392 -5.08821 5.45099
C 1.31078 -4.30621 4.40435
O 2.18091 -3.36329 5.04985
C 2.54355 -2.29477 4.29759
C 3.75045 -1.57147 4.84612
C 4.54708 -0.76406 3.81085
C 3.84532 -0.5048 2.49289
O 3.93845 0.5178 1.82943
O -2.20992 -4.26061 1.46233
O 3.47524 -1.62596 1.81244
O 1.70108 -1.71619 3.62094
C 2.96613 -1.63886 0.52974
C 3.3884 -0.46032 5.85254
C 4.57768 -0.20379 6.77549
C 5.54673 0.44819 5.80977
C 4.65321 0.57465 4.56863
O 3.35471 0.72054 5.08987
H 4.38645 -2.32541 5.36522
H 5.52986 -1.22799 3.57512
H 2.47678 -0.68534 6.44843
H 4.24619 0.55855 7.51692
H 4.97338 -1.08947 7.31755
H 5.82333 1.44745 6.2132
H 6.4616 -0.14152 5.5838
H 5.01454 1.40495 3.92317
O -1.96621 -4.40065 4.81745
C -1.88221 -2.98103 1.06598
C -4.70859 -6.30228 3.38228
C -5.04435 -7.79277 3.3196
C -4.04848 -8.3445 4.31445
C -3.38747 -7.04784 4.78933
O -4.42587 -6.1032 4.74278
H -3.35332 -6.62237 1.72787
H -1.7341 -7.35414 3.38157
H -1.65684 -2.35188 1.9537
H -5.55559 -5.71201 2.96781
H -6.06887 -7.92685 3.73497
H -4.99813 -8.23683 2.30198
H -4.61128 -8.80927 5.1547
H -3.31519 -9.07121 3.90277
H -2.91536 -7.20287 5.78534
H -2.7191 -2.53282 0.48891
H -0.98143 -3.01987 0.41961
H 2.74584 -2.68594 0.23718
H 3.70697 -1.2172 -0.18263
H 2.02484 -1.05022 0.48757
H 1.90211 -4.98913 3.75651
H 0.55371 -3.78862 3.77379
H 1.26273 -5.66137 6.05015
H -0.00678 -4.42312 6.16995
$end

$opt
CONSTRAINT
tors           1           2           3           4     -96.314
tors           3           4           5           6    -150.894
tors           4           5           6           7    +179.316
tors           5           6           7           8     -83.778
tors           6           7           8           9    +179.833
tors           7           8           9          10    -156.111
tors           8           9          10          11    -162.799
tors           9          10          11          12    +155.955
tors          11          12          13          14    +143.888
ENDCONSTRAINT
$end

$rem
JOBTYPE                   OPT
METHOD                    B3LYP
DFT_D                     d3_op
BASIS                     STO-3G
GEOM_OPT_MAX_CYCLES       100
GEOM_OPT_TOL_GRADIENT     300
GEOM_OPT_TOL_DISPLACEMENT 1200
GEOM_OPT_TOL_ENERGY       100
SYMMETRY                  False
THRESH                    12
SCF_CONVERGENCE           8
MAX_SUB_FILE_NUM          128
MEM_STATIC                400
MEM_TOTAL                 4000
$end
