$molecule
0  1
O -3.94934 -3.66094 2.70899
C -3.26408 -4.56952 2.26188
C -3.36658 -6.02376 2.66595
C -2.24262 -6.5882 3.55024
C -1.23505 -5.59128 4.07849
O -0.08971 -6.23893 4.44482
C 0.92432 -5.35564 4.93552
C 1.61693 -4.65283 3.77256
O 2.02209 -3.33329 4.16946
C 2.51277 -2.55061 3.17658
C 2.98845 -1.20458 3.6691
C 3.65714 -0.32453 2.60295
C 3.43776 -0.74761 1.16435
O 2.80469 -0.11821 0.3291
O -2.26341 -4.27082 1.39254
O 4.24205 -1.7549 0.72234
O 2.5606 -2.96966 2.03043
C 4.28767 -2.20272 -0.582
C 1.8564 -0.28548 4.158
C 2.42097 0.73336 5.14514
C 3.24134 1.60275 4.2137
C 2.87139 0.98188 2.86015
O 1.55523 0.51767 3.04465
H 3.6967 -1.41189 4.50359
H 4.75051 -0.18598 2.75419
H 1.00324 -0.83567 4.61169
H 1.55903 1.32951 5.52217
H 2.97668 0.30824 6.0085
H 2.86447 2.64699 4.28819
H 4.33948 1.57911 4.38424
H 3.01546 1.72959 2.04925
O -1.53923 -4.46802 4.46675
C -1.96435 -2.99653 0.95861
C -4.58137 -6.2713 3.58873
C -4.97731 -7.74807 3.55864
C -3.85376 -8.35545 4.36849
C -3.07269 -7.09432 4.74569
O -4.06772 -6.11188 4.8861
H -3.51388 -6.60303 1.72722
H -1.6915 -7.42488 3.06343
H -1.68543 -2.35465 1.82168
H -5.46332 -5.64472 3.33066
H -5.92493 -7.85776 4.13316
H -5.11277 -8.16982 2.53948
H -4.28861 -8.81444 5.28448
H -3.22814 -9.10144 3.83236
H -2.44829 -7.2868 5.64661
H -2.83668 -2.55771 0.42874
H -1.10574 -3.04325 0.25776
H 5.02239 -3.03037 -0.65671
H 4.60478 -1.38079 -1.25881
H 3.28973 -2.58066 -0.89129
H 2.44282 -5.26831 3.35173
H 0.85439 -4.51283 2.97278
H 1.68726 -5.91281 5.5188
H 0.48616 -4.62408 5.65305
$end

$opt
CONSTRAINT
tors           1           2           3           4    -106.641
tors           3           4           5           6    -159.765
tors           4           5           6           7    +178.989
tors           5           6           7           8     -78.113
tors           6           7           8           9    +147.457
tors           7           8           9          10    -172.737
tors           8           9          10          11    -176.951
tors           9          10          11          12    +175.286
tors          11          12          13          14    +113.389
ENDCONSTRAINT
$end

$rem
JOBTYPE                   OPT
METHOD                    B3LYP
DFT_D                     d3_op
BASIS                     STO-3G
GEOM_OPT_MAX_CYCLES       100
GEOM_OPT_TOL_GRADIENT     300
GEOM_OPT_TOL_DISPLACEMENT 1200
GEOM_OPT_TOL_ENERGY       100
SYMMETRY                  False
THRESH                    12
SCF_CONVERGENCE           8
MAX_SUB_FILE_NUM          128
MEM_STATIC                400
MEM_TOTAL                 4000
$end
