$molecule
0  1
O -3.94934 -3.66094 2.70899
C -3.26408 -4.56952 2.26188
C -3.36658 -6.02376 2.66595
C -2.24382 -6.58758 3.55216
C -1.23758 -5.59014 4.08195
O -0.08996 -6.23634 4.44366
C 0.92295 -5.35238 4.93549
C 1.72988 -4.77997 3.77474
O 2.1623 -3.44702 4.08962
C 2.75899 -2.77272 3.07551
C 3.22932 -1.39607 3.4808
C 3.927 -0.59734 2.37015
C 3.73948 -1.12256 0.96101
O 3.2535 -0.49665 0.03008
O -2.26491 -4.27105 1.39078
O 4.52377 -2.19032 0.63815
O 2.86401 -3.29427 1.97754
C 4.63877 -2.72503 -0.62906
C 2.08791 -0.43521 3.86317
C 2.6286 0.64843 4.79296
C 3.4907 1.44034 3.83058
C 3.15327 0.73166 2.51201
O 1.8283 0.29081 2.68751
H 3.90425 -1.54109 4.35499
H 5.01948 -0.47426 2.54024
H 1.21491 -0.94363 4.32758
H 1.75932 1.27712 5.09248
H 3.14809 0.28604 5.70604
H 3.13012 2.49288 3.82339
H 4.58284 1.41082 4.03559
H 3.32927 1.42027 1.65653
O -1.54446 -4.46599 4.46509
C -1.97066 -2.99754 0.95133
C -4.58276 -6.27107 3.58702
C -4.97832 -7.74795 3.55727
C -3.85603 -8.35445 4.36946
C -3.07575 -7.09286 4.74676
O -4.07118 -6.11056 4.88502
H -3.51277 -6.60332 1.72722
H -1.69212 -7.42525 3.06769
H -1.69382 -2.35085 1.81143
H -5.46447 -5.6449 3.32714
H -5.92691 -7.85755 4.1302
H -5.11185 -8.17036 2.53813
H -4.29227 -8.81256 5.28522
H -3.22953 -9.10095 3.83506
H -2.4527 -7.28457 5.64879
H -2.84491 -2.56426 0.42002
H -1.11239 -3.04415 0.25006
H 5.33574 -3.58738 -0.59776
H 5.04226 -1.96491 -1.3316
H 3.64755 -3.0783 -0.98548
H 2.55434 -5.46099 3.46745
H 1.02336 -4.68139 2.91824
H 1.61019 -5.88479 5.62606
H 0.48517 -4.53828 5.5572
$end

$opt
CONSTRAINT
tors           1           2           3           4    -106.543
tors           3           4           5           6    -159.447
tors           4           5           6           7    +178.989
tors           5           6           7           8     -85.339
tors           6           7           8           9    +147.457
tors           7           8           9          10    -172.737
tors           8           9          10          11    -178.185
tors           9          10          11          12    +179.336
tors          11          12          13          14    +121.546
ENDCONSTRAINT
$end

$rem
JOBTYPE                   OPT
METHOD                    B3LYP
DFT_D                     d3_op
BASIS                     STO-3G
GEOM_OPT_MAX_CYCLES       100
GEOM_OPT_TOL_GRADIENT     300
GEOM_OPT_TOL_DISPLACEMENT 1200
GEOM_OPT_TOL_ENERGY       100
SYMMETRY                  False
THRESH                    12
SCF_CONVERGENCE           8
MAX_SUB_FILE_NUM          128
MEM_STATIC                400
MEM_TOTAL                 4000
$end
