$molecule
0  1
O -3.94934 -3.66094 2.70899
C -3.26408 -4.56952 2.26188
C -3.36658 -6.02376 2.66595
C -2.29476 -6.56312 3.62727
C -1.34403 -5.5451 4.21705
O -0.26717 -6.18005 4.76719
C 0.70011 -5.27732 5.31373
C 1.54517 -4.6732 4.19703
O 1.7766 -3.27984 4.45753
C 2.06852 -2.52395 3.37008
C 2.40425 -1.09387 3.72051
C 2.85245 -0.22526 2.53606
C 2.56292 -0.78632 1.15835
O 1.88269 -0.24273 0.30024
O -2.25555 -4.26905 1.4013
O 3.431 -1.74968 0.73649
O 2.06605 -3.0219 2.25618
C 3.45243 -2.2828 -0.53635
C 1.20883 -0.28474 4.25241
C 1.72039 0.86979 5.11049
C 2.34101 1.75606 4.04911
C 1.93501 0.99338 2.78091
O 0.71088 0.3875 3.12226
H 3.2043 -1.14234 4.49426
H 3.93189 0.04173 2.57065
H 0.47607 -0.89788 4.82124
H 0.82373 1.38449 5.52478
H 2.39667 0.58619 5.94543
H 1.84578 2.75149 4.09195
H 3.44441 1.87421 4.1135
H 1.91021 1.68877 1.91326
O -1.47195 -4.32684 4.16451
C -1.95135 -2.99387 0.97264
C -4.62303 -6.29295 3.53085
C -5.0054 -7.77152 3.45877
C -3.90186 -8.38948 4.29008
C -3.16767 -7.12848 4.7545
O -4.18135 -6.1606 4.86022
H -3.4684 -6.61423 1.72781
H -1.67199 -7.32681 3.10846
H -1.67872 -2.35369 1.83906
H -5.49762 -5.66933 3.24234
H -5.96722 -7.88886 4.00799
H -5.11774 -8.18404 2.43312
H -4.36415 -8.91169 5.15717
H -3.22663 -9.08324 3.74374
H -2.58769 -7.33437 5.68131
H -2.81866 -2.55293 0.43641
H -1.08662 -3.03982 0.2792
H 4.2526 -3.04865 -0.5962
H 3.66288 -1.48713 -1.28253
H 2.47759 -2.76449 -0.76469
H 2.4745 -5.24581 3.98675
H 0.9188 -4.75102 3.28035
H 1.37232 -5.79942 6.02649
H 0.18596 -4.4908 5.91507
$end

$opt
CONSTRAINT
tors           1           2           3           4    -102.604
tors           3           4           5           6    -164.981
tors           4           5           6           7    +178.296
tors           5           6           7           8     -78.113
tors           6           7           8           9    +139.636
tors           7           8           9          10    -156.883
tors           8           9          10          11    -175.606
tors           9          10          11          12    +175.286
tors          11          12          13          14    +121.005
ENDCONSTRAINT
$end

$rem
JOBTYPE                   OPT
METHOD                    B3LYP
DFT_D                     d3_op
BASIS                     STO-3G
GEOM_OPT_MAX_CYCLES       100
GEOM_OPT_TOL_GRADIENT     300
GEOM_OPT_TOL_DISPLACEMENT 1200
GEOM_OPT_TOL_ENERGY       100
SYMMETRY                  False
THRESH                    12
SCF_CONVERGENCE           8
MAX_SUB_FILE_NUM          128
MEM_STATIC                400
MEM_TOTAL                 4000
$end
