$molecule
0  1
O -3.94934 -3.66094 2.70899
C -3.26408 -4.56952 2.26188
C -3.36658 -6.02376 2.66595
C -2.29476 -6.56312 3.62727
C -1.34403 -5.5451 4.21705
O -0.2588 -6.17895 4.7518
C 0.70869 -5.27576 5.2972
C 1.46922 -4.57893 4.17374
O 1.32294 -3.15514 4.29343
C 1.50955 -2.45156 3.14919
C 1.37735 -0.96027 3.34728
C 1.69143 -0.11206 2.10625
C 1.73714 -0.85999 0.78897
O 1.13327 -0.54503 -0.22626
O -2.26241 -4.27217 1.39294
O 2.7886 -1.71572 0.64648
O 1.24285 -2.99747 2.08719
C 3.10061 -2.38553 -0.51882
C -0.06262 -0.49399 3.64704
C -0.01646 0.82798 4.40959
C 0.47794 1.76234 3.32263
C 0.45949 0.81397 2.11597
O -0.57964 -0.08845 2.40309
H 2.03004 -0.69346 4.20979
H 2.65575 0.43348 2.20408
H -0.66436 -1.24363 4.2061
H -1.07115 1.09098 4.65294
H 0.58332 0.83039 5.34506
H -0.26279 2.58389 3.20413
H 1.49462 2.18221 3.48347
H 0.35538 1.3956 1.17392
O -1.4829 -4.32759 4.1893
C -1.97508 -3.00048 0.9458
C -4.62304 -6.29166 3.53127
C -5.00602 -7.77017 3.46084
C -3.90297 -8.38747 4.29316
C -3.16803 -7.12617 4.75549
O -4.18119 -6.15773 4.86031
H -3.46974 -6.61451 1.72812
H -1.67309 -7.32872 3.1099
H -1.71454 -2.34973 1.80498
H -5.49749 -5.66812 3.24211
H -5.96807 -7.88667 4.00983
H -5.11804 -8.18369 2.43556
H -4.36561 -8.90768 5.16127
H -3.22832 -9.08279 3.7481
H -2.58787 -7.33112 5.68242
H -2.84821 -2.5775 0.40482
H -1.10918 -3.04327 0.25365
H 3.99712 -3.01568 -0.34686
H 3.3238 -1.6604 -1.33036
H 2.25507 -3.03994 -0.82082
H 2.55353 -4.81215 4.26102
H 1.14488 -5.00252 3.19653
H 1.44191 -5.90039 5.85132
H 0.27461 -4.57695 6.04857
$end

$opt
CONSTRAINT
tors           1           2           3           4    -102.604
tors           3           4           5           6    -164.198
tors           4           5           6           7    +178.296
tors           5           6           7           8     -73.868
tors           6           7           8           9    +122.249
tors           7           8           9          10    -156.883
tors           8           9          10          11    -178.529
tors           9          10          11          12    +175.286
tors          11          12          13          14    +128.814
ENDCONSTRAINT
$end

$rem
JOBTYPE                   OPT
METHOD                    B3LYP
DFT_D                     d3_op
BASIS                     STO-3G
GEOM_OPT_MAX_CYCLES       100
GEOM_OPT_TOL_GRADIENT     300
GEOM_OPT_TOL_DISPLACEMENT 1200
GEOM_OPT_TOL_ENERGY       100
SYMMETRY                  False
THRESH                    12
SCF_CONVERGENCE           8
MAX_SUB_FILE_NUM          128
MEM_STATIC                400
MEM_TOTAL                 4000
$end
