$molecule
0  1
O -3.94934 -3.66094 2.70899
C -3.26408 -4.56952 2.26188
C -3.36658 -6.02376 2.66595
C -2.25454 -6.58216 3.56895
C -1.26012 -5.58014 4.11224
O -0.11619 -6.22164 4.49347
C 0.8917 -5.3315 4.98445
C 1.51986 -4.55987 3.82854
O 1.36847 -3.14781 4.04315
C 1.16144 -2.40714 2.92615
C 1.11906 -0.92326 3.20362
C 0.89837 -0.03958 1.96723
C 0.40417 -0.75297 0.72483
O -0.56172 -0.4202 0.05336
O -2.30007 -4.28315 1.35275
O 1.37837 -1.44516 0.06283
O 1.01361 -2.95449 1.84849
C 1.27026 -2.03529 -1.18433
C -0.06334 -0.49058 4.09067
C 0.28471 0.81886 4.79421
C 0.2593 1.78196 3.6244
C -0.23993 0.85053 2.51179
O -1.05501 -0.08009 3.18253
H 2.07894 -0.6719 3.70972
H 1.80215 0.54373 1.68316
H -0.36798 -1.26037 4.83295
H -0.5683 1.05652 5.46987
H 1.22658 0.81451 5.3839
H -0.48551 2.5788 3.844
H 1.23916 2.23559 3.36029
H -0.7352 1.44664 1.71426
O -1.56984 -4.46085 4.50675
C -2.08587 -3.02957 0.82914
C -4.5924 -6.27025 3.5759
C -4.98805 -7.747 3.54361
C -3.87246 -8.35331 4.36492
C -3.09884 -7.09074 4.75282
O -4.09619 -6.10927 4.87975
H -3.50866 -6.60693 1.72875
H -1.69163 -7.41572 3.09044
H -1.82862 -2.31887 1.64237
H -5.47189 -5.64492 3.30644
H -5.94088 -7.85448 4.10993
H -5.11519 -8.17149 2.52453
H -4.31668 -8.81671 5.27414
H -3.23778 -9.09517 3.8337
H -2.48579 -7.28204 5.66177
H -2.99388 -2.67651 0.29532
H -1.24817 -3.0841 0.10647
H 1.4764 -3.12132 -1.08984
H 2.02301 -1.58729 -1.8649
H 0.26335 -1.90971 -1.63559
H 2.61575 -4.74264 3.88637
H 1.21928 -4.98009 2.84266
H 1.6821 -5.98987 5.40665
H 0.55509 -4.69247 5.83226
$end

$opt
CONSTRAINT
tors           1           2           3           4    -105.678
tors           3           4           5           6    -159.555
tors           4           5           6           7    +178.296
tors           5           6           7           8     -73.868
tors           6           7           8           9    +122.249
tors           7           8           9          10    -144.517
tors           8           9          10          11    -175.468
tors           9          10          11          12    +179.510
tors          11          12          13          14    +128.814
ENDCONSTRAINT
$end

$rem
JOBTYPE                   OPT
METHOD                    B3LYP
DFT_D                     d3_op
BASIS                     STO-3G
GEOM_OPT_MAX_CYCLES       100
GEOM_OPT_TOL_GRADIENT     300
GEOM_OPT_TOL_DISPLACEMENT 1200
GEOM_OPT_TOL_ENERGY       100
SYMMETRY                  False
THRESH                    12
SCF_CONVERGENCE           8
MAX_SUB_FILE_NUM          128
MEM_STATIC                400
MEM_TOTAL                 4000
$end
