$molecule
0  1
O -3.94934 -3.66094 2.70899
C -3.26408 -4.56952 2.26188
C -3.36658 -6.02376 2.66595
C -2.29068 -6.56497 3.62166
C -1.33556 -5.54849 4.207
O -0.29908 -6.18793 4.82525
C 0.6658 -5.28871 5.38172
C 1.42193 -4.57341 4.26694
O 1.251 -3.15292 4.39288
C 0.99116 -2.49216 3.23745
C 0.84935 -1.00121 3.4314
C 0.56588 -0.20565 2.14882
C 0.1175 -1.01975 0.95178
O -0.91222 -0.83992 0.31782
O -2.47758 -4.31908 1.18864
O 1.13855 -1.647 0.29896
O 0.87779 -3.10207 2.18791
C 1.03443 -2.292 -0.91602
C -0.35798 -0.60152 4.30016
C -0.09934 0.76594 4.92767
C -0.19325 1.65805 3.70637
C -0.62953 0.63379 2.65039
O -1.37744 -0.31192 3.37633
H 1.79105 -0.65725 3.91675
H 1.4249 0.42384 1.82689
H -0.6073 -1.34741 5.08618
H -0.96524 0.98201 5.59408
H 0.84188 0.85905 5.51108
H -0.99061 2.41301 3.88562
H 0.7526 2.16222 3.41165
H -1.1659 1.14904 1.8235
O -1.43919 -4.33062 4.12183
C -2.67254 -3.2212 0.38222
C -4.61609 -6.28528 3.54598
C -5.01074 -7.76077 3.47644
C -3.89957 -8.3887 4.28949
C -3.15553 -7.1332 4.75358
O -4.16179 -6.15959 4.87167
H -3.49477 -6.61925 1.73384
H -1.668 -7.32454 3.09725
H -2.63832 -2.29716 0.99145
H -5.49028 -5.65614 3.26832
H -5.9646 -7.86984 4.04116
H -5.14416 -8.17282 2.45315
H -4.35332 -8.91841 5.1565
H -3.23153 -9.07798 3.72879
H -2.56945 -7.34618 5.67481
H -3.66982 -3.28482 -0.10352
H -1.90365 -3.20263 -0.41168
H 2.03227 -2.68047 -1.2052
H 0.6853 -1.58624 -1.69951
H 0.33836 -3.15037 -0.83603
H 2.50219 -4.74292 4.46981
H 1.26077 -5.05151 3.27493
H 1.39102 -5.93041 5.92813
H 0.23055 -4.59709 6.13856
$end

$opt
CONSTRAINT
tors           1           2           3           4    -102.905
tors           3           4           5           6    -168.775
tors           4           5           6           7    +178.747
tors           5           6           7           8     -68.965
tors           6           7           8           9    +121.238
tors           7           8           9          10    -135.920
tors           8           9          10          11    -178.852
tors           9          10          11          12    +179.510
tors          11          12          13          14    +124.185
ENDCONSTRAINT
$end

$rem
JOBTYPE                   OPT
METHOD                    B3LYP
DFT_D                     d3_op
BASIS                     STO-3G
GEOM_OPT_MAX_CYCLES       100
GEOM_OPT_TOL_GRADIENT     300
GEOM_OPT_TOL_DISPLACEMENT 1200
GEOM_OPT_TOL_ENERGY       100
SYMMETRY                  False
THRESH                    12
SCF_CONVERGENCE           8
MAX_SUB_FILE_NUM          128
MEM_STATIC                400
MEM_TOTAL                 4000
$end
