$molecule
0  1
O -3.94934 -3.66094 2.70899
C -3.26408 -4.56952 2.26188
C -3.36658 -6.02376 2.66595
C -2.30727 -6.55757 3.64409
C -1.36996 -5.53491 4.24717
O -0.27318 -6.16073 4.76759
C 0.66866 -5.25408 5.35083
C 1.4115 -4.49272 4.25783
O 1.28154 -3.07842 4.47176
C 0.88168 -2.35988 3.39336
C 0.79071 -0.8788 3.67404
C 0.35276 -0.01922 2.47921
C -0.26311 -0.76989 1.31564
O -1.42544 -0.67764 0.94817
O -2.67026 -4.38337 1.05508
O 0.64172 -1.31125 0.45214
O 0.65271 -2.9037 2.32511
C 0.32952 -1.9502 -0.72788
C -0.28416 -0.51382 4.71483
C 0.07302 0.82031 5.3656
C -0.1745 1.77055 4.21185
C -0.75733 0.7994 3.17671
O -1.41374 -0.17536 3.95067
H 1.79307 -0.56854 4.04762
H 1.158 0.63497 2.07759
H -0.43515 -1.29506 5.49155
H -0.69176 1.00909 6.15305
H 1.08584 0.87925 5.81904
H -0.93491 2.51738 4.53119
H 0.72787 2.28679 3.81839
H -1.39254 1.35539 2.45225
O -1.71815 -4.40511 4.57373
C -3.07062 -3.41453 0.15849
C -4.6469 -6.29031 3.49016
C -5.01314 -7.77409 3.43809
C -3.9419 -8.35856 4.33169
C -3.2204 -7.08109 4.76889
O -4.24253 -6.11797 4.82437
H -3.43414 -6.62632 1.73147
H -1.69364 -7.37524 3.20209
H -3.01324 -2.41184 0.61531
H -5.5161 -5.68025 3.1591
H -5.99822 -7.89557 3.9431
H -5.06854 -8.20511 2.41534
H -4.4359 -8.83293 5.20896
H -3.25776 -9.08576 3.8433
H -2.66747 -7.25949 5.71802
H -4.12209 -3.60157 -0.1477
H -2.43845 -3.46139 -0.74909
H 1.26857 -2.25344 -1.2343
H -0.23656 -1.26984 -1.39925
H -0.25938 -2.86305 -0.51557
H 2.49393 -4.71698 4.37864
H 1.16697 -4.89529 3.24985
H 1.41378 -5.88427 5.88338
H 0.22154 -4.59857 6.1327
$end

$opt
CONSTRAINT
tors           1           2           3           4    -101.695
tors           3           4           5           6    -162.593
tors           4           5           6           7    +179.600
tors           5           6           7           8     -73.421
tors           6           7           8           9    +125.092
tors           7           8           9          10    -129.881
tors           8           9          10          11    -178.852
tors           9          10          11          12    +179.510
tors          11          12          13          14    +113.677
ENDCONSTRAINT
$end

$rem
JOBTYPE                   OPT
METHOD                    B3LYP
DFT_D                     d3_op
BASIS                     STO-3G
GEOM_OPT_MAX_CYCLES       100
GEOM_OPT_TOL_GRADIENT     300
GEOM_OPT_TOL_DISPLACEMENT 1200
GEOM_OPT_TOL_ENERGY       100
SYMMETRY                  False
THRESH                    12
SCF_CONVERGENCE           8
MAX_SUB_FILE_NUM          128
MEM_STATIC                400
MEM_TOTAL                 4000
$end
