$molecule
0  1
O -3.94934 -3.66094 2.70899
C -3.26408 -4.56952 2.26188
C -3.36658 -6.02376 2.66595
C -2.26333 -6.57783 3.5823
C -1.27854 -5.57216 4.13629
O -0.20569 -6.22233 4.67637
C 0.82054 -5.33399 5.1313
C 1.56566 -4.73833 3.9413
O 1.54239 -3.30426 4.01731
C 1.24969 -2.66359 2.85842
C 1.24724 -1.16021 3.00165
C 0.93699 -0.38753 1.7113
C 0.33514 -1.20051 0.58278
O -0.77158 -1.02432 0.09423
O -2.48756 -4.32405 1.1811
O 1.24442 -1.90224 -0.15261
O 1.03546 -3.29051 1.83413
C 0.96806 -2.5882 -1.31686
C 0.1442 -0.63111 3.93732
C 0.55899 0.73029 4.48986
C 0.44695 1.58513 3.24387
C -0.14693 0.56507 2.26344
O -0.91378 -0.28899 3.07759
H 2.24674 -0.88201 3.40688
H 1.81263 0.16457 1.30375
H -0.10594 -1.32632 4.76831
H -0.23422 1.04082 5.20751
H 1.54566 0.7635 5.00002
H -0.27239 2.40885 3.44872
H 1.40565 1.99939 2.86321
H -0.69905 1.09417 1.45569
O -1.36096 -4.35307 4.04033
C -2.6659 -3.21241 0.39121
C -4.58763 -6.27745 3.587
C -4.99576 -7.74981 3.52841
C -3.86383 -8.38762 4.3043
C -3.09355 -7.13895 4.74302
O -4.08721 -6.15725 4.89648
H -3.5284 -6.61511 1.73644
H -1.66838 -7.34418 3.03576
H -2.56869 -2.29464 1.00587
H -5.46602 -5.64144 3.34013
H -5.93178 -7.85309 4.12322
H -5.16477 -8.15848 2.50902
H -4.29309 -8.91233 5.1867
H -3.22164 -9.08375 3.72229
H -2.47732 -7.35753 5.64309
H -3.68007 -3.23145 -0.06249
H -1.92625 -3.22448 -0.42941
H 1.9061 -3.03679 -1.70303
H 0.56033 -1.89665 -2.08462
H 0.24821 -3.40715 -1.11829
H 2.63369 -5.02746 4.05305
H 1.2542 -5.21826 2.98689
H 1.54147 -5.95856 5.70248
H 0.44353 -4.5718 5.85134
$end

$opt
CONSTRAINT
tors           1           2           3           4    -104.984
tors           3           4           5           6    -166.738
tors           4           5           6           7    +175.506
tors           5           6           7           8     -73.421
tors           6           7           8           9    +125.092
tors           7           8           9          10    -134.914
tors           8           9          10          11    -179.723
tors           9          10          11          12    +179.316
tors          11          12          13          14    +117.484
ENDCONSTRAINT
$end

$rem
JOBTYPE                   OPT
METHOD                    B3LYP
DFT_D                     d3_op
BASIS                     STO-3G
GEOM_OPT_MAX_CYCLES       100
GEOM_OPT_TOL_GRADIENT     300
GEOM_OPT_TOL_DISPLACEMENT 1200
GEOM_OPT_TOL_ENERGY       100
SYMMETRY                  False
THRESH                    12
SCF_CONVERGENCE           8
MAX_SUB_FILE_NUM          128
MEM_STATIC                400
MEM_TOTAL                 4000
$end
