$molecule
0  1
O -3.94934 -3.66094 2.70899
C -3.26408 -4.56952 2.26188
C -3.36658 -6.02376 2.66595
C -2.32261 -6.55096 3.66397
C -1.40165 -5.5228 4.28269
O -0.4721 -6.14461 5.06673
C 0.46744 -5.23759 5.65312
C 1.44593 -4.73776 4.59537
O 1.47604 -3.3018 4.5961
C 1.32915 -2.71486 3.3824
C 1.40288 -1.20777 3.44487
C 1.25534 -0.49584 2.09222
C 0.70961 -1.33935 0.9576
O -0.31434 -1.10771 0.33116
O -2.42259 -4.30603 1.23384
O 1.62909 -2.15408 0.3651
O 1.15041 -3.38844 2.38188
C 1.40939 -2.89814 -0.77575
C 0.25538 -0.56398 4.24534
C 0.70171 0.80219 4.76028
C 0.75358 1.58747 3.46537
C 0.18747 0.54697 2.48998
O -0.6992 -0.21383 3.27457
H 2.37797 -0.96143 3.92359
H 2.19824 -0.02281 1.73892
H -0.1096 -1.19429 5.08551
H -0.13193 1.19815 5.38389
H 1.6391 0.81021 5.35704
H 0.07122 2.46128 3.55901
H 1.76604 1.92363 3.15303
H -0.25742 1.05819 1.60803
O -1.4326 -4.31279 4.09186
C -2.44882 -3.12112 0.53572
C -4.64854 -6.29225 3.49485
C -5.0277 -7.77111 3.41587
C -3.94552 -8.38529 4.27634
C -3.23147 -7.12096 4.76339
O -4.24967 -6.15588 4.83651
H -3.45386 -6.62218 1.73114
H -1.6713 -7.31398 3.18171
H -2.2617 -2.27311 1.22665
H -5.51562 -5.67147 3.17852
H -6.00303 -7.88624 3.94134
H -5.1151 -8.18837 2.38972
H -4.42996 -8.91404 5.12721
H -3.2498 -9.07215 3.74727
H -2.68631 -7.32734 5.71062
H -3.44163 -2.9862 0.05537
H -1.6837 -3.15356 -0.26268
H 2.33667 -3.45016 -1.03207
H 1.14317 -2.23297 -1.62466
H 0.59908 -3.63549 -0.6012
H 2.46181 -5.07058 4.90112
H 1.28167 -5.25454 3.62401
H 1.04569 -5.8152 6.40658
H -0.03215 -4.41736 6.21842
$end

$opt
CONSTRAINT
tors           1           2           3           4    -100.607
tors           3           4           5           6    -175.610
tors           4           5           6           7    +177.998
tors           5           6           7           8     -73.421
tors           6           7           8           9    +126.907
tors           7           8           9          10    -130.081
tors           8           9          10          11    -178.610
tors           9          10          11          12    +179.443
tors          11          12          13          14    +120.021
ENDCONSTRAINT
$end

$rem
JOBTYPE                   OPT
METHOD                    B3LYP
DFT_D                     d3_op
BASIS                     STO-3G
GEOM_OPT_MAX_CYCLES       100
GEOM_OPT_TOL_GRADIENT     300
GEOM_OPT_TOL_DISPLACEMENT 1200
GEOM_OPT_TOL_ENERGY       100
SYMMETRY                  False
THRESH                    12
SCF_CONVERGENCE           8
MAX_SUB_FILE_NUM          128
MEM_STATIC                400
MEM_TOTAL                 4000
$end
