$molecule
0  1
O -3.94934 -3.66094 2.70899
C -3.26408 -4.56952 2.26188
C -3.36658 -6.02376 2.66595
C -2.40903 -6.51738 3.7629
C -1.57839 -5.46159 4.45818
O -0.58108 -6.05545 5.17799
C 0.26867 -5.11575 5.84442
C 1.17846 -4.42233 4.83567
O 1.04074 -2.99734 4.95106
C 0.82763 -2.33591 3.78648
C 0.71186 -0.84155 3.97125
C 0.48156 -0.04537 2.67844
C 0.0501 -0.85468 1.47198
O -1.00297 -0.71765 0.86631
O -2.5829 -4.34993 1.10846
O 1.06449 -1.49372 0.82246
O 0.74503 -2.9417 2.73147
C 0.93013 -2.18549 -0.36325
C -0.5101 -0.41319 4.80511
C -0.24022 0.95135 5.43451
C -0.28281 1.84002 4.20792
C -0.71028 0.82002 3.14426
O -1.4975 -0.10676 3.85271
H 1.64643 -0.51592 4.48232
H 1.35767 0.57055 2.37732
H -0.79618 -1.15046 5.58677
H -1.11892 1.18819 6.07671
H 0.68683 1.0273 6.04254
H -1.06997 2.61106 4.36216
H 0.68045 2.32452 3.9377
H -1.21242 1.34187 2.30004
O -1.7101 -4.24876 4.3444
C -2.8237 -3.2736 0.28214
C -4.71583 -6.3329 3.35728
C -5.03266 -7.82502 3.25382
C -4.02608 -8.39615 4.22984
C -3.40388 -7.10599 4.77203
O -4.45718 -6.17525 4.73168
H -3.31872 -6.6344 1.73538
H -1.69739 -7.26168 3.3389
H -2.73074 -2.32986 0.84787
H -5.56379 -5.74071 2.94795
H -6.05349 -7.97325 3.67382
H -4.99493 -8.24914 2.22745
H -4.57951 -8.92898 5.03486
H -3.26092 -9.06858 3.78479
H -2.94511 -7.28434 5.76969
H -3.85521 -3.33794 -0.12513
H -2.1098 -3.28714 -0.56515
H 1.91956 -2.58784 -0.66223
H 0.56078 -1.51069 -1.16461
H 0.23073 -3.03592 -0.22883
H 2.22658 -4.65102 5.12818
H 1.08105 -4.87898 3.82578
H 0.91316 -5.70593 6.53157
H -0.29973 -4.40939 6.49222
$end

$opt
CONSTRAINT
tors           1           2           3           4     -94.925
tors           3           4           5           6    -166.589
tors           4           5           6           7    +178.747
tors           5           6           7           8     -73.421
tors           6           7           8           9    +125.645
tors           7           8           9          10    -130.341
tors           8           9          10          11    -179.152
tors           9          10          11          12    +179.510
tors          11          12          13          14    +118.650
ENDCONSTRAINT
$end

$rem
JOBTYPE                   OPT
METHOD                    B3LYP
DFT_D                     d3_op
BASIS                     STO-3G
GEOM_OPT_MAX_CYCLES       100
GEOM_OPT_TOL_GRADIENT     300
GEOM_OPT_TOL_DISPLACEMENT 1200
GEOM_OPT_TOL_ENERGY       100
SYMMETRY                  False
THRESH                    12
SCF_CONVERGENCE           8
MAX_SUB_FILE_NUM          128
MEM_STATIC                400
MEM_TOTAL                 4000
$end
