$molecule
0  1
O -3.94934 -3.66094 2.70899
C -3.26408 -4.56952 2.26188
C -3.36658 -6.02376 2.66595
C -2.30727 -6.55757 3.64409
C -1.36996 -5.53491 4.24717
O -0.38694 -6.16659 4.95434
C 0.54666 -5.26133 5.55279
C 1.46092 -4.6678 4.48603
O 1.32292 -3.23836 4.46336
C 1.23442 -2.68056 3.23041
C 1.11203 -1.17594 3.27274
C 1.02051 -0.49503 1.89932
C 0.70768 -1.40631 0.72953
O -0.28721 -1.33601 0.02256
O -2.45078 -4.32488 1.20792
O 1.76938 -2.10662 0.23892
O 1.2582 -3.37729 2.22999
C 1.73259 -2.88693 -0.8988
C -0.18415 -0.67757 3.93864
C 0.03189 0.73682 4.47135
C 0.11978 1.51533 3.17425
C -0.20597 0.40603 2.16543
O -1.06794 -0.45583 2.86864
H 1.99264 -0.80662 3.8461
H 1.92639 0.09445 1.63602
H -0.55349 -1.34417 4.74831
H -0.90494 1.02798 4.9988
H 0.89377 0.86609 5.16078
H -0.67333 2.29563 3.18058
H 1.10886 1.97597 2.96181
H -0.61639 0.85136 1.23246
O -1.42975 -4.32038 4.09716
C -2.50087 -3.16675 0.47049
C -4.63297 -6.28902 3.52016
C -5.01984 -7.76623 3.44533
C -3.92292 -8.38756 4.28211
C -3.19438 -7.12772 4.75908
O -4.20706 -6.15852 4.85449
H -3.47428 -6.62157 1.73273
H -1.66873 -7.31774 3.14038
H -2.28695 -2.29327 1.12068
H -5.50378 -5.66406 3.22297
H -5.98463 -7.87831 3.99056
H -5.13044 -8.18086 2.42035
H -4.39216 -8.91789 5.14047
H -3.24026 -9.07472 3.73664
H -2.62889 -7.33752 5.69369
H -3.50892 -3.04818 0.01847
H -1.76376 -3.24086 -0.35289
H 2.73055 -3.34391 -1.05868
H 1.47803 -2.26485 -1.78328
H 0.98205 -3.69775 -0.78093
H 2.50116 -4.83667 4.84186
H 1.40784 -5.23187 3.52812
H 1.1801 -5.89687 6.20955
H 0.07511 -4.50748 6.22359
$end

$opt
CONSTRAINT
tors           1           2           3           4    -101.695
tors           3           4           5           6    -172.361
tors           4           5           6           7    +179.742
tors           5           6           7           8     -73.421
tors           6           7           8           9    +120.105
tors           7           8           9          10    -135.976
tors           8           9          10          11    -179.139
tors           9          10          11          12    +179.510
tors          11          12          13          14    +117.484
ENDCONSTRAINT
$end

$rem
JOBTYPE                   OPT
METHOD                    B3LYP
DFT_D                     d3_op
BASIS                     STO-3G
GEOM_OPT_MAX_CYCLES       100
GEOM_OPT_TOL_GRADIENT     300
GEOM_OPT_TOL_DISPLACEMENT 1200
GEOM_OPT_TOL_ENERGY       100
SYMMETRY                  False
THRESH                    12
SCF_CONVERGENCE           8
MAX_SUB_FILE_NUM          128
MEM_STATIC                400
MEM_TOTAL                 4000
$end
