$molecule
0  1
O -3.94934 -3.66094 2.70899
C -3.26408 -4.56952 2.26188
C -3.36658 -6.02376 2.66595
C -2.28432 -6.56788 3.61278
C -1.32234 -5.55385 4.19107
O -0.24354 -6.19351 4.73187
C 0.72915 -5.29527 5.27617
C 1.47039 -4.57907 4.152
O 1.37714 -3.15722 4.33238
C 0.88638 -2.46609 3.27378
C 0.81455 -0.97859 3.52448
C 0.30179 -0.14652 2.33999
C -0.38767 -0.92311 1.23624
O -1.54365 -0.76264 0.8722
O -2.73262 -4.40103 1.02309
O 0.4751 -1.51511 0.36182
O 0.55317 -3.04197 2.25133
C 0.11671 -2.1855 -0.78665
C -0.18801 -0.5829 4.62376
C 0.21609 0.76482 5.21631
C -0.10192 1.68811 4.05757
C -0.75619 0.69607 3.08679
O -1.36397 -0.25626 3.92621
H 1.84085 -0.66138 3.81915
H 1.08885 0.48483 1.8711
H -0.29071 -1.34483 5.42709
H -0.49535 0.97706 6.04662
H 1.25634 0.82938 5.60177
H -0.83562 2.44787 4.40742
H 0.7754 2.18824 3.59304
H -1.43524 1.23867 2.39282
O -1.45673 -4.33638 4.15873
C -3.22462 -3.48718 0.11206
C -4.6167 -6.2946 3.53739
C -4.99878 -7.77357 3.46913
C -3.88886 -8.39079 4.2928
C -3.14928 -7.12987 4.74887
O -4.16262 -6.16163 4.86267
H -3.4697 -6.62673 1.73448
H -1.67074 -7.33473 3.08756
H -3.18753 -2.46252 0.52185
H -5.49315 -5.67066 3.25534
H -5.9567 -7.89163 4.02493
H -5.11786 -8.18621 2.44429
H -4.34465 -8.90973 5.16529
H -3.21959 -9.0875 3.74292
H -2.56172 -7.33547 5.67093
H -4.28168 -3.73205 -0.12691
H -2.64572 -3.54508 -0.8297
H 1.03541 -2.51352 -1.31447
H -0.46597 -1.52122 -1.45986
H -0.46718 -3.08744 -0.52433
H 2.54937 -4.82883 4.24935
H 1.19538 -4.99952 3.15926
H 1.46676 -5.92215 5.82257
H 0.29438 -4.60323 6.03352
$end

$opt
CONSTRAINT
tors           1           2           3           4    -103.378
tors           3           4           5           6    -165.247
tors           4           5           6           7    +178.747
tors           5           6           7           8     -72.225
tors           6           7           8           9    +125.092
tors           7           8           9          10    -125.449
tors           8           9          10          11    -179.937
tors           9          10          11          12    +178.359
tors          11          12          13          14    +119.740
ENDCONSTRAINT
$end

$rem
JOBTYPE                   OPT
METHOD                    B3LYP
DFT_D                     d3_op
BASIS                     STO-3G
GEOM_OPT_MAX_CYCLES       100
GEOM_OPT_TOL_GRADIENT     300
GEOM_OPT_TOL_DISPLACEMENT 1200
GEOM_OPT_TOL_ENERGY       100
SYMMETRY                  False
THRESH                    12
SCF_CONVERGENCE           8
MAX_SUB_FILE_NUM          128
MEM_STATIC                400
MEM_TOTAL                 4000
$end
