$molecule
0  1
O -3.94934 -3.66094 2.70899
C -3.26408 -4.56952 2.26188
C -3.36658 -6.02376 2.66595
C -2.30727 -6.55757 3.64409
C -1.36996 -5.53491 4.24717
O -0.30158 -6.16501 4.81898
C 0.64832 -5.25809 5.38859
C 1.40888 -4.53141 4.28424
O 1.33793 -3.11221 4.49333
C 1.02468 -2.37639 3.39808
C 0.96878 -0.89407 3.68142
C 0.62895 -0.01557 2.46856
C 0.05461 -0.74029 1.26789
O -1.03944 -0.52499 0.76662
O -2.5384 -4.33966 1.14012
O 1.00191 -1.3307 0.48386
O 0.83079 -2.91144 2.31909
C 0.78237 -1.8972 -0.75296
C -0.15107 -0.49338 4.66015
C 0.21707 0.82372 5.33876
C 0.07487 1.78718 4.17797
C -0.48556 0.84405 3.10509
O -1.22139 -0.10845 3.83421
H 1.9582 -0.61966 4.11314
H 1.48693 0.59922 2.11663
H -0.37617 -1.27159 5.42183
H -0.58604 1.03812 6.08017
H 1.2022 0.84311 5.85258
H -0.67115 2.56377 4.45778
H 1.01877 2.26686 3.83943
H -1.05661 1.42773 2.34988
O -1.4969 -4.31743 4.18513
C -2.7371 -3.23592 0.34093
C -4.63316 -6.29089 3.51861
C -5.0164 -7.76933 3.44631
C -3.91989 -8.38659 4.2871
C -3.19282 -7.1246 4.7603
O -4.2076 -6.15684 4.853
H -3.46976 -6.62354 1.73325
H -1.67303 -7.31789 3.13445
H -2.5897 -2.31358 0.92987
H -5.50473 -5.66797 3.21946
H -5.98225 -7.8831 3.98925
H -5.12311 -8.18569 2.42162
H -4.38963 -8.91303 5.14757
H -3.23672 -9.07625 3.74544
H -2.62388 -7.3295 5.69414
H -3.77398 -3.2426 -0.05843
H -2.04367 -3.26935 -0.51835
H 1.74907 -2.25521 -1.16214
H 0.35339 -1.14801 -1.45198
H 0.10862 -2.76801 -0.65678
H 2.48022 -4.81079 4.38659
H 1.12681 -4.92132 3.28117
H 1.37612 -5.86687 5.96774
H 0.17452 -4.56616 6.12255
$end

$opt
CONSTRAINT
tors           1           2           3           4    -101.695
tors           3           4           5           6    -165.219
tors           4           5           6           7    +178.747
tors           5           6           7           8     -71.878
tors           6           7           8           9    +127.210
tors           7           8           9          10    -133.252
tors           8           9          10          11    -179.868
tors           9          10          11          12    +179.510
tors          11          12          13          14    +120.289
ENDCONSTRAINT
$end

$rem
JOBTYPE                   OPT
METHOD                    B3LYP
DFT_D                     d3_op
BASIS                     STO-3G
GEOM_OPT_MAX_CYCLES       100
GEOM_OPT_TOL_GRADIENT     300
GEOM_OPT_TOL_DISPLACEMENT 1200
GEOM_OPT_TOL_ENERGY       100
SYMMETRY                  False
THRESH                    12
SCF_CONVERGENCE           8
MAX_SUB_FILE_NUM          128
MEM_STATIC                400
MEM_TOTAL                 4000
$end
