$molecule
0  1
O -3.94934 -3.66094 2.70899
C -3.26408 -4.56952 2.26188
C -3.36658 -6.02376 2.66595
C -2.1637 -6.92746 2.34928
C -0.92277 -6.23941 1.8251
O -0.33243 -7.01372 0.86731
C 0.56821 -6.2827 0.02843
C -0.19622 -5.62391 -1.11515
O -0.35072 -6.55279 -2.19968
C -1.53967 -6.49771 -2.84969
C -2.1707 -5.12636 -2.80679
C -1.22461 -3.96733 -3.15298
C 0.07741 -4.35522 -3.82454
O 0.6307 -3.72602 -4.71478
O -2.47927 -4.2397 1.20248
O 0.99396 -5.26419 -3.39477
O -1.87921 -7.37695 -3.62609
C 2.22082 -5.59026 -3.95289
C -3.26506 -4.91241 -3.88338
C -4.22573 -3.80937 -3.43788
C -3.32819 -2.59581 -3.547
C -2.09075 -3.23077 -4.19482
O -2.60132 -4.29591 -4.95739
H -2.71692 -5.01012 -1.84578
H -0.97681 -3.3174 -2.29038
H -3.84149 -5.83109 -4.12786
H -5.0139 -3.74088 -4.22222
H -4.71284 -3.94982 -2.44892
H -3.814 -1.86143 -4.22696
H -3.06678 -2.11049 -2.58144
H -1.52198 -2.45866 -4.75789
O -0.38164 -5.28392 2.37266
C -2.34338 -2.95667 0.70607
C -3.38434 -6.14967 4.20779
C -4.00951 -7.48265 4.61945
C -2.90219 -8.4396 4.2386
C -1.83658 -7.44898 3.76063
O -2.03762 -6.31756 4.56774
H -4.33872 -6.40178 2.27893
H -2.43218 -7.77057 1.67215
H -1.95606 -2.28005 1.49755
H -3.92059 -5.31661 4.71319
H -4.10522 -7.47815 5.72904
H -5.0014 -7.69583 4.16605
H -2.55451 -8.95977 5.15898
H -3.16439 -9.18562 3.4575
H -0.827 -7.91423 3.81638
H -3.32125 -2.58293 0.3341
H -1.62086 -2.95647 -0.12957
H 2.69647 -6.38411 -3.34129
H 2.88874 -4.70267 -3.96263
H 2.07988 -5.97136 -4.98669
H -1.0942 -5.20784 -0.64264
H 0.47735 -4.78053 -1.34205
H 1.35507 -6.95225 -0.38025
H 1.13093 -5.52052 0.61731
$end

$opt
CONSTRAINT
tors           1           2           3           4    -161.053
tors           3           4           5           6    -142.105
tors           4           5           6           7    +161.053
tors           5           6           7           8     -85.263
tors           6           7           8           9     -85.263
tors           7           8           9          10    +142.105
tors           8           9          10          11     +28.421
tors           9          10          11          12     +47.368
tors          11          12          13          14    +142.105
ENDCONSTRAINT
$end

$rem
JOBTYPE                   OPT
METHOD                    B3LYP
DFT_D                     d3_op
BASIS                     STO-3G
GEOM_OPT_MAX_CYCLES       100
GEOM_OPT_TOL_GRADIENT     300
GEOM_OPT_TOL_DISPLACEMENT 1200
GEOM_OPT_TOL_ENERGY       100
SYMMETRY                  False
THRESH                    12
SCF_CONVERGENCE           8
MAX_SUB_FILE_NUM          128
MEM_STATIC                400
MEM_TOTAL                 4000
$end
