$molecule
0  1
O -3.94934 -3.66094 2.70899
C -3.26408 -4.56952 2.26188
C -3.36658 -6.02376 2.66595
C -2.05424 -6.81773 2.77194
C -0.77335 -6.02476 2.63554
O -0.66856 -5.52695 1.36802
C -1.35282 -4.2817 1.19372
C -2.7574 -4.36693 1.78194
O -3.72317 -4.49374 0.72643
C -3.24267 -4.31141 -0.52857
C -2.65217 -5.56881 -1.12094
C -1.38178 -6.07785 -0.42432
C -1.09588 -5.4879 0.94204
O -0.95171 -6.1272 1.97406
O -2.64518 -5.47342 0.50563
O 0.68395 -4.68235 0.37611
O -3.83937 -3.52537 -1.25911
C 1.745 -4.30211 1.18995
C -3.49289 -6.91875 -1.28482
C -2.9547 -7.75158 -2.45118
C -1.62716 -8.2148 -1.8767
C -1.71272 -7.63864 -0.45248
O -3.09935 -7.71844 -0.18852
H -2.49798 -5.35775 -2.21123
H -0.45511 -6.12731 -1.04726
H -4.58277 -6.73232 -1.39289
H -3.62312 -8.63609 -2.55861
H -2.89205 -7.22816 -3.42892
H -1.63701 -9.32705 -1.8382
H -0.72547 -7.87441 -2.42901
H -1.04547 -8.21403 0.22442
O -0.06091 -5.60698 3.72536
C -1.16516 -3.86088 -0.95227
C -3.90292 -6.15271 4.11443
C -4.49924 -7.54376 4.34215
C -3.24063 -8.3693 4.4331
C -2.17868 -7.27537 4.25855
O -2.74438 -6.16462 4.9036
H -4.12477 -6.53669 2.01797
H -2.1311 -7.82949 2.2248
H -0.98645 -2.82798 -0.5401
H -4.66308 -5.38476 4.37539
H -5.00206 -7.55606 5.33523
H -5.22222 -7.86217 3.55994
H -3.16834 -8.78516 5.46293
H -3.15979 -9.1988 3.69751
H -1.21439 -7.64292 4.67479
H -1.58585 -3.50013 -1.93471
H -0.23994 -4.18639 -1.48332
H 2.03731 -3.26133 0.94103
H 2.60651 -4.97828 1.02392
H 1.47485 -4.33438 2.2619
H -2.50718 -2.99307 1.33706
H -2.50717 -2.99312 1.33697
H -0.68205 -3.4873 1.82233
H -0.69233 -3.50102 1.85116
$end

$opt
CONSTRAINT
tors           1           2           3           4    -142.105
tors           3           4           5           6     -66.316
tors           4           5           6           7     +85.263
tors           5           6           7           8     -47.368
tors           6           7           8           9    -104.211
tors           7           8           9          10      -9.474
tors           8           9          10          11     +85.263
tors           9          10          11          12     -66.316
tors          11          12          13          14    +123.158
ENDCONSTRAINT
$end

$rem
JOBTYPE                   OPT
METHOD                    B3LYP
DFT_D                     d3_op
BASIS                     STO-3G
GEOM_OPT_MAX_CYCLES       100
GEOM_OPT_TOL_GRADIENT     300
GEOM_OPT_TOL_DISPLACEMENT 1200
GEOM_OPT_TOL_ENERGY       100
SYMMETRY                  False
THRESH                    12
SCF_CONVERGENCE           8
MAX_SUB_FILE_NUM          128
MEM_STATIC                400
MEM_TOTAL                 4000
$end
