$molecule
0  1
O -3.94934 -3.66094 2.70899
C -3.26408 -4.56952 2.26188
C -3.36658 -6.02376 2.66595
C -2.09215 -6.69516 3.20345
C -0.90361 -5.79095 3.44399
O -0.49788 -5.89388 4.74407
C 0.69278 -6.67267 4.90241
C 0.79356 -7.71097 3.78979
O -0.46192 -8.39257 3.64126
C -1.36871 -7.77697 2.84258
C -1.49649 -8.42871 1.48627
C -2.13543 -7.54806 0.40253
C -2.22043 -6.06836 0.71872
O -2.96078 -5.26706 0.16703
O -2.08111 -3.93564 1.92188
O -0.91685 -5.67424 0.60716
O -2.51048 -8.64207 3.4091
C -0.33829 -4.77972 -0.28635
C -0.18314 -8.83763 0.74326
C -0.45788 -10.00888 -0.20798
C -1.33466 -9.33022 -1.24614
C -1.2047 -7.86979 -0.79557
O 0.06745 -7.82009 -0.19091
H -2.04675 -9.40889 1.50084
H -3.18948 -7.86478 0.23684
H 0.65986 -9.10773 1.41118
H 0.51964 -10.26404 -0.67854
H -0.8851 -10.93212 0.23901
H -0.88235 -9.49771 -2.24855
H -2.40112 -9.64305 -1.24665
H -1.37562 -7.17338 -1.64512
O -0.13254 -5.23826 2.68111
C -1.92943 -2.59719 1.53582
C -4.37295 -5.82303 3.98504
C -5.02759 -7.14063 4.38675
C -3.93112 -7.67532 5.23173
C -2.7836 -6.7078 4.83725
O -3.46401 -5.50419 4.97955
H -4.37789 -6.05824 1.83304
H -3.13133 -6.9069 2.65465
H -1.26414 -2.07389 2.25027
H -5.21397 -5.10305 3.86557
H -5.93847 -7.02887 5.0166
H -5.25762 -7.73244 3.47422
H -4.173 -7.42437 6.29436
H -3.82849 -8.78095 5.24055
H -2.09912 -6.91692 5.68752
H -2.892 -2.04586 1.46513
H -1.49405 -2.53227 0.52283
H 0.43226 -5.31143 -0.88067
H 0.18779 -3.98108 0.27275
H -1.07301 -4.34453 -0.99513
H 1.13827 -7.28084 2.82309
H 1.57723 -8.44375 4.07557
H 0.58771 -7.2228 5.86175
H 1.59781 -6.03206 4.96573
$end

$opt
CONSTRAINT
tors           1           2           3           4    -123.158
tors           3           4           5           6    +123.158
tors           4           5           6           7    +104.211
tors           5           6           7           8     -28.421
tors           6           7           8           9     -47.368
tors           7           8           9          10     +85.263
tors           8           9          10          11    +104.211
tors           9          10          11          12    -161.053
tors          11          12          13          14    -161.053
ENDCONSTRAINT
$end

$rem
JOBTYPE                   OPT
METHOD                    B3LYP
DFT_D                     d3_op
BASIS                     STO-3G
GEOM_OPT_MAX_CYCLES       100
GEOM_OPT_TOL_GRADIENT     300
GEOM_OPT_TOL_DISPLACEMENT 1200
GEOM_OPT_TOL_ENERGY       100
SYMMETRY                  False
THRESH                    12
SCF_CONVERGENCE           8
MAX_SUB_FILE_NUM          128
MEM_STATIC                400
MEM_TOTAL                 4000
$end
