$molecule
0  1
O -3.94934 -3.66094 2.70899
C -3.26408 -4.56952 2.26188
C -3.36658 -6.02376 2.66595
C -2.27333 -6.57303 3.59705
C -1.29943 -5.56331 4.16282
O -1.98072 -4.4862 4.65384
C -1.90764 -3.33777 3.80237
C -1.79395 -2.06852 4.64035
O -0.41901 -1.82623 4.97757
C 0.45957 -1.92401 3.94914
C 1.56086 -0.89282 4.01607
C 2.98515 -1.46682 4.02983
C 3.11577 -2.92035 3.62131
O 2.42071 -3.83769 4.03356
O -2.59063 -4.38764 1.08604
O 4.01977 -3.21225 2.64586
O 0.29307 -2.32161 2.8108
C 4.24741 -4.47601 2.14177
C 1.6578 0.07497 2.81334
C 2.31478 1.37903 3.25893
C 3.73493 0.90895 3.50234
C 3.6419 -0.5345 2.98851
O 2.65404 -0.47968 1.98703
H 1.38259 -0.2793 4.93057
H 3.42678 -1.39893 5.04814
H 0.67664 0.28158 2.33247
H 2.30897 2.05538 2.37387
H 1.83532 1.89936 4.11578
H 4.41727 1.52078 2.87147
H 4.06824 0.93264 4.56247
H 4.64853 -0.87984 2.66859
O -0.08448 -5.60683 4.03377
C -2.62794 -3.26527 0.27934
C -4.61231 -6.29728 3.54367
C -4.99053 -7.77799 3.4763
C -3.88057 -8.38999 4.30372
C -3.13753 -7.12602 4.74493
O -4.15432 -6.1625 4.86525
H -3.48715 -6.61666 1.73088
H -1.67035 -7.37575 3.11728
H -2.2108 -2.37257 0.78381
H -5.49065 -5.67494 3.2643
H -5.95016 -7.90248 4.02753
H -5.10197 -8.18916 2.44996
H -4.33555 -8.89321 5.1859
H -3.21816 -9.09948 3.76213
H -2.54158 -7.32543 5.66311
H -3.67051 -3.05886 -0.04002
H -2.011 -3.45551 -0.62287
H 5.03788 -4.42093 1.36554
H 3.31969 -4.87786 1.68136
H 4.58953 -5.15456 2.95244
H -2.17145 -1.16028 4.10619
H -2.40593 -2.14632 5.56363
H -2.05137 -2.77141 2.86533
H -1.21602 -3.64612 3.0239
$end

$opt
CONSTRAINT
tors           1           2           3           4    -104.211
tors           3           4           5           6     +47.368
tors           4           5           6           7    -104.211
tors           5           6           7           8    -142.105
tors           6           7           8           9     +85.263
tors           7           8           9          10     +47.368
tors           8           9          10          11    +142.105
tors           9          10          11          12    +123.158
tors          11          12          13          14     -47.368
ENDCONSTRAINT
$end

$rem
JOBTYPE                   OPT
METHOD                    B3LYP
DFT_D                     d3_op
BASIS                     STO-3G
GEOM_OPT_MAX_CYCLES       100
GEOM_OPT_TOL_GRADIENT     300
GEOM_OPT_TOL_DISPLACEMENT 1200
GEOM_OPT_TOL_ENERGY       100
SYMMETRY                  False
THRESH                    12
SCF_CONVERGENCE           8
MAX_SUB_FILE_NUM          128
MEM_STATIC                400
MEM_TOTAL                 4000
$end
