$molecule
0  1
O -3.94934 -3.66094 2.70899
C -3.26408 -4.56952 2.26188
C -3.36658 -6.02376 2.66595
C -2.57813 -6.46456 3.91009
C -1.91791 -5.36653 4.71416
O -1.99109 -4.18477 4.03334
C -1.04612 -3.21174 4.49104
C -1.74802 -2.15502 5.33768
O -3.17177 -2.31995 5.24481
C -3.7612 -1.71281 4.18504
C -4.49837 -0.45077 4.56516
C -5.93769 -0.66471 5.05594
C -6.30331 -2.08669 5.43141
O -6.10556 -2.60533 6.52067
O -2.51279 -4.34104 1.1503
O -7.02325 -2.77051 4.50369
O -3.13437 -1.5511 3.14195
C -7.58219 -4.01328 4.7131
C -3.93521 0.34325 5.77609
C -4.3728 1.80688 5.69141
C -5.84735 1.68121 6.00429
C -5.92635 0.18832 6.33665
O -4.66735 -0.11359 6.88486
H -4.47167 0.24956 3.69529
H -6.69031 -0.31403 4.3146
H -2.83488 0.31634 5.8737
H -3.87823 2.34063 6.53508
H -4.13098 2.33117 4.74197
H -6.07114 2.30142 6.90055
H -6.53466 1.94862 5.17256
H -6.80531 -0.01894 6.98671
O -1.31787 -5.54609 5.76725
C -2.33078 -3.11584 0.54609
C -4.79706 -6.39452 3.10165
C -5.01259 -7.90278 2.98138
C -4.18414 -8.39951 4.14732
C -3.71909 -7.06859 4.74585
O -4.79026 -6.19493 4.49348
H -3.08689 -6.63406 1.77693
H -1.78835 -7.2126 3.67752
H -1.79628 -2.42634 1.22954
H -5.5816 -5.84965 2.53141
H -6.08565 -8.10589 3.19903
H -4.74933 -8.33401 1.99164
H -4.86015 -8.92092 4.86126
H -3.33289 -9.06198 3.87902
H -3.44165 -7.20434 5.81454
H -3.30933 -2.68366 0.24658
H -1.7073 -3.25045 -0.36132
H -8.09188 -4.34513 3.78548
H -8.32808 -3.96185 5.53459
H -6.79678 -4.74879 4.97463
H -1.5118 -2.42603 6.38829
H -1.35561 -1.1279 5.18443
H -0.70278 -2.70306 3.56596
H -0.10942 -3.59812 4.95534
$end

$opt
CONSTRAINT
tors           1           2           3           4     -85.263
tors           3           4           5           6      -9.474
tors           4           5           6           7    -161.053
tors           5           6           7           8    -104.211
tors           6           7           8           9      -9.474
tors           7           8           9          10     -85.263
tors           8           9          10          11    -104.211
tors           9          10          11          12     -85.263
tors          11          12          13          14     +85.263
ENDCONSTRAINT
$end

$rem
JOBTYPE                   OPT
METHOD                    B3LYP
DFT_D                     d3_op
BASIS                     STO-3G
GEOM_OPT_MAX_CYCLES       100
GEOM_OPT_TOL_GRADIENT     300
GEOM_OPT_TOL_DISPLACEMENT 1200
GEOM_OPT_TOL_ENERGY       100
SYMMETRY                  False
THRESH                    12
SCF_CONVERGENCE           8
MAX_SUB_FILE_NUM          128
MEM_STATIC                400
MEM_TOTAL                 4000
$end
