$molecule
0  1
O -3.94934 -3.66094 2.70899
C -3.26408 -4.56952 2.26188
C -3.36658 -6.02376 2.66595
C -4.25419 -6.35572 3.87665
C -5.08044 -5.22016 4.4387
O -6.30369 -5.68547 4.82931
C -6.93008 -6.51671 3.8465
C -5.87274 -7.21668 2.99903
O -4.68283 -6.41448 2.94027
C -3.55435 -7.0712 2.57366
C -2.33965 -6.17492 2.53065
C -2.54405 -4.84251 1.795
C -3.98315 -4.44713 1.53159
O -4.88785 -4.47576 2.35333
O -2.27212 -3.17296 0.81712
O -4.39711 -3.84842 0.27896
O -3.43348 -8.36226 2.6437
C -5.63953 -3.29339 0.03046
C -0.98964 -6.07752 3.52907
C 0.34705 -6.18703 2.78527
C 0.32171 -4.88611 2.01331
C -0.94912 -4.23014 2.59061
O -0.95928 -4.72615 3.90465
H -1.63667 -6.90834 1.82906
H -1.85578 -5.12122 0.77795
H -1.04969 -6.7967 4.37409
H 1.14778 -6.13362 3.55805
H 0.51239 -7.10042 2.1743
H 1.22765 -4.30799 2.30343
H 0.29847 -4.97792 0.90784
H -0.80212 -3.13154 2.56137
O -4.63824 -4.26739 5.08141
C -2.43939 -1.7994 0.84431
C -3.44883 -6.68037 0.35861
C -3.74525 -8.13869 -0.00244
C -5.16993 -8.09286 0.41573
C -5.20059 -6.59882 0.95328
O -4.52563 -6.08842 -0.1117
H -3.10057 -5.20426 3.98741
H -3.89258 -7.07599 4.78503
H -2.11372 -1.39525 1.82375
H -2.58216 -6.50428 -0.31612
H -3.69867 -8.30088 -1.10553
H -3.06963 -8.88078 0.46638
H -5.80314 -8.13582 -0.5028
H -5.46242 -8.96245 1.04083
H -6.25833 -6.23586 0.84921
H -3.50136 -1.52952 0.68783
H -1.82954 -1.34156 0.03925
H -5.66225 -2.90628 -1.00846
H -5.8271 -2.45288 0.73106
H -6.43992 -4.0506 0.14498
H -5.6682 -8.15572 3.59879
H -6.55975 -7.73513 2.29009
H -7.49906 -5.83369 3.17721
H -7.65837 -7.21866 4.30858
$end

$opt
CONSTRAINT
tors           1           2           3           4      -9.474
tors           3           4           5           6    +142.105
tors           4           5           6           7     -47.368
tors           5           6           7           8     +28.421
tors           6           7           8           9     -28.421
tors           7           8           9          10    +161.053
tors           8           9          10          11    -180.000
tors           9          10          11          12     -47.368
tors          11          12          13          14     +47.368
ENDCONSTRAINT
$end

$rem
JOBTYPE                   OPT
METHOD                    B3LYP
DFT_D                     d3_op
BASIS                     STO-3G
GEOM_OPT_MAX_CYCLES       100
GEOM_OPT_TOL_GRADIENT     300
GEOM_OPT_TOL_DISPLACEMENT 1200
GEOM_OPT_TOL_ENERGY       100
SYMMETRY                  False
THRESH                    12
SCF_CONVERGENCE           8
MAX_SUB_FILE_NUM          128
MEM_STATIC                400
MEM_TOTAL                 4000
$end
