$molecule
0  1
O -3.94934 -3.66094 2.70899
C -3.26408 -4.56952 2.26188
C -3.36658 -6.02376 2.66595
C -4.55778 -6.42467 3.55148
C -5.60993 -5.36381 3.78738
O -5.37997 -4.29275 2.97168
C -4.37078 -4.54107 1.98724
C -3.99766 -6.01987 1.97842
O -4.91618 -6.76125 2.79668
C -6.00231 -6.07176 3.2257
C -6.13989 -4.72048 2.56556
C -5.18309 -4.47394 1.38997
C -4.49914 -5.70297 0.8257
O -4.76863 -6.85979 1.11505
O -1.9379 -4.24131 1.81886
O -3.91709 -5.49112 -0.45696
O -7.06111 -6.92115 3.26633
C -3.66022 -6.44578 -1.4271
C -7.5509 -4.95943 1.66636
C -8.2486 -3.70237 1.04654
C -7.43672 -3.54563 -0.1748
C -6.34192 -4.61458 0.13357
O -7.14238 -5.66587 0.55154
H -7.23568 -4.0389 3.06302
H -5.60017 -3.27931 0.97492
H -8.39345 -5.47857 2.19691
H -9.29447 -3.92549 0.73494
H -8.25637 -2.80852 1.70806
H -8.02365 -3.91162 -1.05121
H -7.09814 -2.50854 -0.39355
H -5.9439 -4.7503 -0.89758
O -5.86844 -4.92579 5.07245
C -1.32786 -3.01002 1.97249
C -2.23802 -7.16498 3.37351
C -1.68318 -6.9626 4.83132
C -2.88809 -7.33937 5.67431
C -3.88512 -7.7104 4.55338
O -3.02724 -8.31498 3.60627
H -2.5542 -5.4709 3.41808
H -4.10039 -5.84334 4.4888
H -1.25347 -2.76246 3.05223
H -1.36685 -7.3373 2.70153
H -0.89872 -7.7349 5.00035
H -1.23523 -5.96988 5.05576
H -2.64115 -8.24918 6.26571
H -3.26276 -6.54876 6.36024
H -4.69512 -8.37357 4.92636
H -1.88613 -2.20654 1.45093
H -0.30481 -3.05862 1.54714
H -2.57179 -6.46616 -1.64027
H -4.20163 -6.17249 -2.35574
H -3.98804 -7.46054 -1.11808
H -2.80594 -6.84248 1.00582
H -2.80594 -6.84248 1.00582
H -3.7084 -3.38278 0.74011
H -3.7084 -3.38278 0.74011
$end

$opt
CONSTRAINT
tors           1           2           3           4      +9.474
tors           3           4           5           6      +9.474
tors           4           5           6           7      +9.474
tors           5           6           7           8      +9.474
tors           6           7           8           9      +9.474
tors           7           8           9          10      +9.474
tors           8           9          10          11      +9.474
tors           9          10          11          12      +9.474
tors          11          12          13          14      +9.474
ENDCONSTRAINT
$end

$rem
JOBTYPE                   OPT
METHOD                    B3LYP
DFT_D                     d3_op
BASIS                     STO-3G
GEOM_OPT_MAX_CYCLES       100
GEOM_OPT_TOL_GRADIENT     300
GEOM_OPT_TOL_DISPLACEMENT 1200
GEOM_OPT_TOL_ENERGY       100
SYMMETRY                  False
THRESH                    12
SCF_CONVERGENCE           8
MAX_SUB_FILE_NUM          128
MEM_STATIC                400
MEM_TOTAL                 4000
$end
