$molecule
0  1
O -3.94934 -3.66094 2.70899
C -3.26408 -4.56952 2.26188
C -3.36658 -6.02376 2.66595
C -4.77372 -6.64113 2.71769
C -5.90468 -5.78727 2.1886
O -5.81428 -4.52587 2.70448
C -4.49501 -3.97651 2.62092
C -4.28112 -3.32793 1.25721
O -3.17309 -2.41604 1.31735
C -3.17608 -1.56354 2.37204
C -3.45348 -2.25423 3.68607
C -3.01501 -3.7246 3.74971
C -2.06535 -4.17872 2.65948
O -0.86546 -4.36752 2.79803
O -2.4644 -4.0435 0.45795
O -2.08313 -5.75144 1.12353
O -2.5991 -0.48976 2.27799
C -0.94951 -6.23978 0.45532
C -2.5803 -1.54985 4.7654
C -3.10329 -1.82816 6.17666
C -2.57528 -3.21157 6.37146
C -1.97246 -3.47289 4.96628
O -1.3755 -2.24005 4.68738
H -4.48193 -1.93669 4.02902
H -3.40011 -4.428 4.61578
H -2.51528 -0.44592 4.64593
H -2.62061 -1.15685 6.92211
H -4.2079 -1.72746 6.24534
H -1.71936 -3.16191 7.08408
H -3.30865 -3.95218 6.75861
H -1.24467 -4.30937 5.11046
O -6.90125 -6.20764 1.62306
C -1.32794 -3.31225 -0.00326
C -2.71569 -7.52436 2.53462
C -3.02213 -8.54934 3.67226
C -4.38747 -9.03498 3.24966
C -4.65145 -8.06004 2.11993
O -3.42022 -8.05117 1.44719
H -2.9887 -6.08848 3.70512
H -5.08096 -6.71044 3.7912
H -0.70718 -2.91878 0.82552
H -1.60883 -7.53007 2.51205
H -2.33063 -9.42211 3.64332
H -2.97932 -8.07501 4.67689
H -4.29966 -10.04421 2.78551
H -5.14903 -9.06306 4.05878
H -5.52317 -8.37889 1.5086
H -1.66913 -2.45153 -0.61648
H -0.69313 -3.91764 -0.67399
H -1.06775 -6.08592 -0.636
H -0.82825 -7.33313 0.57386
H -0.03182 -5.73448 0.81903
H -4.56621 -3.92538 0.32547
H -5.12248 -2.62423 0.97936
H -5.2407 -4.29915 3.85826
H -5.69742 -3.1288 2.77788
$end

$opt
CONSTRAINT
tors           1           2           3           4     +47.368
tors           3           4           5           6     -47.368
tors           4           5           6           7     +47.368
tors           5           6           7           8     +85.263
tors           6           7           8           9    +161.053
tors           7           8           9          10     -47.368
tors           8           9          10          11     +47.368
tors           9          10          11          12     +28.421
tors          11          12          13          14    +104.211
ENDCONSTRAINT
$end

$rem
JOBTYPE                   OPT
METHOD                    B3LYP
DFT_D                     d3_op
BASIS                     STO-3G
GEOM_OPT_MAX_CYCLES       100
GEOM_OPT_TOL_GRADIENT     300
GEOM_OPT_TOL_DISPLACEMENT 1200
GEOM_OPT_TOL_ENERGY       100
SYMMETRY                  False
THRESH                    12
SCF_CONVERGENCE           8
MAX_SUB_FILE_NUM          128
MEM_STATIC                400
MEM_TOTAL                 4000
$end
