$molecule
0  1
O -3.94934 -3.66094 2.70899
C -3.26408 -4.56952 2.26188
C -3.36658 -6.02376 2.66595
C -4.66266 -6.76517 2.29943
C -5.63801 -6.02118 1.41441
O -5.57726 -6.51242 0.14145
C -5.18555 -7.88823 0.08688
C -3.94562 -8.04745 -0.78682
O -3.07226 -9.03755 -0.22127
C -2.76155 -10.07535 -1.03709
C -3.96995 -10.66651 -1.72335
C -3.65931 -11.50877 -2.96929
C -2.21328 -11.92943 -3.13883
O -1.81961 -12.84373 -3.84852
O -2.27855 -4.27193 1.37628
O -1.32157 -10.89873 -3.06043
O -1.8485 -10.79831 -0.66355
C 0.03909 -10.95191 -3.31217
C -4.67984 -11.72277 -0.84258
C -6.13971 -11.86866 -1.27102
C -5.96754 -12.52616 -2.62568
C -4.45399 -12.78228 -2.61439
O -4.14094 -12.95402 -1.25387
H -4.75474 -9.95318 -2.01962
H -3.97992 -11.02777 -3.91993
H -4.62 -11.50192 0.24603
H -6.60134 -12.60356 -0.57265
H -6.74738 -10.93817 -1.26964
H -6.54429 -13.47743 -2.62785
H -6.25524 -11.89963 -3.49776
H -4.2056 -13.63808 -3.28017
O -6.15412 -4.94668 1.67932
C -2.01996 -3.00459 0.89826
C -2.21874 -7.02177 2.65472
C -2.15547 -7.75806 3.9886
C -3.49362 -8.48118 3.94574
C -3.94499 -8.18926 2.48542
O -2.70729 -8.02509 1.8395
H -3.45884 -5.78243 3.75345
H -5.33681 -6.79164 3.18521
H -1.75494 -2.32539 1.73653
H -1.24185 -6.58822 2.35239
H -1.32871 -8.4998 3.90085
H -1.98923 -7.13544 4.89416
H -3.29182 -9.56238 4.11801
H -4.24921 -8.12428 4.67797
H -4.52123 -9.09553 2.23344
H -2.90905 -2.61015 0.36117
H -1.16649 -3.04981 0.19113
H 0.58659 -10.61758 -2.40695
H 0.28216 -10.26566 -4.14909
H 0.39058 -11.97356 -3.5699
H -4.10447 -8.04465 -1.88893
H -3.37881 -7.09696 -0.68214
H -5.91353 -8.29036 -0.64919
H -5.72009 -8.62501 0.71293
$end

$opt
CONSTRAINT
tors           1           2           3           4     +66.316
tors           3           4           5           6    +104.211
tors           4           5           6           7     +28.421
tors           5           6           7           8    -123.158
tors           6           7           8           9    +142.105
tors           7           8           9          10    +123.158
tors           8           9          10          11     -47.368
tors           9          10          11          12    +161.053
tors          11          12          13          14    +161.053
ENDCONSTRAINT
$end

$rem
JOBTYPE                   OPT
METHOD                    B3LYP
DFT_D                     d3_op
BASIS                     STO-3G
GEOM_OPT_MAX_CYCLES       100
GEOM_OPT_TOL_GRADIENT     300
GEOM_OPT_TOL_DISPLACEMENT 1200
GEOM_OPT_TOL_ENERGY       100
SYMMETRY                  False
THRESH                    12
SCF_CONVERGENCE           8
MAX_SUB_FILE_NUM          128
MEM_STATIC                400
MEM_TOTAL                 4000
$end
