$molecule
0  1
O -3.94934 -3.66094 2.70899
C -3.26408 -4.56952 2.26188
C -3.36658 -6.02376 2.66595
C -4.41631 -6.88207 1.94122
C -5.12384 -6.23632 0.77054
O -6.27965 -6.91085 0.49747
C -7.3571 -6.04973 0.1143
C -8.69071 -6.77104 0.27957
O -9.70399 -6.10977 -0.49429
C -10.94105 -6.66154 -0.42824
C -11.67239 -6.62609 -1.74906
C -12.51976 -7.87013 -2.05338
C -12.79892 -8.7835 -0.87672
O -12.8648 -8.433 0.29262
O -2.25515 -4.24041 1.40879
O -12.84044 -10.11174 -1.1603
O -11.50199 -6.60967 0.65502
C -13.03155 -11.1019 -0.21942
C -12.74023 -5.51775 -1.8065
C -13.04473 -5.16941 -3.26269
C -13.79333 -6.41225 -3.69723
C -13.85955 -7.17114 -2.36664
O -13.92274 -6.15383 -1.39688
H -10.92146 -6.44145 -2.55174
H -12.17103 -8.47604 -2.91921
H -12.45266 -4.60393 -1.24152
H -13.75512 -4.31175 -3.25248
H -12.16148 -4.90598 -3.88349
H -14.81262 -6.10996 -4.02565
H -13.29919 -7.01372 -4.49067
H -14.71356 -7.88519 -2.37421
O -4.86686 -5.14129 0.2858
C -1.99442 -2.96178 0.96216
C -2.09928 -6.83821 2.29176
C -1.99849 -8.09372 3.1596
C -3.10091 -8.93944 2.56179
C -3.5509 -8.03288 1.41359
O -2.3761 -7.37029 1.01945
H -3.44595 -6.04384 3.77595
H -5.20221 -7.20948 2.65954
H -1.75903 -2.29665 1.82029
H -1.15626 -6.25614 2.38496
H -1.02162 -8.57699 2.93
H -2.07136 -7.91917 4.25457
H -2.65018 -9.87447 2.16058
H -3.93787 -9.18618 3.25046
H -4.06568 -8.62836 0.62724
H -2.87145 -2.56474 0.40758
H -1.12085 -2.98648 0.27902
H -13.02436 -12.08968 -0.72413
H -14.01172 -10.96511 0.2856
H -12.21444 -11.0785 0.53301
H -8.57897 -7.79995 -0.13119
H -8.95495 -6.84197 1.35816
H -7.21261 -5.79575 -0.95951
H -7.40085 -5.10837 0.71023
$end

$opt
CONSTRAINT
tors           1           2           3           4     +85.263
tors           3           4           5           6    -161.053
tors           4           5           6           7    +142.105
tors           5           6           7           8    -161.053
tors           6           7           8           9    -161.053
tors           7           8           9          10    -180.000
tors           8           9          10          11    -142.105
tors           9          10          11          12    +142.105
tors          11          12          13          14     +28.421
ENDCONSTRAINT
$end

$rem
JOBTYPE                   OPT
METHOD                    B3LYP
DFT_D                     d3_op
BASIS                     STO-3G
GEOM_OPT_MAX_CYCLES       100
GEOM_OPT_TOL_GRADIENT     300
GEOM_OPT_TOL_DISPLACEMENT 1200
GEOM_OPT_TOL_ENERGY       100
SYMMETRY                  False
THRESH                    12
SCF_CONVERGENCE           8
MAX_SUB_FILE_NUM          128
MEM_STATIC                400
MEM_TOTAL                 4000
$end
