$molecule
0  1
O -3.94934 -3.66094 2.70899
C -3.26408 -4.56952 2.26188
C -3.36658 -6.02376 2.66595
C -2.76261 -7.06348 1.7078
C -1.9673 -6.5228 0.54022
O -0.67699 -6.29287 0.92447
C -0.55551 -5.24282 1.88981
C -1.2134 -5.65655 3.20211
O -0.26046 -5.57687 4.27376
C 0.72438 -4.65882 4.11126
C 1.65626 -4.99131 2.97034
C 1.18462 -4.51375 1.58912
C 0.06778 -3.48936 1.58999
O -1.10322 -3.71721 1.3228
O -3.2851 -4.44799 0.88641
O 0.36172 -2.22934 2.02397
O 1.02599 -3.90099 5.02092
C -0.55601 -1.20467 2.12746
C 3.02233 -4.28569 3.12631
C 4.08698 -4.99692 2.28862
C 3.69307 -4.53723 0.90864
C 2.46977 -3.67039 1.24748
O 2.84169 -3.07214 2.46233
H 1.88058 -6.08253 3.04364
H 1.32166 -5.13904 0.64578
H 3.36613 -4.22181 4.18197
H 5.08736 -4.57354 2.53264
H 4.10418 -6.09833 2.43608
H 4.49554 -3.86806 0.52338
H 3.50736 -5.3449 0.16858
H 2.29716 -2.95871 0.40664
O -2.23765 -6.73504 -0.63652
C -3.61574 -3.34514 0.10561
C -3.81608 -6.94451 3.86633
C -5.02213 -7.85189 3.5135
C -4.34903 -8.89429 2.60236
C -2.89398 -8.37257 2.57917
O -2.82273 -7.94476 3.92943
H -4.41403 -5.92581 2.29364
H -3.60363 -7.30229 1.01585
H -3.83414 -2.43665 0.70543
H -3.96876 -6.36384 4.80048
H -5.36142 -8.3705 4.4381
H -5.89238 -7.32127 3.07081
H -4.35447 -9.87294 3.13336
H -4.82117 -9.03598 1.60641
H -2.16549 -9.15439 2.27777
H -4.50367 -3.59179 -0.5117
H -2.77178 -3.11206 -0.57572
H -0.04476 -0.29501 2.50336
H -1.36193 -1.48409 2.83952
H -0.99565 -0.98379 1.13123
H -1.84454 -4.96702 3.98382
H -1.17456 -6.79365 3.47974
H -1.33343 -5.39311 2.28776
H 0.02365 -6.22502 2.11524
$end

$opt
CONSTRAINT
tors           1           2           3           4    +161.053
tors           3           4           5           6     +85.263
tors           4           5           6           7     -66.316
tors           5           6           7           8     +66.316
tors           6           7           8           9    +123.158
tors           7           8           9          10     +28.421
tors           8           9          10          11     -66.316
tors           9          10          11          12     +85.263
tors          11          12          13          14    -104.211
ENDCONSTRAINT
$end

$rem
JOBTYPE                   OPT
METHOD                    B3LYP
DFT_D                     d3_op
BASIS                     STO-3G
GEOM_OPT_MAX_CYCLES       100
GEOM_OPT_TOL_GRADIENT     300
GEOM_OPT_TOL_DISPLACEMENT 1200
GEOM_OPT_TOL_ENERGY       100
SYMMETRY                  False
THRESH                    12
SCF_CONVERGENCE           8
MAX_SUB_FILE_NUM          128
MEM_STATIC                400
MEM_TOTAL                 4000
$end
