$molecule
0  1
O -3.94934 -3.66094 2.70899
C -3.26408 -4.56952 2.26188
C -3.36658 -6.02376 2.66595
C -2.40867 -7.01244 1.98128
C -1.33566 -6.41165 1.10049
O -0.33323 -7.31872 0.9061
C 0.96901 -6.72441 0.89181
C 1.69016 -7.0069 2.20569
O 2.68138 -8.02776 2.01026
C 2.55804 -9.11998 2.80461
C 1.52979 -8.94063 3.89603
C 1.32616 -7.49152 4.36176
C 1.89238 -6.41947 3.45246
O 2.70172 -5.56481 3.78274
O -2.21611 -4.07419 1.56447
O 0.6819 -5.51154 3.43022
O 3.09147 -10.18419 2.53492
C 0.63343 -4.14045 3.18984
C 0.15029 -9.5068 3.83883
C -0.33312 -9.9118 5.22833
C -0.40084 -8.55771 5.91459
C -0.14464 -7.61241 4.72113
O -0.56888 -8.34612 3.6199
H 2.04917 -9.46895 4.73138
H 1.89416 -7.3248 5.30657
H 0.03011 -10.31849 3.08984
H -1.36897 -10.29875 5.09362
H 0.2741 -10.67664 5.75827
H -1.42343 -8.43562 6.33467
H 0.35373 -8.396 6.71431
H -0.64803 -6.6432 4.92098
O -1.62923 -5.76052 0.10151
C -2.06419 -2.76449 1.13662
C -3.80231 -6.7144 3.96974
C -5.02873 -7.58537 3.70619
C -4.41903 -8.59698 2.72877
C -2.9009 -8.24778 2.83123
O -2.8466 -7.72659 4.14264
H -4.2969 -6.08743 2.04916
H -2.93042 -7.39317 1.07033
H -2.02391 -2.07489 2.00659
H -3.90693 -6.02006 4.83045
H -5.26733 -8.09498 4.6684
H -5.9397 -7.06766 3.33609
H -4.64075 -9.6154 3.11813
H -4.77967 -8.51658 1.68072
H -2.359 -9.18605 2.58392
H -2.90579 -2.48273 0.46832
H -1.11709 -2.67299 0.56606
H 0.05284 -3.95967 2.27805
H 1.62932 -3.68547 3.01019
H 0.1521 -3.63242 4.04996
H 2.48643 -6.38906 1.47038
H 1.02069 -7.86155 2.08341
H 0.87297 -5.61452 0.6705
H 1.45335 -7.16754 -0.03043
$end

$opt
CONSTRAINT
tors           1           2           3           4    -180.000
tors           3           4           5           6    +161.053
tors           4           5           6           7    -142.105
tors           5           6           7           8    +104.211
tors           6           7           8           9    +104.211
tors           7           8           9          10    -123.158
tors           8           9          10          11      -9.474
tors           9          10          11          12     -28.421
tors          11          12          13          14    -123.158
ENDCONSTRAINT
$end

$rem
JOBTYPE                   OPT
METHOD                    B3LYP
DFT_D                     d3_op
BASIS                     STO-3G
GEOM_OPT_MAX_CYCLES       100
GEOM_OPT_TOL_GRADIENT     300
GEOM_OPT_TOL_DISPLACEMENT 1200
GEOM_OPT_TOL_ENERGY       100
SYMMETRY                  False
THRESH                    12
SCF_CONVERGENCE           8
MAX_SUB_FILE_NUM          128
MEM_STATIC                400
MEM_TOTAL                 4000
$end
