$molecule
0  1
O -3.94934 -3.66094 2.70899
C -3.26408 -4.56952 2.26188
C -3.36658 -6.02376 2.66595
C -2.05341 -6.76154 2.97437
C -0.79929 -5.9169 3.01716
O -1.04747 -4.68978 2.47124
C -0.17676 -4.37227 1.38024
C -0.1671 -5.51185 0.36663
O -1.44127 -5.59246 -0.29129
C -2.51905 -5.64852 0.52992
C -3.82352 -5.41584 -0.19457
C -3.87501 -4.13469 -1.03973
C -2.53977 -3.47685 -1.32452
O -2.3378 -2.27184 -1.36593
O -2.50832 -3.67312 1.37173
O -1.68721 -4.19357 -2.11704
O -2.57974 -6.87407 0.64412
C -0.5376 -3.70225 -2.7054
C -4.20385 -6.43445 -1.34307
C -5.71874 -6.43986 -1.56239
C -5.91509 -5.0821 -2.19861
C -4.45433 -4.65252 -2.36512
O -3.7522 -5.85429 -2.5384
H -4.70452 -5.4475 0.47888
H -4.51666 -3.35461 -0.57284
H -3.88081 -7.48478 -1.17905
H -5.92577 -7.22088 -2.32981
H -6.34577 -6.64272 -0.66774
H -6.41319 -5.22321 -3.18334
H -6.47985 -4.34709 -1.58485
H -4.35283 -3.90579 -3.1837
O 0.31432 -6.3268 3.32013
C -2.44982 -2.25187 1.45553
C -4.00638 -6.07771 4.09318
C -4.60132 -7.45741 4.39794
C -3.34268 -8.26814 4.56404
C -2.29443 -7.15672 4.44927
O -2.92322 -6.02212 4.97792
H -4.18982 -6.57234 2.15275
H -1.8139 -7.72334 2.46691
H -2.14059 -1.95154 2.47991
H -4.80121 -5.31861 4.26465
H -5.10377 -7.37984 5.38941
H -5.32966 -7.85381 3.65819
H -3.34266 -8.71198 5.58455
H -3.18527 -9.06378 3.80403
H -1.36282 -7.47393 4.97049
H -3.43882 -1.80259 1.22027
H -1.69647 -1.80572 0.78558
H -0.04264 -4.51755 -3.27143
H 0.16118 -3.32928 -1.92664
H -0.78753 -2.87993 -3.40903
H 0.60465 -5.30424 -0.40346
H 0.10452 -6.49954 0.79329
H 0.85772 -4.29863 1.78418
H -0.31136 -3.40237 0.88671
$end

$opt
CONSTRAINT
tors           1           2           3           4    -133.295
tors           3           4           5           6     -13.680
tors           4           5           6           7    -123.158
tors           5           6           7           8     +51.063
tors           6           7           8           9     +68.716
tors           7           8           9          10     -51.955
tors           8           9          10          11    +166.906
tors           9          10          11          12     -52.767
tors          11          12          13          14    -142.615
ENDCONSTRAINT
$end

$rem
JOBTYPE                   OPT
METHOD                    B3LYP
DFT_D                     d3_op
BASIS                     STO-3G
GEOM_OPT_MAX_CYCLES       100
GEOM_OPT_TOL_GRADIENT     300
GEOM_OPT_TOL_DISPLACEMENT 1200
GEOM_OPT_TOL_ENERGY       100
SYMMETRY                  False
THRESH                    12
SCF_CONVERGENCE           8
MAX_SUB_FILE_NUM          128
MEM_STATIC                400
MEM_TOTAL                 4000
$end
