$molecule
0  1
O -3.94934 -3.66094 2.70899
C -3.26408 -4.56952 2.26188
C -3.36658 -6.02376 2.66595
C -2.97353 -6.38153 4.10864
C -2.69204 -5.22192 5.03825
O -2.03508 -4.23386 4.36181
C -0.76717 -3.90365 4.93852
C -0.04997 -2.87098 4.07519
O 1.2211 -2.54346 4.65827
C 1.7741 -1.37962 4.23539
C 2.83818 -0.85925 5.1722
C 3.12029 -1.75065 6.39043
C 2.57977 -3.16441 6.31409
O 3.1713 -4.17008 6.67914
O -2.38464 -4.28986 1.26369
O 1.32797 -3.1334 6.88899
O 1.42657 -0.78363 3.2238
C 0.80852 -4.10007 7.74175
C 4.23046 -0.77584 4.52484
C 5.07576 0.25458 5.27035
C 5.31384 -0.47188 6.57754
C 4.66002 -1.82437 6.26365
O 4.85166 -1.98479 4.87928
H 2.50697 0.15806 5.48059
H 2.823 -1.29313 7.3619
H 4.1996 -0.53937 3.43891
H 6.04392 0.33599 4.72645
H 4.62368 1.26544 5.36601
H 6.41167 -0.58583 6.71891
H 4.86082 0.00189 7.47542
H 5.10696 -2.61181 6.90976
O -2.58891 -5.37665 6.24948
C -2.18215 -3.03161 0.73625
C -4.82098 -6.51724 2.6232
C -4.85647 -8.04056 2.50276
C -4.42697 -8.44227 3.89766
C -4.28421 -7.06554 4.55373
O -5.28432 -6.29537 3.93139
H -2.74612 -6.60468 1.94586
H -2.10827 -7.07797 4.17593
H -1.83164 -2.3356 1.52784
H -5.41352 -6.05105 1.80528
H -5.9173 -8.34613 2.35744
H -4.23664 -8.45161 1.67698
H -5.26432 -8.99867 4.37524
H -3.49335 -9.04257 3.9554
H -4.36538 -7.16521 5.65852
H -3.12444 -2.64756 0.29037
H -1.40888 -3.08968 -0.05685
H -0.20663 -3.80032 8.0734
H 1.44764 -4.19418 8.64589
H 0.75055 -5.0842 7.22834
H 0.09964 -3.25855 3.04387
H -0.70962 -1.97318 4.03935
H -0.12743 -4.81249 5.00301
H -0.94585 -3.45643 5.93454
$end

$opt
CONSTRAINT
tors           1           2           3           4     -66.316
tors           3           4           5           6     -38.201
tors           4           5           6           7    -121.796
tors           5           6           7           8    +175.851
tors           6           7           8           9    -180.000
tors           7           8           9          10    -161.053
tors           8           9          10          11    +161.053
tors           9          10          11          12      +1.625
tors          11          12          13          14    +138.655
ENDCONSTRAINT
$end

$rem
JOBTYPE                   OPT
METHOD                    B3LYP
DFT_D                     d3_op
BASIS                     STO-3G
GEOM_OPT_MAX_CYCLES       100
GEOM_OPT_TOL_GRADIENT     300
GEOM_OPT_TOL_DISPLACEMENT 1200
GEOM_OPT_TOL_ENERGY       100
SYMMETRY                  False
THRESH                    12
SCF_CONVERGENCE           8
MAX_SUB_FILE_NUM          128
MEM_STATIC                400
MEM_TOTAL                 4000
$end
