$molecule
0  1
O -3.94934 -3.66094 2.70899
C -3.26408 -4.56952 2.26188
C -3.36658 -6.02376 2.66595
C -3.36795 -7.06811 1.5376
C -3.08802 -6.55426 0.14271
O -2.66202 -7.57959 -0.65268
C -2.31966 -7.15959 -1.97769
C -1.85473 -8.35417 -2.8041
O -1.51265 -7.92718 -4.13208
C -2.17036 -8.55947 -5.13546
C -2.13049 -7.79608 -6.43788
C -3.09436 -8.30819 -7.51814
C -4.18404 -9.24678 -7.04025
O -4.34885 -10.39557 -7.42455
O -2.19412 -4.23487 1.4891
O -5.03338 -8.76454 -6.09023
O -2.64763 -9.67964 -5.00066
C -6.07062 -9.48154 -5.53181
C -2.62496 -6.33019 -6.3336
C -2.00914 -5.50763 -7.46537
C -2.7507 -6.07278 -8.6618
C -3.75391 -6.98967 -7.95122
O -3.97834 -6.35968 -6.71374
H -1.06533 -7.76951 -6.76119
H -2.54903 -8.82808 -8.33657
H -2.40624 -5.85141 -5.35455
H -2.33912 -4.45521 -7.30878
H -0.90071 -5.53106 -7.54002
H -3.2654 -5.23576 -9.18338
H -2.12563 -6.64665 -9.38002
H -4.65383 -7.16124 -8.58244
O -3.63898 -5.56075 -0.31795
C -1.89346 -2.95169 1.08256
C -2.12227 -6.45723 3.46454
C -2.45734 -7.66383 4.33727
C -2.58223 -8.74099 3.2839
C -2.18982 -7.95001 2.03007
O -1.26231 -7.0052 2.49924
H -4.26104 -6.11138 3.32351
H -4.31827 -7.64426 1.48647
H -1.71492 -2.30159 1.96552
H -1.69759 -5.64062 4.08961
H -1.55922 -7.87841 4.96001
H -3.34167 -7.54014 4.99876
H -1.82687 -9.52932 3.49995
H -3.59064 -9.19816 3.18621
H -1.80636 -8.6609 1.26777
H -2.7261 -2.53952 0.47337
H -0.97389 -2.9733 0.46262
H -6.59381 -8.84483 -4.78934
H -5.67757 -10.38338 -5.01562
H -6.79439 -9.78329 -6.31872
H -0.95028 -8.78747 -2.32647
H -2.66103 -9.12088 -2.76077
H -1.50397 -6.40195 -1.94556
H -3.21023 -6.72393 -2.48562
$end

$opt
CONSTRAINT
tors           1           2           3           4    +134.469
tors           3           4           5           6    +158.929
tors           4           5           6           7    -177.416
tors           5           6           7           8    -180.000
tors           6           7           8           9    -180.000
tors           7           8           9          10    -123.763
tors           8           9          10          11    +161.053
tors           9          10          11          12    -167.741
tors          11          12          13          14    -119.972
ENDCONSTRAINT
$end

$rem
JOBTYPE                   OPT
METHOD                    B3LYP
DFT_D                     d3_op
BASIS                     STO-3G
GEOM_OPT_MAX_CYCLES       100
GEOM_OPT_TOL_GRADIENT     300
GEOM_OPT_TOL_DISPLACEMENT 1200
GEOM_OPT_TOL_ENERGY       100
SYMMETRY                  False
THRESH                    12
SCF_CONVERGENCE           8
MAX_SUB_FILE_NUM          128
MEM_STATIC                400
MEM_TOTAL                 4000
$end
