$molecule
0  1
O -3.94934 -3.66094 2.70899
C -3.26408 -4.56952 2.26188
C -3.36658 -6.02376 2.66595
C -3.36795 -7.06811 1.5376
C -3.08802 -6.55426 0.14271
O -2.66202 -7.57959 -0.65268
C -2.31966 -7.15959 -1.97769
C -1.85473 -8.35417 -2.8041
O -2.12614 -8.12222 -4.19529
C -3.26228 -8.69024 -4.67035
C -3.7369 -8.06616 -5.96106
C -3.04664 -6.74603 -6.33397
C -1.76924 -6.43263 -5.58116
O -0.64057 -6.4838 -6.04812
O -2.1943 -4.23515 1.48865
O -1.95493 -5.5849 -4.52987
O -3.79137 -9.68756 -4.19638
C -0.96077 -4.7901 -3.99056
C -3.46641 -8.92161 -7.20776
C -4.45313 -8.54024 -8.30902
C -3.94254 -7.1623 -8.68016
C -2.68858 -7.08565 -7.7994
O -2.2527 -8.42196 -7.71086
H -4.83146 -7.90422 -5.83445
H -3.71689 -5.85943 -6.27244
H -3.50474 -10.01496 -7.00934
H -4.2688 -9.23048 -9.16341
H -5.52667 -8.58709 -8.02573
H -3.66739 -7.17049 -9.75826
H -4.64067 -6.3232 -8.47038
H -1.96293 -6.36358 -8.23484
O -3.63713 -5.55942 -0.31751
C -1.89415 -2.95257 1.08001
C -2.12218 -6.45712 3.46445
C -2.45708 -7.6638 4.33716
C -2.58184 -8.74093 3.28376
C -2.18964 -7.94984 2.02995
O -1.26222 -7.00493 2.49907
H -4.26098 -6.1114 3.32358
H -4.31811 -7.6445 1.48645
H -1.71558 -2.30108 1.96188
H -1.69756 -5.64049 4.08953
H -1.55893 -7.87828 4.95987
H -3.34141 -7.54022 4.99864
H -1.82631 -9.52913 3.49971
H -3.59017 -9.19829 3.18612
H -1.80613 -8.66066 1.2676
H -2.727 -2.5417 0.47032
H -0.97481 -2.975 0.45972
H -1.37851 -4.20434 -3.14597
H -0.58246 -4.08155 -4.758
H -0.12082 -5.41652 -3.62088
H -0.78415 -8.58845 -2.62729
H -2.41055 -9.24019 -2.42438
H -1.54648 -6.36719 -1.97105
H -3.25362 -6.77667 -2.45005
$end

$opt
CONSTRAINT
tors           1           2           3           4    +134.469
tors           3           4           5           6    +158.929
tors           4           5           6           7    -177.416
tors           5           6           7           8    -180.000
tors           6           7           8           9    +152.284
tors           7           8           9          10     -97.853
tors           8           9          10          11    +161.053
tors           9          10          11          12     -12.367
tors          11          12          13          14    +107.375
ENDCONSTRAINT
$end

$rem
JOBTYPE                   OPT
METHOD                    B3LYP
DFT_D                     d3_op
BASIS                     STO-3G
GEOM_OPT_MAX_CYCLES       100
GEOM_OPT_TOL_GRADIENT     300
GEOM_OPT_TOL_DISPLACEMENT 1200
GEOM_OPT_TOL_ENERGY       100
SYMMETRY                  False
THRESH                    12
SCF_CONVERGENCE           8
MAX_SUB_FILE_NUM          128
MEM_STATIC                400
MEM_TOTAL                 4000
$end
