$molecule
0  1
O -3.94934 -3.66094 2.70899
C -3.26408 -4.56952 2.26188
C -3.36658 -6.02376 2.66595
C -3.36795 -7.06811 1.5376
C -3.08802 -6.55426 0.14271
O -2.66202 -7.57959 -0.65268
C -2.31966 -7.15959 -1.97769
C -1.01873 -7.82188 -2.41936
O -0.76428 -7.52714 -3.80185
C -1.86017 -7.48013 -4.59932
C -2.29107 -6.06974 -4.92458
C -2.24862 -5.09093 -3.74204
C -1.463 -5.5517 -2.53076
O -1.74162 -6.51317 -1.82897
O -2.20328 -4.22845 1.47925
O -0.40011 -4.77807 -2.15672
O -2.53001 -8.46938 -4.861
C 0.44461 -5.01961 -1.09238
C -1.34908 -5.34834 -5.91328
C -2.13447 -4.27303 -6.65993
C -2.38782 -3.28454 -5.53928
C -1.53124 -3.90734 -4.42699
O -0.49603 -4.56748 -5.11232
H -3.29639 -6.13667 -5.40035
H -3.26879 -4.82864 -3.38481
H -0.85188 -6.03506 -6.63278
H -1.4258 -3.81542 -7.38758
H -3.04191 -4.61238 -7.20419
H -1.99789 -2.29155 -5.85464
H -3.44742 -3.19673 -5.21467
H -1.22101 -3.11756 -3.70861
O -3.68877 -5.58743 -0.31623
C -1.92477 -2.93953 1.07049
C -2.11911 -6.45568 3.46076
C -2.45025 -7.66212 4.33511
C -2.57798 -8.73984 3.2827
C -2.18879 -7.94956 2.02755
O -1.26104 -7.00347 2.49352
H -4.25879 -6.11216 3.32641
H -4.31932 -7.64261 1.48719
H -1.75178 -2.28653 1.95245
H -1.69322 -5.63853 4.08432
H -1.54953 -7.8755 4.9545
H -3.33211 -7.53919 5.0
H -1.82255 -9.52844 3.49747
H -3.58691 -9.19638 3.18738
H -1.80635 -8.66054 1.2648
H -2.76724 -2.54099 0.46564
H -1.00925 -2.93891 0.44663
H 1.15081 -4.17018 -0.99396
H 1.04185 -5.93502 -1.26599
H -0.13429 -5.11878 -0.15085
H -0.03614 -7.76537 -1.84119
H -1.16257 -8.93126 -2.34993
H -3.40506 -7.20687 -2.60807
H -3.00704 -7.98071 -2.5035
$end

$opt
CONSTRAINT
tors           1           2           3           4    +134.469
tors           3           4           5           6    +158.929
tors           4           5           6           7    -177.416
tors           5           6           7           8    +136.411
tors           6           7           8           9    +173.050
tors           7           8           9          10     -36.700
tors           8           9          10          11    +102.565
tors           9          10          11          12     -42.344
tors          11          12          13          14     -64.269
ENDCONSTRAINT
$end

$rem
JOBTYPE                   OPT
METHOD                    B3LYP
DFT_D                     d3_op
BASIS                     STO-3G
GEOM_OPT_MAX_CYCLES       100
GEOM_OPT_TOL_GRADIENT     300
GEOM_OPT_TOL_DISPLACEMENT 1200
GEOM_OPT_TOL_ENERGY       100
SYMMETRY                  False
THRESH                    12
SCF_CONVERGENCE           8
MAX_SUB_FILE_NUM          128
MEM_STATIC                400
MEM_TOTAL                 4000
$end
