$molecule
0  1
O -3.94934 -3.66094 2.70899
C -3.26408 -4.56952 2.26188
C -3.36658 -6.02376 2.66595
C -4.33732 -6.90837 1.86659
C -4.96444 -6.28386 0.63989
O -5.4033 -7.26226 -0.20602
C -5.9947 -6.74755 -1.40375
C -6.45916 -7.89438 -2.29548
O -7.15001 -7.3739 -3.44209
C -8.41159 -7.83748 -3.62281
C -9.23763 -6.95701 -4.53006
C -9.14045 -5.45284 -4.23628
C -7.991 -5.02649 -3.34538
O -8.0975 -4.6154 -2.19898
O -2.31378 -4.25882 1.33775
O -6.79314 -4.81884 -3.96612
O -8.90083 -8.78406 -3.01872
C -5.85172 -3.89175 -3.56045
C -8.79464 -6.97673 -6.00963
C -9.98246 -6.60638 -6.89706
C -10.14477 -5.1376 -6.55265
C -8.90914 -4.92714 -5.66726
O -7.96916 -5.84931 -6.16518
H -10.28461 -7.33685 -4.48842
H -10.07375 -5.07126 -3.76641
H -8.36045 -7.95002 -6.32656
H -9.62796 -6.6884 -7.94992
H -10.89782 -7.2245 -6.77522
H -10.07769 -4.54773 -7.49341
H -11.07515 -4.87912 -6.00188
H -8.59775 -3.85914 -5.67199
O -5.01517 -5.08736 0.38063
C -2.08602 -2.98973 0.84853
C -2.03515 -6.77443 2.4525
C -1.97803 -8.01454 3.34217
C -2.96624 -8.90823 2.63202
C -3.33637 -8.0199 1.43971
O -2.15414 -7.31441 1.16396
H -3.58141 -6.02428 3.75807
H -5.16025 -7.3476 2.47233
H -1.79787 -2.30645 1.67572
H -1.13962 -6.14119 2.63866
H -0.96141 -8.45736 3.23884
H -2.19126 -7.8273 4.41661
H -2.42481 -9.81364 2.27663
H -3.85387 -9.20958 3.22914
H -3.70369 -8.67272 0.61966
H -2.99807 -2.60583 0.34326
H -1.2584 -3.02769 0.11098
H -4.95937 -3.96846 -4.21461
H -5.54711 -4.04704 -2.50735
H -6.27366 -2.86869 -3.65433
H -5.57012 -8.46627 -2.63656
H -7.06967 -8.57679 -1.66347
H -5.26076 -6.14054 -1.96956
H -6.87946 -6.17181 -1.0944
$end

$opt
CONSTRAINT
tors           1           2           3           4     +89.949
tors           3           4           5           6    +158.929
tors           4           5           6           7    -179.173
tors           5           6           7           8    -180.000
tors           6           7           8           9    +175.247
tors           7           8           9          10    -123.763
tors           8           9          10          11    +161.053
tors           9          10          11          12     -45.689
tors          11          12          13          14    -109.972
ENDCONSTRAINT
$end

$rem
JOBTYPE                   OPT
METHOD                    B3LYP
DFT_D                     d3_op
BASIS                     STO-3G
GEOM_OPT_MAX_CYCLES       100
GEOM_OPT_TOL_GRADIENT     300
GEOM_OPT_TOL_DISPLACEMENT 1200
GEOM_OPT_TOL_ENERGY       100
SYMMETRY                  False
THRESH                    12
SCF_CONVERGENCE           8
MAX_SUB_FILE_NUM          128
MEM_STATIC                400
MEM_TOTAL                 4000
$end
