$molecule
0  1
O -3.94934 -3.66094 2.70899
C -3.26408 -4.56952 2.26188
C -3.36658 -6.02376 2.66595
C -3.36795 -7.06811 1.5376
C -3.08802 -6.55426 0.14271
O -3.06798 -7.5961 -0.74023
C -2.74976 -7.1952 -2.07712
C -2.54166 -8.42244 -2.95844
O -3.80651 -8.89026 -3.4526
C -4.10004 -10.18403 -3.17128
C -4.63505 -10.37512 -1.77202
C -4.81171 -11.83836 -1.34076
C -4.11119 -12.87018 -2.20175
O -4.36098 -14.0668 -2.21857
O -2.1135 -4.20389 1.62511
O -2.91514 -12.50301 -2.74383
O -4.53035 -10.87669 -4.08199
C -2.0731 -13.34207 -3.44421
C -3.68957 -10.20408 -0.50406
C -4.61363 -9.85914 0.66776
C -5.23307 -11.18898 0.98485
C -4.3856 -12.04516 0.06518
O -3.16692 -11.42998 -0.04658
H -5.55295 -9.75552 -1.65346
H -5.88678 -12.09152 -1.4838
H -2.80099 -9.63378 -0.6498
H -3.93784 -9.67426 1.49239
H -5.35487 -9.04854 0.5133
H -5.07763 -11.43211 2.06032
H -6.31062 -11.28322 0.72419
H -4.3732 -13.11584 0.36895
O -3.1037 -5.39089 -0.23289
C -1.76362 -2.90565 1.31424
C -2.06831 -6.38955 3.42341
C -2.30964 -7.55725 4.36043
C -2.45947 -8.66758 3.35819
C -2.16471 -7.91927 2.03472
O -1.23923 -6.9424 2.43261
H -4.24036 -6.12443 3.34973
H -4.34846 -7.54555 1.5386
H -1.67566 -2.2998 2.24126
H -1.6365 -5.54086 4.00066
H -1.37716 -7.72241 4.9468
H -3.16767 -7.42084 5.05384
H -1.66074 -9.41804 3.55167
H -3.44798 -9.15918 3.43301
H -1.79637 -8.63077 1.26628
H -2.52431 -2.45602 0.64095
H -0.78321 -2.9082 0.79545
H -1.18008 -12.77035 -3.76991
H -2.59157 -13.73971 -4.3426
H -1.74278 -14.182 -2.79648
H -1.99446 -8.07352 -3.86052
H -1.88246 -9.19578 -2.50814
H -1.76384 -6.67467 -2.04809
H -3.50805 -6.50736 -2.5147
$end

$opt
CONSTRAINT
tors           1           2           3           4    +134.469
tors           3           4           5           6    +177.549
tors           4           5           6           7    -177.416
tors           5           6           7           8    +171.595
tors           6           7           8           9     +84.598
tors           7           8           9          10    -123.763
tors           8           9          10          11     +80.788
tors           9          10          11          12    -172.458
tors          11          12          13          14    -162.548
ENDCONSTRAINT
$end

$rem
JOBTYPE                   OPT
METHOD                    B3LYP
DFT_D                     d3_op
BASIS                     STO-3G
GEOM_OPT_MAX_CYCLES       100
GEOM_OPT_TOL_GRADIENT     300
GEOM_OPT_TOL_DISPLACEMENT 1200
GEOM_OPT_TOL_ENERGY       100
SYMMETRY                  False
THRESH                    12
SCF_CONVERGENCE           8
MAX_SUB_FILE_NUM          128
MEM_STATIC                400
MEM_TOTAL                 4000
$end
