$molecule
0  1
O -3.94934 -3.66094 2.70899
C -3.26408 -4.56952 2.26188
C -3.36658 -6.02376 2.66595
C -4.34104 -6.90721 1.86984
C -4.97192 -6.28176 0.64554
O -4.04303 -5.54069 -0.02782
C -4.62331 -4.62482 -0.96254
C -4.08492 -3.21803 -0.72335
O -4.29901 -2.40725 -1.8894
C -3.4033 -1.40625 -2.07607
C -2.88222 -1.33944 -3.49193
C -1.38502 -1.02131 -3.61634
C -0.57026 -1.1697 -2.34715
O -0.01078 -0.25914 -1.7535
O -2.10568 -4.20023 1.64633
O -0.43382 -2.42987 -1.85389
O -3.22435 -0.52828 -1.24397
C 0.56991 -2.80861 -0.98476
C -2.95313 -2.6345 -4.33801
C -2.96672 -2.27451 -5.8241
C -1.54049 -1.79754 -6.01776
C -0.95984 -2.09452 -4.63131
O -1.68251 -3.22301 -4.19535
H -3.48856 -0.54787 -3.98769
H -1.22786 0.02156 -3.97203
H -3.82309 -3.28567 -4.1091
H -3.09933 -3.22633 -6.38728
H -3.75457 -1.55548 -6.1357
H -1.05869 -2.43563 -6.79149
H -1.43034 -0.72423 -6.28526
H 0.14559 -2.20845 -4.68086
O -6.1779 -6.29643 0.43019
C -1.52743 -2.9428 1.73646
C -2.05339 -6.81491 2.44078
C -2.03231 -8.07338 3.31134
C -3.02306 -8.94325 2.5712
C -3.38201 -8.0208 1.40502
O -2.18358 -7.33421 1.14279
H -3.57823 -6.02615 3.75851
H -5.1605 -7.33331 2.49099
H -0.48296 -3.05293 2.09332
H -1.13646 -6.21966 2.64342
H -1.02359 -8.53682 3.22332
H -2.2632 -7.89296 4.38327
H -2.48555 -9.83706 2.18241
H -3.91017 -9.26322 3.15937
H -3.79815 -8.61449 0.56077
H -2.05499 -2.26948 2.44477
H -1.52565 -2.45073 0.74951
H 0.42451 -3.87066 -0.69905
H 0.56851 -2.17707 -0.07295
H 1.55632 -2.70513 -1.48475
H -4.50218 -2.74754 0.19172
H -2.99137 -3.361 -0.61218
H -5.73358 -4.57864 -1.01275
H -4.26908 -4.94728 -1.96571
$end

$opt
CONSTRAINT
tors           1           2           3           4     +89.736
tors           3           4           5           6     +40.620
tors           4           5           6           7    -163.351
tors           5           6           7           8    +127.690
tors           6           7           8           9    +160.958
tors           7           8           9          10    -151.490
tors           8           9          10          11    +133.009
tors           9          10          11          12    -140.428
tors          11          12          13          14    -114.867
ENDCONSTRAINT
$end

$rem
JOBTYPE                   OPT
METHOD                    B3LYP
DFT_D                     d3_op
BASIS                     STO-3G
GEOM_OPT_MAX_CYCLES       100
GEOM_OPT_TOL_GRADIENT     300
GEOM_OPT_TOL_DISPLACEMENT 1200
GEOM_OPT_TOL_ENERGY       100
SYMMETRY                  False
THRESH                    12
SCF_CONVERGENCE           8
MAX_SUB_FILE_NUM          128
MEM_STATIC                400
MEM_TOTAL                 4000
$end
