$molecule
0  1
O -3.94934 -3.66094 2.70899
C -3.26408 -4.56952 2.26188
C -3.36658 -6.02376 2.66595
C -4.77435 -6.63902 2.7251
C -5.90688 -5.78326 2.20249
O -6.97331 -6.57251 1.87813
C -8.06775 -5.83842 1.31905
C -9.21721 -6.78292 0.98317
O -10.31345 -6.04091 0.4259
C -11.54895 -6.51586 0.72106
C -12.65738 -5.69284 0.10896
C -13.89187 -5.50313 1.00247
C -13.70526 -5.84161 2.46784
O -14.37872 -6.64087 3.10202
O -2.42227 -4.27591 1.23395
O -12.69367 -5.19908 3.11351
O -11.74942 -7.6431 1.15806
C -12.36157 -5.39704 4.43701
C -12.32915 -4.21596 -0.22092
C -13.27768 -3.70949 -1.30833
C -14.5767 -3.61458 -0.53381
C -14.08712 -3.98276 0.87022
O -12.76548 -3.49748 0.9065
H -12.93268 -6.22192 -0.83131
H -14.7692 -6.0848 0.64132
H -11.27981 -4.03837 -0.53842
H -12.95024 -2.67869 -1.57455
H -13.31806 -4.32826 -2.23047
H -14.92531 -2.55822 -0.56072
H -15.3873 -4.29246 -0.87881
H -14.77696 -3.58021 1.64473
O -5.89014 -4.60633 1.88546
C -2.24664 -3.01551 0.70171
C -2.64153 -6.99628 1.7167
C -2.32617 -8.3048 2.44179
C -3.70106 -8.92717 2.50398
C -4.52662 -7.85574 1.78817
O -3.64577 -7.36296 0.8081
H -2.9041 -6.0592 3.67739
H -5.07282 -6.99047 3.73774
H -1.86904 -2.32023 1.48164
H -1.70496 -6.58797 1.28023
H -1.68531 -8.92963 1.77942
H -1.82184 -8.16469 3.4222
H -3.6935 -9.85211 1.88416
H -4.07471 -9.16344 3.5236
H -5.45404 -8.32893 1.40129
H -3.20704 -2.63579 0.29205
H -1.50372 -3.06829 -0.12032
H -11.50183 -4.74609 4.69688
H -12.07091 -6.45638 4.60328
H -13.22061 -5.13469 5.09075
H -8.8673 -7.53123 0.23965
H -9.49517 -7.3081 1.92648
H -7.7567 -5.32698 0.37929
H -8.43772 -5.08466 2.05156
$end

$opt
CONSTRAINT
tors           1           2           3           4     +47.045
tors           3           4           5           6    +158.929
tors           4           5           6           7    -177.416
tors           5           6           7           8    -180.000
tors           6           7           8           9    +179.856
tors           7           8           9          10    -146.651
tors           8           9          10          11    +179.912
tors           9          10          11          12    -141.268
tors          11          12          13          14    -124.101
ENDCONSTRAINT
$end

$rem
JOBTYPE                   OPT
METHOD                    B3LYP
DFT_D                     d3_op
BASIS                     STO-3G
GEOM_OPT_MAX_CYCLES       100
GEOM_OPT_TOL_GRADIENT     300
GEOM_OPT_TOL_DISPLACEMENT 1200
GEOM_OPT_TOL_ENERGY       100
SYMMETRY                  False
THRESH                    12
SCF_CONVERGENCE           8
MAX_SUB_FILE_NUM          128
MEM_STATIC                400
MEM_TOTAL                 4000
$end
