$molecule
0  1
O -3.94934 -3.66094 2.70899
C -3.26408 -4.56952 2.26188
C -3.36658 -6.02376 2.66595
C -3.78725 -7.02693 1.57943
C -3.88602 -6.49088 0.16841
O -2.66618 -6.56276 -0.44171
C -2.66559 -6.01761 -1.76537
C -1.27321 -6.12674 -2.37815
O -1.27839 -5.5785 -3.70566
C -0.0908 -5.62172 -4.35903
C -0.24696 -5.75103 -5.85554
C 1.04266 -6.09886 -6.61329
C 2.19011 -6.60952 -5.76518
O 3.3511 -6.71549 -6.13318
O -2.34078 -4.2765 1.30751
O 1.83854 -7.45046 -4.74794
O 0.94827 -5.31032 -3.7899
C 2.72057 -8.17565 -3.9725
C -1.13122 -6.94998 -6.28163
C -1.70435 -6.68963 -7.67423
C -0.45664 -6.82916 -8.52261
C 0.54589 -7.28617 -7.45649
O -0.23451 -8.00196 -6.53217
H -0.7422 -4.82006 -6.21259
H 1.42747 -5.25364 -7.22486
H -1.95583 -7.17532 -5.57113
H -2.38595 -7.54029 -7.90383
H -2.26006 -5.73567 -7.80041
H -0.63272 -7.62738 -9.27734
H -0.11459 -5.89688 -9.02227
H 1.38472 -7.84954 -7.92258
O -4.82947 -5.82141 -0.23497
C -2.1241 -3.01723 0.79006
C -2.02213 -6.61385 3.12358
C -2.26518 -7.80887 4.0441
C -2.76259 -8.83489 3.04738
C -2.62646 -8.04352 1.74153
O -1.50582 -7.22123 1.9665
H -4.09168 -6.04828 3.51104
H -4.7542 -7.53464 1.79161
H -1.81136 -2.32025 1.59659
H -1.36618 -5.86671 3.622
H -1.27438 -8.1403 4.42951
H -2.94494 -7.60943 4.90031
H -2.05552 -9.6943 3.04756
H -3.79965 -9.198 3.21415
H -2.55721 -8.74333 0.87949
H -3.04886 -2.64049 0.30312
H -1.3179 -3.07156 0.02994
H 2.14847 -8.75901 -3.22228
H 3.41352 -7.48937 -3.44074
H 3.2997 -8.88066 -4.60628
H -0.55943 -5.56786 -1.73218
H -0.9746 -7.19851 -2.413
H -2.94916 -4.94067 -1.73913
H -3.38289 -6.57501 -2.40968
$end

$opt
CONSTRAINT
tors           1           2           3           4    +116.658
tors           3           4           5           6     +86.881
tors           4           5           6           7    -177.416
tors           5           6           7           8    +179.735
tors           6           7           8           9    -180.000
tors           7           8           9          10    -179.832
tors           8           9          10          11    +149.450
tors           9          10          11          12    -167.741
tors          11          12          13          14    -166.465
ENDCONSTRAINT
$end

$rem
JOBTYPE                   OPT
METHOD                    B3LYP
DFT_D                     d3_op
BASIS                     STO-3G
GEOM_OPT_MAX_CYCLES       100
GEOM_OPT_TOL_GRADIENT     300
GEOM_OPT_TOL_DISPLACEMENT 1200
GEOM_OPT_TOL_ENERGY       100
SYMMETRY                  False
THRESH                    12
SCF_CONVERGENCE           8
MAX_SUB_FILE_NUM          128
MEM_STATIC                400
MEM_TOTAL                 4000
$end
