$molecule
0  1
O -3.94934 -3.66094 2.70899
C -3.26408 -4.56952 2.26188
C -3.36658 -6.02376 2.66595
C -3.18765 -7.07503 1.5584
C -2.75017 -6.56083 0.20478
O -1.38793 -6.47292 0.15993
C -0.89857 -5.93634 -1.0737
C 0.62351 -5.8453 -1.04027
O 1.13239 -5.66562 -2.37129
C 2.38816 -6.13172 -2.58331
C 2.79802 -6.07863 -4.03585
C 3.92333 -7.04773 -4.42675
C 4.2202 -8.1515 -3.43163
O 4.71674 -7.99403 -2.32564
O -2.16842 -4.22199 1.53487
O 3.9271 -9.42825 -3.80646
O 3.21785 -6.07443 -1.68539
C 4.13217 -10.54323 -3.02056
C 1.70286 -6.50348 -5.04492
C 1.9736 -5.83882 -6.39275
C 3.21674 -6.58516 -6.82916
C 3.30857 -7.63683 -5.71551
O 1.9739 -7.85297 -5.33001
H 3.07207 -5.01808 -4.23738
H 4.88734 -6.52929 -4.62273
H 0.66531 -6.27594 -4.71933
H 1.13222 -6.12645 -7.0639
H 2.06528 -4.73145 -6.38101
H 3.01359 -7.05594 -7.81655
H 4.14454 -5.97487 -6.87878
H 3.8636 -8.52668 -6.08539
O -3.5109 -6.02469 -0.59215
C -1.85795 -2.93568 1.14599
C -2.23025 -6.43167 3.62802
C -2.66725 -7.63179 4.46654
C -2.65031 -8.72545 3.41974
C -2.09304 -7.94888 2.22071
O -1.24257 -6.9918 2.80197
H -4.33161 -6.13222 3.21093
H -4.10087 -7.68517 1.38242
H -1.71836 -2.28814 2.03773
H -1.89963 -5.6016 4.29061
H -1.85289 -7.83036 5.19999
H -3.62781 -7.51054 5.01192
H -1.93353 -9.51169 3.74566
H -3.63796 -9.18137 3.19167
H -1.62161 -8.6492 1.49608
H -2.66703 -2.52573 0.50457
H -0.91359 -2.95065 0.56411
H 3.80355 -11.44515 -3.57642
H 3.53996 -10.46464 -2.08382
H 5.21103 -10.64649 -2.77641
H 0.97568 -5.04704 -0.35165
H 0.96971 -6.83228 -0.65093
H -1.3151 -4.92694 -1.29058
H -1.18415 -6.6358 -1.89275
$end

$opt
CONSTRAINT
tors           1           2           3           4    +142.084
tors           3           4           5           6     +86.203
tors           4           5           6           7    -177.416
tors           5           6           7           8    +178.986
tors           6           7           8           9    +164.196
tors           7           8           9          10    -152.609
tors           8           9          10          11    +172.497
tors           9          10          11          12    -157.394
tors          11          12          13          14     -68.667
ENDCONSTRAINT
$end

$rem
JOBTYPE                   OPT
METHOD                    B3LYP
DFT_D                     d3_op
BASIS                     STO-3G
GEOM_OPT_MAX_CYCLES       100
GEOM_OPT_TOL_GRADIENT     300
GEOM_OPT_TOL_DISPLACEMENT 1200
GEOM_OPT_TOL_ENERGY       100
SYMMETRY                  False
THRESH                    12
SCF_CONVERGENCE           8
MAX_SUB_FILE_NUM          128
MEM_STATIC                400
MEM_TOTAL                 4000
$end
