$molecule
0  1
O -3.94934 -3.66094 2.70899
C -3.26408 -4.56952 2.26188
C -3.36658 -6.02376 2.66595
C -3.36795 -7.06811 1.5376
C -3.08802 -6.55426 0.14271
O -1.9673 -7.15434 -0.35661
C -1.30752 -6.37134 -1.35704
C -0.04293 -7.08058 -1.83025
O 0.31049 -6.62513 -3.14576
C -0.55615 -6.96363 -4.13242
C -0.403 -6.10975 -5.36858
C -1.56366 -6.20581 -6.36954
C -2.83762 -6.83754 -5.84546
O -3.53351 -7.63842 -6.45282
O -2.2136 -4.24224 1.46146
O -3.32979 -6.33748 -4.67649
O -1.29414 -7.93843 -4.04512
C -4.50508 -6.74642 -4.08178
C -0.43364 -4.58717 -5.07754
C 0.27981 -3.83971 -6.20378
C -0.71371 -4.01903 -7.33352
C -1.85719 -4.70893 -6.58054
O -1.76778 -4.19716 -5.27464
H 0.59301 -6.34836 -5.8046
H -1.28953 -6.72064 -7.31661
H 0.0126 -4.30618 -4.09917
H 0.29684 -2.76413 -5.91435
H 1.31671 -4.17171 -6.426
H -1.02092 -3.0123 -7.69399
H -0.35921 -4.63978 -8.18482
H -2.82658 -4.54313 -7.10132
O -3.77128 -5.729 -0.45095
C -1.92546 -2.96365 1.0328
C -2.13511 -6.48862 3.47391
C -2.52813 -7.64828 4.38405
C -2.7474 -8.74154 3.36122
C -2.27894 -8.026 2.08589
O -1.30059 -7.12331 2.53549
H -4.26386 -6.10545 3.3212
H -4.35441 -7.57709 1.46872
H -1.72962 -2.30226 1.9036
H -1.66717 -5.67539 4.07143
H -1.62542 -7.89958 4.98645
H -3.38235 -7.46225 5.06999
H -2.08104 -9.59571 3.61504
H -3.79699 -9.09325 3.26005
H -1.94893 -8.78844 1.34736
H -2.77218 -2.56146 0.43655
H -1.01946 -2.99056 0.39335
H -4.65706 -6.17211 -3.1454
H -4.45073 -7.82781 -3.83333
H -5.36406 -6.55752 -4.76033
H 0.77946 -6.89844 -1.10684
H -0.20629 -8.18177 -1.86516
H -1.05206 -5.34671 -1.00516
H -2.02329 -6.27331 -2.20047
$end

$opt
CONSTRAINT
tors           1           2           3           4    +134.469
tors           3           4           5           6    +119.499
tors           4           5           6           7    -154.723
tors           5           6           7           8    +178.008
tors           6           7           8           9    +156.525
tors           7           8           9          10     -66.787
tors           8           9          10          11    +161.053
tors           9          10          11          12    -165.509
tors          11          12          13          14    -137.688
ENDCONSTRAINT
$end

$rem
JOBTYPE                   OPT
METHOD                    B3LYP
DFT_D                     d3_op
BASIS                     STO-3G
GEOM_OPT_MAX_CYCLES       100
GEOM_OPT_TOL_GRADIENT     300
GEOM_OPT_TOL_DISPLACEMENT 1200
GEOM_OPT_TOL_ENERGY       100
SYMMETRY                  False
THRESH                    12
SCF_CONVERGENCE           8
MAX_SUB_FILE_NUM          128
MEM_STATIC                400
MEM_TOTAL                 4000
$end
