$molecule
0  1
O -3.94934 -3.66094 2.70899
C -3.26408 -4.56952 2.26188
C -3.36658 -6.02376 2.66595
C -3.56015 -7.05364 1.54091
C -3.45165 -6.53367 0.12459
O -2.1506 -6.58015 -0.28837
C -1.81771 -5.54427 -1.21863
C -0.32305 -5.56981 -1.52106
O -0.04277 -4.75828 -2.67247
C 0.45896 -5.42041 -3.74439
C 0.31002 -4.64972 -5.03455
C 0.20799 -5.51638 -6.29818
C -0.08747 -6.98516 -6.07
O 0.69488 -7.90415 -6.26485
O -2.19298 -4.23074 1.49962
O -1.27777 -7.27588 -5.47666
O 1.27266 -6.32823 -3.62535
C -1.68705 -8.5446 -5.12439
C -0.98843 -3.81651 -5.18613
C -0.74934 -2.67951 -6.17989
C -0.65394 -3.45242 -7.48126
C -0.99867 -4.86236 -6.98835
O -1.87186 -4.64184 -5.9061
H 1.18101 -3.95713 -5.07696
H 1.14917 -5.46902 -6.8899
H -1.37891 -3.40133 -4.23265
H -1.68108 -2.06929 -6.19936
H 0.11354 -2.01559 -5.95754
H -1.43466 -3.06957 -8.17528
H 0.34175 -3.42997 -7.97512
H -1.39479 -5.4883 -7.81826
O -4.31671 -5.8357 -0.39142
C -1.83177 -2.93008 1.205
C -2.08113 -6.5487 3.33206
C -2.41024 -7.7417 4.22784
C -2.71391 -8.79906 3.18716
C -2.40409 -8.02138 1.90269
O -1.36665 -7.14879 2.2814
H -4.20412 -6.0766 3.39826
H -4.53218 -7.59134 1.60116
H -1.61414 -2.37216 2.14072
H -1.54034 -5.76803 3.91098
H -1.47293 -8.02519 4.75824
H -3.21449 -7.56411 4.97385
H -1.99045 -9.6348 3.31572
H -3.75337 -9.19232 3.19675
H -2.17426 -8.72923 1.07584
H -2.64686 -2.42314 0.64544
H -0.91664 -2.93759 0.57794
H -2.69369 -8.48604 -4.66212
H -0.98063 -8.98321 -4.38756
H -1.74295 -9.19237 -6.02522
H 0.25328 -5.20913 -0.64303
H -0.05188 -6.63909 -1.68303
H -2.11308 -4.53064 -0.89207
H -2.35776 -5.75993 -2.1688
$end

$opt
CONSTRAINT
tors           1           2           3           4    +126.385
tors           3           4           5           6     +88.138
tors           4           5           6           7    -148.878
tors           5           6           7           8    +174.105
tors           6           7           8           9    +166.387
tors           7           8           9          10    -116.668
tors           8           9          10          11    +161.053
tors           9          10          11          12    -151.959
tors          11          12          13          14    -110.773
ENDCONSTRAINT
$end

$rem
JOBTYPE                   OPT
METHOD                    B3LYP
DFT_D                     d3_op
BASIS                     STO-3G
GEOM_OPT_MAX_CYCLES       100
GEOM_OPT_TOL_GRADIENT     300
GEOM_OPT_TOL_DISPLACEMENT 1200
GEOM_OPT_TOL_ENERGY       100
SYMMETRY                  False
THRESH                    12
SCF_CONVERGENCE           8
MAX_SUB_FILE_NUM          128
MEM_STATIC                400
MEM_TOTAL                 4000
$end
