$molecule
0  1
O -3.94934 -3.66094 2.70899
C -3.26408 -4.56952 2.26188
C -3.36658 -6.02376 2.66595
C -3.36795 -7.06811 1.5376
C -3.08802 -6.55426 0.14271
O -2.66202 -7.57959 -0.65268
C -2.24037 -7.14758 -1.9507
C -1.78027 -8.34289 -2.77875
O -2.24388 -8.2087 -4.13149
C -3.30868 -8.98068 -4.46225
C -4.02865 -8.49231 -5.69668
C -5.35753 -7.77102 -5.42818
C -5.59385 -7.33234 -3.99695
O -6.52206 -7.69467 -3.28863
O -2.15369 -4.22392 1.55172
O -4.95243 -6.19545 -3.62325
O -3.77245 -9.87492 -3.76512
C -5.38667 -5.36374 -2.60925
C -3.30958 -7.40653 -6.54019
C -3.81133 -7.46308 -7.9835
C -5.2199 -6.9294 -7.81597
C -5.18863 -6.5376 -6.33437
O -3.8463 -6.18341 -6.10107
H -4.14319 -9.38647 -6.35033
H -6.22335 -8.41015 -5.71077
H -2.20127 -7.49059 -6.52899
H -3.21632 -6.71701 -8.55822
H -3.7352 -8.45083 -8.48678
H -5.33577 -6.0338 -8.46576
H -6.03225 -7.65979 -8.02171
H -5.94788 -5.75412 -6.1171
O -3.38141 -5.44482 -0.28238
C -1.82666 -2.93445 1.18693
C -2.13 -6.44736 3.47744
C -2.45948 -7.66604 4.33565
C -2.54067 -8.73686 3.27279
C -2.16435 -7.92311 2.02915
O -1.2551 -6.96838 2.51304
H -4.27083 -6.10982 3.30989
H -4.28557 -7.69487 1.48885
H -1.69015 -2.30336 2.09103
H -1.72526 -5.62953 4.11412
H -1.57498 -7.87132 4.98041
H -3.36367 -7.55778 4.9726
H -1.75508 -9.49683 3.48343
H -3.52927 -9.23403 3.16918
H -1.76075 -8.62029 1.26445
H -2.62579 -2.5056 0.54521
H -0.8768 -2.9491 0.61408
H -4.67304 -4.5222 -2.49636
H -5.45814 -5.92352 -1.65351
H -6.38558 -4.94905 -2.86262
H -0.67891 -8.47549 -2.73261
H -2.18023 -9.25637 -2.28619
H -1.44723 -6.36697 -1.92393
H -3.1114 -6.72116 -2.44123
$end

$opt
CONSTRAINT
tors           1           2           3           4    +134.469
tors           3           4           5           6    +158.929
tors           4           5           6           7    -173.732
tors           5           6           7           8    -180.000
tors           6           7           8           9    +139.359
tors           7           8           9          10    -103.293
tors           8           9          10          11    +161.053
tors           9          10          11          12    -104.223
tors          11          12          13          14    -119.972
ENDCONSTRAINT
$end

$rem
JOBTYPE                   OPT
METHOD                    B3LYP
DFT_D                     d3_op
BASIS                     STO-3G
GEOM_OPT_MAX_CYCLES       100
GEOM_OPT_TOL_GRADIENT     300
GEOM_OPT_TOL_DISPLACEMENT 1200
GEOM_OPT_TOL_ENERGY       100
SYMMETRY                  False
THRESH                    12
SCF_CONVERGENCE           8
MAX_SUB_FILE_NUM          128
MEM_STATIC                400
MEM_TOTAL                 4000
$end
