$molecule
0  1
O -3.94934 -3.66094 2.70899
C -3.26408 -4.56952 2.26188
C -3.36658 -6.02376 2.66595
C -3.36795 -7.06811 1.5376
C -3.08802 -6.55426 0.14271
O -1.75076 -6.63683 -0.12252
C -1.38608 -6.03734 -1.37026
C 0.1165 -6.16791 -1.59687
O 0.36754 -6.80063 -2.86159
C 1.15319 -7.90506 -2.81531
C 0.84295 -8.89424 -3.91346
C 0.05419 -10.13315 -3.46485
C -0.60666 -10.03882 -2.10431
O -0.66854 -10.94157 -1.28225
O -2.21451 -4.24051 1.4617
O -1.55196 -9.06946 -2.01396
O 1.91336 -8.17529 -1.89386
C -2.81539 -9.32055 -1.51059
C -0.07807 -8.39007 -5.05487
C 0.16685 -9.21699 -6.31763
C -0.452 -10.53986 -5.91471
C -1.03936 -10.16168 -4.55084
O -1.37045 -8.80072 -4.68763
H 1.82373 -9.14847 -4.37476
H 0.67587 -11.05574 -3.46276
H 0.04843 -7.31055 -5.28777
H -0.45522 -8.76677 -7.12456
H 1.22221 -9.27161 -6.66116
H -1.25966 -10.78504 -6.63964
H 0.25774 -11.39121 -5.83054
H -1.87634 -10.84325 -4.28168
O -3.8972 -5.91392 -0.51831
C -1.92962 -2.96233 1.02982
C -2.1472 -6.4712 3.49369
C -2.52462 -7.66415 4.36951
C -2.65469 -8.74771 3.32198
C -2.22012 -7.97397 2.07172
O -1.27992 -7.04766 2.55515
H -4.27251 -6.1028 3.30884
H -4.3081 -7.65893 1.47542
H -1.73739 -2.29754 1.89879
H -1.71982 -5.65617 4.1186
H -1.64278 -7.89303 5.01015
H -3.41749 -7.51699 5.01451
H -1.92136 -9.55097 3.55753
H -3.67118 -9.18227 3.20754
H -1.83756 -8.68469 1.31288
H -2.77655 -2.56495 0.43065
H -1.02237 -2.98868 0.392
H -3.44563 -8.41948 -1.61508
H -2.7721 -9.64196 -0.4527
H -3.30141 -10.12313 -2.10571
H 0.56527 -5.15143 -1.61865
H 0.57617 -6.68124 -0.7219
H -1.65673 -4.95672 -1.37727
H -1.93709 -6.52366 -2.20616
$end

$opt
CONSTRAINT
tors           1           2           3           4    +134.469
tors           3           4           5           6     +92.127
tors           4           5           6           7    -173.732
tors           5           6           7           8    -180.000
tors           6           7           8           9    +125.310
tors           7           8           9          10    -125.166
tors           8           9          10          11    +150.743
tors           9          10          11          12    -104.223
tors          11          12          13          14    -140.448
ENDCONSTRAINT
$end

$rem
JOBTYPE                   OPT
METHOD                    B3LYP
DFT_D                     d3_op
BASIS                     STO-3G
GEOM_OPT_MAX_CYCLES       100
GEOM_OPT_TOL_GRADIENT     300
GEOM_OPT_TOL_DISPLACEMENT 1200
GEOM_OPT_TOL_ENERGY       100
SYMMETRY                  False
THRESH                    12
SCF_CONVERGENCE           8
MAX_SUB_FILE_NUM          128
MEM_STATIC                400
MEM_TOTAL                 4000
$end
