$molecule
0  1
O -3.94934 -3.66094 2.70899
C -3.26408 -4.56952 2.26188
C -3.36658 -6.02376 2.66595
C -3.36795 -7.06811 1.5376
C -3.08802 -6.55426 0.14271
O -3.11088 -7.59047 -0.74677
C -2.7143 -7.20743 -2.06785
C -2.27055 -8.43314 -2.85959
O -3.28891 -8.80134 -3.80312
C -4.51932 -9.02124 -3.27693
C -5.55129 -9.37469 -4.32134
C -6.52924 -8.24429 -4.67359
C -6.12677 -6.85626 -4.21742
O -6.76857 -6.14626 -3.45679
O -2.10459 -4.20855 1.64078
O -4.96909 -6.35555 -4.72952
O -4.81234 -8.95265 -2.09182
C -4.56831 -5.03984 -4.60674
C -5.01103 -9.68652 -5.74444
C -6.01376 -10.56416 -6.49513
C -7.13189 -9.57149 -6.7414
C -6.48093 -8.29069 -6.20836
O -5.10761 -8.4754 -6.45257
H -6.0493 -10.30381 -3.96274
H -7.53993 -8.44029 -4.25184
H -4.01502 -10.18009 -5.74747
H -5.54616 -10.81929 -7.47352
H -6.31661 -11.50313 -5.98392
H -7.30813 -9.50517 -7.83791
H -8.08523 -9.78904 -6.21261
H -6.94327 -7.38942 -6.66845
O -3.0865 -5.38957 -0.22918
C -1.7515 -2.91219 1.32562
C -2.12526 -6.47223 3.46133
C -2.4565 -7.70389 4.30313
C -2.54603 -8.76352 3.22609
C -2.17614 -7.9367 1.99094
O -1.25977 -6.99011 2.48232
H -4.26763 -6.11348 3.31394
H -4.31689 -7.64846 1.49475
H -1.67894 -2.29862 2.24891
H -1.70948 -5.66705 4.10667
H -1.57035 -7.92244 4.94113
H -3.35708 -7.60063 4.94592
H -1.76053 -9.52776 3.42
H -3.53686 -9.25649 3.12293
H -1.79696 -8.60632 1.18792
H -2.50228 -2.46906 0.63686
H -0.7633 -2.91729 0.82185
H -3.58044 -4.91363 -5.09508
H -4.48318 -4.74986 -3.53845
H -5.30247 -4.3733 -5.10735
H -1.38982 -8.16313 -3.48241
H -1.96384 -9.27359 -2.19842
H -1.76702 -6.62551 -1.95876
H -3.43308 -6.5476 -2.58629
$end

$opt
CONSTRAINT
tors           1           2           3           4    +134.469
tors           3           4           5           6    +179.501
tors           4           5           6           7    -173.732
tors           5           6           7           8    +159.302
tors           6           7           8           9    +104.689
tors           7           8           9          10     -55.433
tors           8           9          10          11    +178.745
tors           9          10          11          12    -104.223
tors          11          12          13          14    -119.972
ENDCONSTRAINT
$end

$rem
JOBTYPE                   OPT
METHOD                    B3LYP
DFT_D                     d3_op
BASIS                     STO-3G
GEOM_OPT_MAX_CYCLES       100
GEOM_OPT_TOL_GRADIENT     300
GEOM_OPT_TOL_DISPLACEMENT 1200
GEOM_OPT_TOL_ENERGY       100
SYMMETRY                  False
THRESH                    12
SCF_CONVERGENCE           8
MAX_SUB_FILE_NUM          128
MEM_STATIC                400
MEM_TOTAL                 4000
$end
