$molecule
0  1
O -3.94934 -3.66094 2.70899
C -3.26408 -4.56952 2.26188
C -3.36658 -6.02376 2.66595
C -3.36795 -7.06811 1.5376
C -3.08802 -6.55426 0.14271
O -2.23112 -7.40126 -0.50052
C -1.82692 -6.92282 -1.78775
C -0.8396 -7.89578 -2.4239
O -1.54986 -8.89074 -3.17787
C -1.65215 -10.10715 -2.5871
C -2.59701 -11.03575 -3.31208
C -3.96321 -11.22546 -2.63694
C -4.31653 -10.21434 -1.56479
O -5.07314 -10.41263 -0.62523
O -2.20901 -4.24092 1.46759
O -4.2291 -8.92526 -1.98859
O -1.17863 -10.38629 -1.4924
C -5.22135 -7.99047 -1.75196
C -3.0568 -10.5817 -4.72184
C -3.49307 -11.79826 -5.53929
C -4.78898 -12.15814 -4.84223
C -4.8928 -10.99959 -3.84507
O -4.27869 -9.92185 -4.50939
H -2.04092 -11.99127 -3.44225
H -4.08357 -12.23539 -2.18653
H -2.2822 -10.01593 -5.28363
H -3.73261 -11.43179 -6.56352
H -2.74905 -12.62035 -5.61266
H -5.6135 -12.11214 -5.58793
H -4.79452 -13.14278 -4.3264
H -5.94971 -10.84251 -3.53507
O -3.72609 -5.66136 -0.40282
C -1.91555 -2.96082 1.04707
C -2.13083 -6.48451 3.46911
C -2.51439 -7.64913 4.37651
C -2.72733 -8.74067 3.35109
C -2.2677 -8.01854 2.07638
O -1.29504 -7.10984 2.52537
H -4.26161 -6.10668 3.32421
H -4.36071 -7.56428 1.47964
H -1.72055 -2.30503 1.92233
H -1.66623 -5.67065 4.06846
H -1.60914 -7.89596 4.97694
H -3.36898 -7.47062 5.06398
H -2.05353 -9.59017 3.60121
H -3.77413 -9.10117 3.25125
H -1.92762 -8.78255 1.34524
H -2.75909 -2.55236 0.45054
H -1.00752 -2.98714 0.41049
H -4.95 -7.02708 -2.22462
H -5.38218 -7.84662 -0.66476
H -6.17339 -8.33191 -2.21168
H -0.25359 -7.32972 -3.17923
H -0.09303 -8.27536 -1.69016
H -1.27221 -5.97138 -1.61709
H -2.66868 -6.71276 -2.48148
$end

$opt
CONSTRAINT
tors           1           2           3           4    +134.469
tors           3           4           5           6    +136.914
tors           4           5           6           7    -174.956
tors           5           6           7           8    +178.186
tors           6           7           8           9     +88.926
tors           7           8           9          10    -103.293
tors           8           9          10          11    +170.395
tors           9          10          11          12    -104.223
tors          11          12          13          14    -153.414
ENDCONSTRAINT
$end

$rem
JOBTYPE                   OPT
METHOD                    B3LYP
DFT_D                     d3_op
BASIS                     STO-3G
GEOM_OPT_MAX_CYCLES       100
GEOM_OPT_TOL_GRADIENT     300
GEOM_OPT_TOL_DISPLACEMENT 1200
GEOM_OPT_TOL_ENERGY       100
SYMMETRY                  False
THRESH                    12
SCF_CONVERGENCE           8
MAX_SUB_FILE_NUM          128
MEM_STATIC                400
MEM_TOTAL                 4000
$end
