$molecule
0  1
O -3.94934 -3.66094 2.70899
C -3.26408 -4.56952 2.26188
C -3.36658 -6.02376 2.66595
C -4.17128 -6.95422 1.7437
C -4.634 -6.36566 0.42932
O -4.64471 -7.33352 -0.5343
C -5.06682 -6.84966 -1.81374
C -5.0534 -7.9826 -2.83472
O -6.39701 -8.40825 -3.11115
C -7.14657 -8.71601 -2.02368
C -8.60963 -8.89901 -2.35019
C -9.54882 -7.86209 -1.71695
C -8.88297 -6.61803 -1.16409
O -9.12721 -6.10487 -0.08169
O -2.45992 -4.30624 1.19678
O -8.22459 -5.85665 -2.0783
O -6.70884 -8.89463 -0.89492
C -7.91976 -4.51948 -1.90692
C -9.01718 -8.75204 -3.83964
C -10.32354 -9.50564 -4.09441
C -11.31184 -8.61539 -3.36986
C -10.38763 -7.46917 -2.94736
O -9.42344 -7.41332 -3.97132
H -8.8575 -9.93886 -2.03895
H -10.16683 -8.2929 -0.89816
H -8.2458 -9.10591 -4.557
H -10.5276 -9.44256 -5.18765
H -10.32986 -10.5729 -3.78502
H -12.06873 -8.26013 -4.104
H -11.81679 -9.07849 -2.49454
H -10.97114 -6.53771 -2.7748
O -5.26405 -5.31834 0.35039
C -2.29681 -3.05857 0.6327
C -2.00222 -6.73026 2.70805
C -2.06443 -7.92408 3.65656
C -2.92293 -8.87472 2.85181
C -3.10252 -8.068 1.55936
O -1.90186 -7.34335 1.44666
H -3.81812 -6.0148 3.68423
H -5.08626 -7.34196 2.24428
H -1.88589 -2.35039 1.38366
H -1.1678 -6.05267 2.99397
H -1.03594 -8.34559 3.72571
H -2.43772 -7.69511 4.67793
H -2.3299 -9.7955 2.6534
H -3.89721 -9.14493 3.31347
H -3.31896 -8.77845 0.73399
H -3.26954 -2.6808 0.25136
H -1.58567 -3.13334 -0.2153
H -7.36917 -4.15491 -2.79818
H -7.28647 -4.37405 -1.00799
H -8.85419 -3.9288 -1.79812
H -4.6681 -7.59084 -3.80059
H -4.38775 -8.81819 -2.52501
H -4.27872 -6.1304 -2.13552
H -6.00185 -6.29253 -1.80983
$end

$opt
CONSTRAINT
tors           1           2           3           4     +98.823
tors           3           4           5           6    +146.832
tors           4           5           6           7    -179.695
tors           5           6           7           8    -180.000
tors           6           7           8           9    +105.124
tors           7           8           9          10     -52.255
tors           8           9          10          11    +169.028
tors           9          10          11          12    -114.869
tors          11          12          13          14    -134.937
ENDCONSTRAINT
$end

$rem
JOBTYPE                   OPT
METHOD                    B3LYP
DFT_D                     d3_op
BASIS                     STO-3G
GEOM_OPT_MAX_CYCLES       100
GEOM_OPT_TOL_GRADIENT     300
GEOM_OPT_TOL_DISPLACEMENT 1200
GEOM_OPT_TOL_ENERGY       100
SYMMETRY                  False
THRESH                    12
SCF_CONVERGENCE           8
MAX_SUB_FILE_NUM          128
MEM_STATIC                400
MEM_TOTAL                 4000
$end
