$molecule
0  1
O -3.94934 -3.66094 2.70899
C -3.26408 -4.56952 2.26188
C -3.36658 -6.02376 2.66595
C -3.88276 -7.01237 1.60762
C -4.07032 -6.46649 0.20943
O -4.13016 -7.49575 -0.68637
C -4.30057 -7.05658 -2.03817
C -4.35845 -8.25681 -2.97743
O -5.71883 -8.51402 -3.35962
C -6.66198 -8.0731 -2.49059
C -8.05967 -8.13183 -3.05952
C -8.61876 -6.78583 -3.54323
C -7.604 -5.67438 -3.72115
O -7.74263 -4.52058 -3.34156
O -2.30646 -4.26406 1.34298
O -6.51385 -5.96378 -4.48396
O -6.53911 -8.19834 -1.27796
C -5.55244 -5.04737 -4.85755
C -8.23327 -8.98154 -4.34187
C -9.69172 -9.41911 -4.48326
C -10.349 -8.10258 -4.84228
C -9.11569 -7.19907 -4.94235
O -8.09887 -8.06107 -5.39476
H -8.71058 -8.58122 -2.27383
H -9.44034 -6.39249 -2.90432
H -7.57063 -9.87348 -4.37742
H -9.74602 -10.09424 -5.36746
H -10.12183 -9.93971 -3.60077
H -10.83474 -8.21274 -5.83731
H -11.08207 -7.71821 -4.10037
H -9.32958 -6.318 -5.58746
O -4.23114 -5.29054 -0.09312
C -2.05395 -2.99216 0.87311
C -1.99714 -6.61315 3.02464
C -2.17144 -7.84291 3.91388
C -2.68689 -8.84347 2.90404
C -2.67285 -7.99123 1.63094
O -1.55516 -7.15556 1.8083
H -4.04222 -6.04055 3.55093
H -4.81191 -7.55631 1.88841
H -1.75346 -2.32751 1.71106
H -1.32142 -5.87495 3.5103
H -1.16362 -8.17006 4.2558
H -2.82737 -7.67562 4.79532
H -1.9352 -9.65901 2.80761
H -3.68526 -9.27803 3.12648
H -2.6258 -8.66947 0.75224
H -2.95751 -2.58232 0.37322
H -1.22623 -3.03489 0.13593
H -4.77832 -5.5607 -5.46378
H -5.0696 -4.60465 -3.96089
H -6.01122 -4.2418 -5.4695
H -3.87016 -7.93179 -3.92206
H -3.81373 -9.15848 -2.62497
H -3.34282 -6.54176 -2.28579
H -5.06934 -6.26844 -2.20082
$end

$opt
CONSTRAINT
tors           1           2           3           4    +112.441
tors           3           4           5           6    +161.698
tors           4           5           6           7    -179.695
tors           5           6           7           8    -180.000
tors           6           7           8           9    +102.542
tors           7           8           9          10     -24.787
tors           8           9          10          11    +169.028
tors           9          10          11          12    -101.892
tors          11          12          13          14    -134.937
ENDCONSTRAINT
$end

$rem
JOBTYPE                   OPT
METHOD                    B3LYP
DFT_D                     d3_op
BASIS                     STO-3G
GEOM_OPT_MAX_CYCLES       100
GEOM_OPT_TOL_GRADIENT     300
GEOM_OPT_TOL_DISPLACEMENT 1200
GEOM_OPT_TOL_ENERGY       100
SYMMETRY                  False
THRESH                    12
SCF_CONVERGENCE           8
MAX_SUB_FILE_NUM          128
MEM_STATIC                400
MEM_TOTAL                 4000
$end
