$molecule
0  1
O -3.94934 -3.66094 2.70899
C -3.26408 -4.56952 2.26188
C -3.36658 -6.02376 2.66595
C -4.61078 -6.79679 2.19879
C -5.52631 -6.07993 1.23132
O -6.17094 -6.98929 0.44206
C -7.05407 -6.38419 -0.5083
C -7.71642 -7.45641 -1.36724
O -8.90563 -7.93617 -0.72033
C -8.79802 -8.14829 0.6148
C -10.13091 -8.3943 1.28078
C -10.57958 -7.29638 2.25625
C -9.83439 -5.98041 2.15809
O -9.41344 -5.33188 3.10507
O -2.31421 -4.25004 1.34088
O -9.88072 -5.3585 0.94893
O -7.79598 -8.61155 1.13911
C -9.586 -4.0223 0.75068
C -11.37113 -8.44736 0.35055
C -12.49205 -9.24035 1.02496
C -12.91065 -8.27276 2.11221
C -12.02269 -7.07355 1.76667
O -11.8877 -7.14083 0.36727
H -10.05496 -9.38889 1.77777
H -10.53506 -7.62154 3.31937
H -11.16627 -8.88408 -0.65063
H -13.32242 -9.32274 0.28712
H -12.21566 -10.25802 1.37536
H -13.98451 -8.02146 1.96459
H -12.74005 -8.62316 3.15322
H -12.46038 -6.13331 2.16971
O -5.91549 -4.92896 1.38574
C -2.11037 -2.98307 0.83513
C -2.242 -6.89895 2.06538
C -2.04049 -8.15283 2.91396
C -3.27728 -8.9362 2.54766
C -3.90284 -7.99978 1.51109
O -2.7968 -7.40608 0.88087
H -3.25126 -6.03312 3.77287
H -5.24752 -7.13253 3.0469
H -1.84318 -2.28105 1.65344
H -1.26794 -6.37166 1.96751
H -1.14972 -8.69015 2.51583
H -1.90077 -7.96358 3.99999
H -2.95666 -9.8822 2.05556
H -3.96944 -9.16142 3.38702
H -4.55725 -8.60834 0.85232
H -3.02752 -2.62717 0.31835
H -1.27801 -3.01354 0.10256
H -9.68585 -3.78375 -0.32796
H -8.54723 -3.79798 1.07462
H -10.29439 -3.38796 1.32468
H -8.0515 -6.99575 -2.32086
H -7.00819 -8.27758 -1.61263
H -6.41418 -5.78544 -1.19616
H -7.78731 -5.7004 -0.07165
$end

$opt
CONSTRAINT
tors           1           2           3           4     +71.242
tors           3           4           5           6    +151.639
tors           4           5           6           7    -179.695
tors           5           6           7           8    +178.984
tors           6           7           8           9     +86.957
tors           7           8           9          10     -42.535
tors           8           9          10          11    +169.028
tors           9          10          11          12    -112.985
tors          11          12          13          14    -134.937
ENDCONSTRAINT
$end

$rem
JOBTYPE                   OPT
METHOD                    B3LYP
DFT_D                     d3_op
BASIS                     STO-3G
GEOM_OPT_MAX_CYCLES       100
GEOM_OPT_TOL_GRADIENT     300
GEOM_OPT_TOL_DISPLACEMENT 1200
GEOM_OPT_TOL_ENERGY       100
SYMMETRY                  False
THRESH                    12
SCF_CONVERGENCE           8
MAX_SUB_FILE_NUM          128
MEM_STATIC                400
MEM_TOTAL                 4000
$end
