$molecule
0  1
O -3.94934 -3.66094 2.70899
C -3.26408 -4.56952 2.26188
C -3.36658 -6.02376 2.66595
C -3.98824 -6.99375 1.64786
C -4.2751 -6.4347 0.2719
O -4.24463 -7.43942 -0.65277
C -4.5012 -6.98568 -1.98602
C -4.41305 -8.15236 -2.9644
O -5.71762 -8.71582 -3.17296
C -6.29322 -9.27427 -2.07937
C -7.7238 -9.69532 -2.31773
C -8.78249 -8.76692 -1.70493
C -8.29082 -7.40157 -1.26814
O -8.85663 -6.66554 -0.47272
O -2.39958 -4.29093 1.24905
O -7.61655 -6.74703 -2.25049
O -5.74987 -9.42679 -0.99492
C -7.63616 -5.37193 -2.42823
C -8.20194 -9.68907 -3.79539
C -9.38391 -10.64577 -3.95913
C -10.46945 -9.88287 -3.22789
C -9.72184 -8.58363 -2.91086
O -8.81755 -8.43927 -3.9787
H -7.79717 -10.7494 -1.96682
H -9.2826 -9.22553 -0.82369
H -7.40645 -9.95738 -4.52402
H -9.63496 -10.66453 -5.04426
H -9.21656 -11.68679 -3.6084
H -11.307 -9.69747 -3.93644
H -10.85053 -10.36722 -2.30275
H -10.43644 -7.74433 -2.76018
O -4.87048 -5.37832 0.09381
C -2.20045 -3.03399 0.71817
C -1.99226 -6.66048 2.91472
C -2.1363 -7.86589 3.84042
C -2.79824 -8.85562 2.90741
C -2.83705 -8.03879 1.61059
O -1.6739 -7.24999 1.67965
H -3.96835 -6.02943 3.60323
H -4.9359 -7.45105 2.00992
H -1.82916 -2.34171 1.50381
H -1.24785 -5.943 3.32498
H -1.11204 -8.23216 4.07861
H -2.68519 -7.66267 4.78512
H -2.11687 -9.72738 2.78523
H -3.80627 -9.2056 3.2182
H -2.88905 -8.74446 0.75475
H -3.14896 -2.64445 0.29057
H -1.4434 -3.09674 -0.09011
H -7.0171 -5.10653 -3.30987
H -7.22848 -4.85824 -1.53117
H -8.67564 -5.02734 -2.61519
H -4.11561 -7.73874 -3.95192
H -3.64725 -8.90479 -2.67222
H -3.64353 -6.32083 -2.24012
H -5.38224 -6.36982 -2.11287
$end

$opt
CONSTRAINT
tors           1           2           3           4    +107.646
tors           3           4           5           6    +153.273
tors           4           5           6           7    -179.695
tors           5           6           7           8    +178.451
tors           6           7           8           9     +93.654
tors           7           8           9          10     -63.907
tors           8           9          10          11    +172.942
tors           9          10          11          12    -103.941
tors          11          12          13          14    -160.197
ENDCONSTRAINT
$end

$rem
JOBTYPE                   OPT
METHOD                    B3LYP
DFT_D                     d3_op
BASIS                     STO-3G
GEOM_OPT_MAX_CYCLES       100
GEOM_OPT_TOL_GRADIENT     300
GEOM_OPT_TOL_DISPLACEMENT 1200
GEOM_OPT_TOL_ENERGY       100
SYMMETRY                  False
THRESH                    12
SCF_CONVERGENCE           8
MAX_SUB_FILE_NUM          128
MEM_STATIC                400
MEM_TOTAL                 4000
$end
