$molecule
0  1
O -3.94934 -3.66094 2.70899
C -3.26408 -4.56952 2.26188
C -3.36658 -6.02376 2.66595
C -3.75323 -7.03163 1.57116
C -3.8206 -6.49862 0.15714
O -3.30793 -7.42001 -0.71097
C -3.33096 -6.9833 -2.07406
C -2.74501 -8.0604 -2.98106
O -3.72437 -8.47234 -3.94752
C -4.76579 -9.18724 -3.45405
C -5.8149 -9.49432 -4.49603
C -7.25326 -9.14141 -4.09001
C -7.39565 -8.22793 -2.88918
O -8.18027 -8.38851 -1.96552
O -2.33074 -4.27409 1.31734
O -6.73857 -7.03959 -2.9507
O -4.79447 -9.66436 -2.32592
C -6.96883 -5.98951 -2.08472
C -5.70947 -8.74144 -5.84385
C -6.4343 -9.53053 -6.9354
C -7.87851 -9.31103 -6.53555
C -7.69361 -8.36478 -5.346
O -6.54419 -7.62269 -5.68055
H -5.72278 -10.58729 -4.68656
H -7.88929 -10.03566 -3.90527
H -4.66873 -8.53593 -6.17303
H -6.25236 -9.0056 -7.90072
H -6.12425 -10.59316 -7.0333
H -8.39728 -8.78524 -7.36789
H -8.44062 -10.2283 -6.25607
H -8.62054 -7.7748 -5.17037
O -4.49762 -5.53359 -0.17491
C -2.11102 -3.01225 0.80673
C -2.02162 -6.59995 3.14308
C -2.26895 -7.7706 4.08942
C -2.78615 -8.80913 3.11824
C -2.61211 -8.0624 1.78849
O -1.49349 -7.23811 2.00576
H -4.10064 -6.05488 3.50361
H -4.7569 -7.46773 1.77187
H -1.80846 -2.31743 1.61899
H -1.36754 -5.84278 3.62893
H -1.27337 -8.09929 4.46536
H -2.93373 -7.55577 4.95359
H -2.11396 -9.69485 3.16557
H -3.84054 -9.12407 3.27483
H -2.51487 -8.81469 0.97748
H -3.03157 -2.63526 0.31182
H -1.29666 -3.06129 0.05518
H -6.29608 -5.14624 -2.34276
H -6.77796 -6.30738 -1.03846
H -8.02062 -5.64437 -2.17723
H -1.90837 -7.60491 -3.55341
H -2.31224 -8.92021 -2.42146
H -2.69568 -6.0714 -2.1602
H -4.34626 -6.70093 -2.407
$end

$opt
CONSTRAINT
tors           1           2           3           4    +118.138
tors           3           4           5           6    +140.431
tors           4           5           6           7    -179.695
tors           5           6           7           8    -180.000
tors           6           7           8           9    +120.412
tors           7           8           9          10     -70.335
tors           8           9          10          11    +175.354
tors           9          10          11          12    -129.400
tors          11          12          13          14    -134.937
ENDCONSTRAINT
$end

$rem
JOBTYPE                   OPT
METHOD                    B3LYP
DFT_D                     d3_op
BASIS                     STO-3G
GEOM_OPT_MAX_CYCLES       100
GEOM_OPT_TOL_GRADIENT     300
GEOM_OPT_TOL_DISPLACEMENT 1200
GEOM_OPT_TOL_ENERGY       100
SYMMETRY                  False
THRESH                    12
SCF_CONVERGENCE           8
MAX_SUB_FILE_NUM          128
MEM_STATIC                400
MEM_TOTAL                 4000
$end
