$molecule
0  1
O -3.94934 -3.66094 2.70899
C -3.26408 -4.56952 2.26188
C -3.36658 -6.02376 2.66595
C -3.50501 -7.05854 1.53727
C -3.34697 -6.54101 0.12473
O -2.98902 -7.56368 -0.7068
C -2.68311 -7.12815 -2.0357
C -2.27981 -8.31881 -2.8993
O -3.17388 -8.43784 -4.01704
C -4.3689 -9.02001 -3.74844
C -5.33026 -8.9537 -4.91121
C -6.71205 -8.37331 -4.57639
C -6.81506 -7.62961 -3.25996
O -7.48685 -7.97792 -2.29978
O -2.19485 -4.23566 1.48659
O -6.08571 -6.4883 -3.14471
O -4.61527 -9.6331 -2.71694
C -6.19327 -5.61246 -2.085
C -4.94577 -8.05353 -6.11177
C -5.66522 -8.54032 -7.37064
C -7.09203 -8.13057 -7.06337
C -6.88612 -7.38537 -5.74085
O -5.59623 -6.83077 -5.86113
H -5.42253 -10.00357 -5.27071
H -7.48492 -9.17367 -4.54774
H -3.85445 -7.99907 -6.31147
H -5.2951 -7.91885 -8.21769
H -5.52221 -9.61406 -7.6185
H -7.43597 -7.43205 -7.85823
H -7.81413 -8.96849 -6.95318
H -7.71489 -6.66602 -5.55896
O -3.63992 -5.41747 -0.26433
C -1.88252 -2.95 1.09669
C -2.07944 -6.48904 3.36542
C -2.36989 -7.70627 4.2397
C -2.5689 -8.76467 3.17986
C -2.28366 -7.94864 1.91375
O -1.30838 -7.02409 2.32324
H -4.2195 -6.08933 3.37875
H -4.43724 -7.66434 1.57254
H -1.69094 -2.31543 1.98832
H -1.59838 -5.68836 3.96991
H -1.44228 -7.94255 4.80873
H -3.21606 -7.57736 4.94851
H -1.78404 -9.5427 3.31357
H -3.57289 -9.24097 3.16149
H -1.96772 -8.65025 1.11284
H -2.71409 -2.51907 0.49915
H -0.96675 -2.97259 0.4712
H -5.47957 -4.77582 -2.2291
H -5.96474 -6.13373 -1.13225
H -7.22286 -5.19806 -2.03826
H -1.28528 -8.07855 -3.33353
H -2.13679 -9.26905 -2.33684
H -1.81897 -6.42547 -1.9821
H -3.52978 -6.57978 -2.50173
$end

$opt
CONSTRAINT
tors           1           2           3           4    +128.710
tors           3           4           5           6    +157.153
tors           4           5           6           7    -173.814
tors           5           6           7           8    +179.425
tors           6           7           8           9    +120.412
tors           7           8           9          10     -79.372
tors           8           9          10          11    +172.459
tors           9          10          11          12    -127.603
tors          11          12          13          14    -114.598
ENDCONSTRAINT
$end

$rem
JOBTYPE                   OPT
METHOD                    B3LYP
DFT_D                     d3_op
BASIS                     STO-3G
GEOM_OPT_MAX_CYCLES       100
GEOM_OPT_TOL_GRADIENT     300
GEOM_OPT_TOL_DISPLACEMENT 1200
GEOM_OPT_TOL_ENERGY       100
SYMMETRY                  False
THRESH                    12
SCF_CONVERGENCE           8
MAX_SUB_FILE_NUM          128
MEM_STATIC                400
MEM_TOTAL                 4000
$end
