$molecule
0  1
O -3.94934 -3.66094 2.70899
C -3.26408 -4.56952 2.26188
C -3.36658 -6.02376 2.66595
C -3.86105 -7.01586 1.60055
C -4.02833 -6.47239 0.19885
O -3.60664 -7.39911 -0.71152
C -3.68429 -6.93593 -2.06381
C -3.19877 -8.02072 -3.01966
O -4.16631 -8.22382 -4.06153
C -5.31627 -8.83234 -3.67882
C -6.30725 -8.98139 -4.8086
C -7.61851 -8.20314 -4.62638
C -7.60835 -7.13352 -3.55283
O -8.44828 -7.00321 -2.67413
O -2.36579 -4.28361 1.2813
O -6.67452 -6.15311 -3.68538
O -5.54389 -9.23424 -2.54386
C -6.6795 -4.97428 -2.96666
C -5.87018 -8.44762 -6.19688
C -6.66614 -9.15287 -7.29616
C -8.03426 -8.53323 -7.09984
C -7.71825 -7.51537 -5.99977
O -6.38525 -7.14112 -6.25478
H -6.48391 -10.07616 -4.90653
H -8.48394 -8.87034 -4.41668
H -4.78407 -8.55936 -6.40352
H -6.25721 -8.80284 -8.27132
H -6.63891 -10.2634 -7.26808
H -8.32372 -8.01503 -8.04101
H -8.83612 -9.23803 -6.79018
H -8.46572 -6.69121 -6.00181
O -4.72647 -5.50339 -0.07383
C -2.1586 -3.02522 0.75718
C -2.00694 -6.63471 3.04454
C -2.21536 -7.80695 3.99829
C -2.82115 -8.82652 3.05856
C -2.72828 -8.07166 1.72523
O -1.57769 -7.27471 1.86725
H -4.04478 -6.04157 3.54984
H -4.85382 -7.43517 1.87726
H -1.82182 -2.32906 1.55477
H -1.30261 -5.89645 3.48724
H -1.20472 -8.16118 4.30422
H -2.81535 -7.58243 4.90631
H -2.16386 -9.72457 3.04931
H -3.86678 -9.12456 3.28941
H -2.70705 -8.81857 0.9038
H -3.0948 -2.64471 0.29553
H -1.373 -3.08188 -0.02386
H -5.79668 -4.3678 -3.25529
H -6.63428 -5.18419 -1.87792
H -7.60082 -4.39616 -3.19218
H -2.2277 -7.70854 -3.45922
H -3.01104 -8.98416 -2.49209
H -3.09943 -6.00095 -2.22004
H -4.7422 -6.70729 -2.27476
$end

$opt
CONSTRAINT
tors           1           2           3           4    +113.409
tors           3           4           5           6    +140.431
tors           4           5           6           7    -177.652
tors           5           6           7           8    -180.000
tors           6           7           8           9    +129.266
tors           7           8           9          10     -71.156
tors           8           9          10          11    +178.355
tors           9          10          11          12    -115.984
tors          11          12          13          14    -130.187
ENDCONSTRAINT
$end

$rem
JOBTYPE                   OPT
METHOD                    B3LYP
DFT_D                     d3_op
BASIS                     STO-3G
GEOM_OPT_MAX_CYCLES       100
GEOM_OPT_TOL_GRADIENT     300
GEOM_OPT_TOL_DISPLACEMENT 1200
GEOM_OPT_TOL_ENERGY       100
SYMMETRY                  False
THRESH                    12
SCF_CONVERGENCE           8
MAX_SUB_FILE_NUM          128
MEM_STATIC                400
MEM_TOTAL                 4000
$end
