$molecule
0  1
O -3.94934 -3.66094 2.70899
C -3.26408 -4.56952 2.26188
C -3.36658 -6.02376 2.66595
C -4.05259 -6.98097 1.67753
C -4.40073 -6.41257 0.31966
O -3.99873 -7.27411 -0.66094
C -4.00315 -6.68428 -1.9653
C -3.54452 -7.70243 -3.00412
O -4.41078 -7.65776 -4.14888
C -5.69585 -8.02718 -3.92245
C -6.56411 -7.92133 -5.15355
C -7.82498 -7.06118 -4.9844
C -7.85302 -6.16245 -3.76448
O -8.80528 -6.01926 -3.01132
O -2.43131 -4.30125 1.22058
O -6.79377 -5.32249 -3.60951
O -6.0993 -8.52775 -2.87874
C -6.74749 -4.29062 -2.69408
C -5.93444 -7.25046 -6.399
C -6.66795 -7.70837 -7.6607
C -7.98368 -6.97457 -7.5079
C -7.7029 -6.17019 -6.23558
O -6.32188 -5.9034 -6.30168
H -6.83019 -8.9701 -5.41553
H -8.76617 -7.65477 -4.98343
H -4.84718 -7.44329 -6.52063
H -6.12475 -7.27971 -8.53347
H -6.74936 -8.80948 -7.78638
H -8.10743 -6.29062 -8.37695
H -8.88111 -7.62183 -7.40216
H -8.3689 -5.28035 -6.18307
O -5.1077 -5.42883 0.14188
C -2.25837 -3.05231 0.66257
C -2.00069 -6.70643 2.8514
C -2.1352 -7.87157 3.82692
C -2.92242 -8.85227 2.98444
C -2.97534 -8.0986 1.64802
O -1.775 -7.36409 1.62691
H -3.92039 -6.02089 3.63292
H -5.01763 -7.34618 2.09389
H -1.87177 -2.3429 1.42516
H -1.20361 -6.00823 3.1891
H -1.11174 -8.2809 3.98645
H -2.5869 -7.62154 4.81097
H -2.32459 -9.78596 2.88771
H -3.94082 -9.09155 3.36001
H -3.11371 -8.84035 0.83292
H -3.22203 -2.67901 0.25463
H -1.52391 -3.12309 -0.16566
H -5.76374 -3.78308 -2.76636
H -6.87718 -4.68357 -1.66435
H -7.54879 -3.55277 -2.91176
H -2.48705 -7.51439 -3.28604
H -3.58438 -8.73377 -2.58388
H -3.373 -5.76829 -2.02591
H -5.04161 -6.36947 -2.16675
$end

$opt
CONSTRAINT
tors           1           2           3           4    +104.628
tors           3           4           5           6    +132.752
tors           4           5           6           7    -166.226
tors           5           6           7           8    -180.000
tors           6           7           8           9    +134.946
tors           7           8           9          10     -64.656
tors           8           9          10          11    +178.355
tors           9          10          11          12    -125.049
tors          11          12          13          14    -135.192
ENDCONSTRAINT
$end

$rem
JOBTYPE                   OPT
METHOD                    B3LYP
DFT_D                     d3_op
BASIS                     STO-3G
GEOM_OPT_MAX_CYCLES       100
GEOM_OPT_TOL_GRADIENT     300
GEOM_OPT_TOL_DISPLACEMENT 1200
GEOM_OPT_TOL_ENERGY       100
SYMMETRY                  False
THRESH                    12
SCF_CONVERGENCE           8
MAX_SUB_FILE_NUM          128
MEM_STATIC                400
MEM_TOTAL                 4000
$end
