$molecule
0  1
O -3.94934 -3.66094 2.70899
C -3.26408 -4.56952 2.26188
C -3.36658 -6.02376 2.66595
C -3.86105 -7.01586 1.60055
C -4.02833 -6.47239 0.19885
O -3.36846 -7.27173 -0.69056
C -3.43934 -6.79327 -2.03789
C -2.68266 -7.73374 -2.97014
O -3.37521 -7.84198 -4.22375
C -4.54077 -8.53433 -4.18812
C -5.22873 -8.59773 -5.53102
C -6.59393 -7.89724 -5.59266
C -6.90416 -6.95259 -4.44894
O -7.93268 -6.95333 -3.7881
O -2.3696 -4.2854 1.2775
O -6.0064 -5.9543 -4.22487
O -4.99439 -9.08476 -3.19147
C -6.21411 -4.90136 -3.35687
C -4.51378 -7.89461 -6.71344
C -4.98323 -8.50113 -8.03676
C -6.39512 -7.95871 -8.11378
C -6.41146 -7.06171 -6.87248
O -5.08279 -6.61046 -6.7607
H -5.30415 -9.68083 -5.77701
H -7.44139 -8.61432 -5.66771
H -3.40462 -7.94119 -6.66418
H -4.37968 -8.02928 -8.84533
H -4.89366 -9.60606 -8.11362
H -6.48672 -7.34716 -9.03887
H -7.20144 -8.72312 -8.08041
H -7.18845 -6.27138 -6.971
O -4.78313 -5.55467 -0.10011
C -2.16809 -3.02902 0.74652
C -2.01063 -6.6438 3.04741
C -2.22924 -7.80372 4.01381
C -2.85481 -8.82461 3.08778
C -2.74864 -8.08914 1.74422
O -1.58837 -7.30456 1.87798
H -4.04581 -6.04028 3.54921
H -4.85957 -7.42287 1.87473
H -1.8315 -2.32761 1.53956
H -1.29779 -5.90818 3.48062
H -1.22055 -8.16737 4.31528
H -2.81905 -7.56493 4.92484
H -2.21656 -9.73622 3.09276
H -3.9069 -9.09666 3.32132
H -2.74359 -8.84439 0.92942
H -3.1069 -2.65421 0.28546
H -1.38463 -3.0871 -0.03658
H -5.31646 -4.24969 -3.35383
H -6.39048 -5.27706 -2.32707
H -7.09028 -4.30373 -3.687
H -1.64266 -7.36943 -3.10609
H -2.60552 -8.75304 -2.52561
H -3.07442 -5.7485 -2.16065
H -4.51387 -6.80642 -2.30064
$end

$opt
CONSTRAINT
tors           1           2           3           4    +113.409
tors           3           4           5           6    +128.324
tors           4           5           6           7    -177.825
tors           5           6           7           8    -180.000
tors           6           7           8           9    +142.774
tors           7           8           9          10     -71.156
tors           8           9          10          11    +179.272
tors           9          10          11          12    -115.984
tors          11          12          13          14    -130.187
ENDCONSTRAINT
$end

$rem
JOBTYPE                   OPT
METHOD                    B3LYP
DFT_D                     d3_op
BASIS                     STO-3G
GEOM_OPT_MAX_CYCLES       100
GEOM_OPT_TOL_GRADIENT     300
GEOM_OPT_TOL_DISPLACEMENT 1200
GEOM_OPT_TOL_ENERGY       100
SYMMETRY                  False
THRESH                    12
SCF_CONVERGENCE           8
MAX_SUB_FILE_NUM          128
MEM_STATIC                400
MEM_TOTAL                 4000
$end
