$molecule
0  1
O -3.94934 -3.66094 2.70899
C -3.26408 -4.56952 2.26188
C -3.36658 -6.02376 2.66595
C -3.86105 -7.01586 1.60055
C -4.02833 -6.47239 0.19885
O -3.84507 -7.47354 -0.71193
C -3.86035 -7.01192 -2.06689
C -3.65047 -8.18148 -3.02304
O -4.66948 -8.17509 -4.03519
C -5.91225 -8.51703 -3.6136
C -6.93909 -8.48318 -4.72045
C -8.13995 -7.56169 -4.46142
C -7.97392 -6.56051 -3.33591
O -8.77147 -6.37609 -2.42792
O -2.36022 -4.28081 1.28681
O -6.91169 -5.71557 -3.42633
O -6.1768 -8.89957 -2.47987
C -6.72616 -4.61628 -2.6126
C -6.47353 -7.94616 -6.09663
C -7.38488 -8.48851 -7.19886
C -8.65232 -7.7025 -6.93427
C -8.17932 -6.79427 -5.79563
O -6.8153 -6.58286 -6.075
H -7.2655 -9.53967 -4.8497
H -9.07947 -8.12488 -4.26543
H -5.41782 -8.18622 -6.34584
H -6.95947 -8.15375 -8.17229
H -7.50505 -9.59312 -7.21431
H -8.887 -7.0992 -7.83938
H -9.5365 -8.30883 -6.64079
H -8.81236 -5.88125 -5.73527
O -4.62978 -5.43563 -0.05243
C -2.15138 -3.02122 0.76604
C -2.00139 -6.61835 3.04184
C -2.19312 -7.81746 3.96652
C -2.74888 -8.83287 2.99302
C -2.6876 -8.03325 1.68595
O -1.55669 -7.2127 1.84884
H -4.04592 -6.04317 3.5485
H -4.82974 -7.48967 1.87456
H -1.82022 -2.32594 1.56672
H -1.31581 -5.87635 3.50739
H -1.18257 -8.1532 4.2924
H -2.82314 -7.62186 4.86083
H -2.04378 -9.69304 2.94781
H -3.77505 -9.19694 3.21578
H -2.64279 -8.75162 0.84048
H -3.08531 -2.64106 0.29947
H -1.36117 -3.07563 -0.01048
H -5.77227 -4.11863 -2.88273
H -6.68409 -4.92856 -1.54871
H -7.55942 -3.89511 -2.75158
H -2.64933 -8.08761 -3.49486
H -3.65656 -9.16016 -2.49032
H -3.08661 -6.23125 -2.24702
H -4.84537 -6.55023 -2.2616
$end

$opt
CONSTRAINT
tors           1           2           3           4    +113.409
tors           3           4           5           6    +151.589
tors           4           5           6           7    -174.348
tors           5           6           7           8    -180.000
tors           6           7           8           9    +129.266
tors           7           8           9          10     -71.156
tors           8           9          10          11    +179.642
tors           9          10          11          12    -122.890
tors          11          12          13          14    -130.187
ENDCONSTRAINT
$end

$rem
JOBTYPE                   OPT
METHOD                    B3LYP
DFT_D                     d3_op
BASIS                     STO-3G
GEOM_OPT_MAX_CYCLES       100
GEOM_OPT_TOL_GRADIENT     300
GEOM_OPT_TOL_DISPLACEMENT 1200
GEOM_OPT_TOL_ENERGY       100
SYMMETRY                  False
THRESH                    12
SCF_CONVERGENCE           8
MAX_SUB_FILE_NUM          128
MEM_STATIC                400
MEM_TOTAL                 4000
$end
