$molecule
0  1
O -3.94934 -3.66094 2.70899
C -3.26408 -4.56952 2.26188
C -3.36658 -6.02376 2.66595
C -3.58431 -7.0513 1.54319
C -3.49763 -6.53008 0.12583
O -3.27554 -7.56561 -0.73659
C -3.0532 -7.13803 -2.08455
C -2.79494 -8.34346 -2.98253
O -3.64006 -8.27992 -4.14211
C -4.95627 -8.51774 -3.91811
C -5.79218 -8.42813 -5.17265
C -6.94283 -7.4129 -5.11267
C -6.87638 -6.4048 -3.98306
O -7.7888 -6.14198 -3.21301
O -2.2208 -4.24192 1.44966
O -5.74986 -5.6453 -3.91214
O -5.4236 -8.85543 -2.83681
C -5.60045 -4.55623 -3.07714
C -5.07718 -7.95585 -6.46292
C -5.84494 -8.44963 -7.69021
C -7.07316 -7.56502 -7.63395
C -6.71387 -6.67206 -6.44279
O -5.31069 -6.57039 -6.50632
H -6.17621 -9.45909 -5.34314
H -7.94256 -7.89897 -5.06187
H -4.0175 -8.28019 -6.54133
H -5.24816 -8.16723 -8.58727
H -6.04668 -9.5421 -7.71595
H -7.11685 -6.96457 -8.56979
H -8.03655 -8.09691 -7.47728
H -7.27542 -5.71269 -6.49002
O -3.7806 -5.39532 -0.23765
C -1.92799 -2.9603 1.03236
C -2.05324 -6.51452 3.2941
C -2.31607 -7.73709 4.17034
C -2.57839 -8.78355 3.11178
C -2.35443 -7.9572 1.84053
O -1.34653 -7.04876 2.20652
H -4.18563 -6.0792 3.41824
H -4.52131 -7.6446 1.63051
H -1.71378 -2.31176 1.90854
H -1.5303 -5.72636 3.87987
H -1.36658 -7.99109 4.6937
H -3.127 -7.60277 4.91827
H -1.79138 -9.56657 3.19385
H -3.58411 -9.25541 3.14385
H -2.09299 -8.65019 1.01261
H -2.7798 -2.54281 0.45404
H -1.03164 -2.98682 0.37951
H -4.58382 -4.13238 -3.20905
H -5.72963 -4.86274 -2.01779
H -6.34938 -3.77616 -3.33124
H -1.72771 -8.34407 -3.29039
H -2.96712 -9.30498 -2.4463
H -2.20252 -6.42292 -2.1612
H -3.962 -6.61079 -2.42668
$end

$opt
CONSTRAINT
tors           1           2           3           4    +125.364
tors           3           4           5           6    +160.450
tors           4           5           6           7    -174.348
tors           5           6           7           8    +179.243
tors           6           7           8           9    +129.773
tors           7           8           9          10     -71.487
tors           8           9          10          11    +179.642
tors           9          10          11          12    -122.890
tors          11          12          13          14    -130.187
ENDCONSTRAINT
$end

$rem
JOBTYPE                   OPT
METHOD                    B3LYP
DFT_D                     d3_op
BASIS                     STO-3G
GEOM_OPT_MAX_CYCLES       100
GEOM_OPT_TOL_GRADIENT     300
GEOM_OPT_TOL_DISPLACEMENT 1200
GEOM_OPT_TOL_ENERGY       100
SYMMETRY                  False
THRESH                    12
SCF_CONVERGENCE           8
MAX_SUB_FILE_NUM          128
MEM_STATIC                400
MEM_TOTAL                 4000
$end
