$molecule
0  1
O -3.94934 -3.66094 2.70899
C -3.26408 -4.56952 2.26188
C -3.36658 -6.02376 2.66595
C -3.64175 -7.04528 1.55032
C -3.60713 -6.52065 0.13199
O -3.25909 -7.52487 -0.72582
C -3.13848 -7.08882 -2.08397
C -2.65575 -8.23726 -2.96385
O -3.4119 -8.26982 -4.18453
C -4.71662 -8.61563 -4.05319
C -5.45855 -8.62332 -5.36854
C -6.51771 -7.52183 -5.52076
C -6.43684 -6.38482 -4.52207
O -7.31821 -6.06728 -3.73663
O -2.28679 -4.26138 1.36649
O -5.28715 -5.65589 -4.51968
O -5.26178 -8.89365 -2.99138
C -5.09967 -4.49783 -3.79242
C -4.62025 -8.34873 -6.64578
C -5.32507 -8.94805 -7.86372
C -6.50473 -8.00722 -8.00246
C -6.16563 -6.98187 -6.91573
O -4.75838 -6.96946 -6.88371
H -5.88528 -9.64678 -5.46861
H -7.54784 -7.93673 -5.45195
H -3.58067 -8.73847 -6.59575
H -4.64828 -8.79594 -8.73532
H -5.58355 -10.02624 -7.7899
H -6.46686 -7.54231 -9.01258
H -7.50212 -8.46688 -7.83019
H -6.65945 -6.00691 -7.12381
O -4.22963 -5.52684 -0.22435
C -2.03492 -2.99093 0.89324
C -2.03811 -6.54719 3.23802
C -2.29993 -7.74292 4.14931
C -2.67573 -8.79281 3.12798
C -2.4552 -8.00987 1.82741
O -1.39841 -7.13515 2.13403
H -4.15257 -6.07155 3.45372
H -4.622 -7.55639 1.67536
H -1.76277 -2.31643 1.73301
H -1.45946 -5.76848 3.78238
H -1.32589 -8.02647 4.60889
H -3.04886 -7.57066 4.95203
H -1.94697 -9.63047 3.20562
H -3.71292 -9.18469 3.20598
H -2.25717 -8.7366 1.01158
H -2.9296 -2.59511 0.36673
H -1.18822 -3.03112 0.17777
H -4.06865 -4.12528 -3.96136
H -5.23979 -4.68965 -2.7082
H -5.82069 -3.7208 -4.12435
H -1.56828 -8.13152 -3.16247
H -2.79092 -9.21528 -2.44662
H -2.45684 -6.21592 -2.20214
H -4.14686 -6.7596 -2.39985
$end

$opt
CONSTRAINT
tors           1           2           3           4    +122.925
tors           3           4           5           6    +152.562
tors           4           5           6           7    -177.015
tors           5           6           7           8    +176.105
tors           6           7           8           9    +136.260
tors           7           8           9          10     -68.225
tors           8           9          10          11    +179.642
tors           9          10          11          12    -111.554
tors          11          12          13          14    -120.040
ENDCONSTRAINT
$end

$rem
JOBTYPE                   OPT
METHOD                    B3LYP
DFT_D                     d3_op
BASIS                     STO-3G
GEOM_OPT_MAX_CYCLES       100
GEOM_OPT_TOL_GRADIENT     300
GEOM_OPT_TOL_DISPLACEMENT 1200
GEOM_OPT_TOL_ENERGY       100
SYMMETRY                  False
THRESH                    12
SCF_CONVERGENCE           8
MAX_SUB_FILE_NUM          128
MEM_STATIC                400
MEM_TOTAL                 4000
$end
