$molecule
0  1
O -3.94934 -3.66094 2.70899
C -3.26408 -4.56952 2.26188
C -3.36658 -6.02376 2.66595
C -3.81401 -7.02306 1.58657
C -3.93756 -6.48444 0.17848
O -3.62926 -7.46418 -0.72179
C -3.41737 -6.96511 -2.04666
C -3.07872 -8.11252 -2.99266
O -3.92007 -8.05292 -4.15518
C -5.22125 -8.37566 -3.95043
C -6.07195 -8.20214 -5.1861
C -7.45561 -7.58398 -4.93784
C -7.64798 -6.91333 -3.59251
O -8.66023 -6.97206 -2.90952
O -2.34521 -4.27741 1.30204
O -6.70952 -5.99485 -3.23897
O -5.62036 -8.97946 -2.96151
C -6.83562 -5.13554 -2.1673
C -5.52434 -7.25113 -6.27608
C -6.15406 -7.59618 -7.62643
C -7.56745 -7.09406 -7.41846
C -7.43948 -6.48502 -6.01942
O -6.11397 -6.01152 -5.97784
H -6.17973 -9.22525 -5.61145
H -8.29919 -8.2945 -5.08535
H -4.41843 -7.25671 -6.37739
H -5.66308 -6.9581 -8.39601
H -6.06745 -8.66283 -7.92588
H -7.76984 -6.29538 -8.16651
H -8.36156 -7.87026 -7.46678
H -8.23335 -5.72287 -5.85457
O -4.55169 -5.46642 -0.10949
C -2.12817 -3.01606 0.78906
C -2.009 -6.6082 3.08716
C -2.22307 -7.79643 4.02026
C -2.75767 -8.82229 3.04573
C -2.64915 -8.04313 1.72868
O -1.52526 -7.21869 1.917
H -4.07093 -6.04827 3.5287
H -4.79739 -7.48348 1.82898
H -1.80905 -2.32373 1.59715
H -1.33918 -5.85869 3.56348
H -1.21852 -8.12698 4.36944
H -2.87046 -7.59461 4.90066
H -2.06254 -9.69158 3.04007
H -3.79574 -9.16904 3.23929
H -2.57745 -8.77564 0.89738
H -3.05482 -2.63402 0.3097
H -1.32622 -3.06797 0.02447
H -5.94022 -4.48367 -2.11645
H -6.92827 -5.71358 -1.22332
H -7.73084 -4.49095 -2.29792
H -2.01408 -8.02461 -3.29703
H -3.1794 -9.10573 -2.49819
H -2.60461 -6.20391 -2.0714
H -4.34318 -6.46222 -2.38994
$end

$opt
CONSTRAINT
tors           1           2           3           4    +115.486
tors           3           4           5           6    +147.729
tors           4           5           6           7    -166.256
tors           5           6           7           8    -180.000
tors           6           7           8           9    +129.336
tors           7           8           9          10     -71.156
tors           8           9          10          11    +176.019
tors           9          10          11          12    -138.851
tors          11          12          13          14    -140.308
ENDCONSTRAINT
$end

$rem
JOBTYPE                   OPT
METHOD                    B3LYP
DFT_D                     d3_op
BASIS                     STO-3G
GEOM_OPT_MAX_CYCLES       100
GEOM_OPT_TOL_GRADIENT     300
GEOM_OPT_TOL_DISPLACEMENT 1200
GEOM_OPT_TOL_ENERGY       100
SYMMETRY                  False
THRESH                    12
SCF_CONVERGENCE           8
MAX_SUB_FILE_NUM          128
MEM_STATIC                400
MEM_TOTAL                 4000
$end
