$molecule
0  1
O -3.94934 -3.66094 2.70899
C -3.26408 -4.56952 2.26188
C -3.36658 -6.02376 2.66595
C -3.75967 -7.03076 1.57266
C -3.83298 -6.49719 0.15914
O -3.46505 -7.47164 -0.72432
C -3.23594 -6.97502 -2.04724
C -2.82389 -8.11517 -2.97266
O -3.63452 -8.10052 -4.15822
C -4.92634 -8.47559 -3.98599
C -5.72748 -8.43115 -5.26539
C -6.97606 -7.53843 -5.21662
C -7.047 -6.56426 -4.05788
O -8.01157 -6.40493 -3.32386
O -2.32888 -4.27327 1.31924
O -6.00267 -5.70249 -3.92677
O -5.39049 -8.89221 -2.93118
C -6.00193 -4.60868 -3.08515
C -5.02325 -7.8504 -6.51665
C -5.69885 -8.37923 -7.78291
C -7.01022 -7.62235 -7.74443
C -6.77984 -6.7366 -6.51658
O -5.39264 -6.49431 -6.52887
H -6.0001 -9.48955 -5.47722
H -7.92376 -8.12164 -5.21595
H -3.93452 -8.06561 -6.56768
H -5.10533 -8.0118 -8.65086
H -5.78979 -9.48497 -7.84551
H -7.08344 -6.99941 -8.66358
H -7.92039 -8.25134 -7.63708
H -7.43275 -5.83653 -6.55617
O -4.47915 -5.50693 -0.15786
C -2.10189 -3.00951 0.8166
C -2.01731 -6.59197 3.13623
C -2.25085 -7.77678 4.06872
C -2.74694 -8.81196 3.08378
C -2.59477 -8.04155 1.76548
O -1.48606 -7.20569 1.98841
H -4.09795 -6.05512 3.50571
H -4.74922 -7.49615 1.77757
H -1.79508 -2.32195 1.63351
H -1.37134 -5.83339 3.6308
H -1.25393 -8.09626 4.44881
H -2.92533 -7.5777 4.92918
H -2.05099 -9.68009 3.11162
H -3.79118 -9.15843 3.24175
H -2.48737 -8.77924 0.94266
H -3.02008 -2.62368 0.3242
H -1.28755 -3.05846 0.06504
H -5.02203 -4.09363 -3.15666
H -6.16783 -4.92998 -2.03636
H -6.8025 -3.89895 -3.38401
H -1.7544 -7.99079 -3.24548
H -2.90754 -9.10744 -2.47261
H -2.45897 -6.17707 -2.05981
H -4.1761 -6.52342 -2.41283
$end

$opt
CONSTRAINT
tors           1           2           3           4    +117.859
tors           3           4           5           6    +147.108
tors           4           5           6           7    -167.607
tors           5           6           7           8    +179.731
tors           6           7           8           9    +129.266
tors           7           8           9          10     -71.156
tors           8           9          10          11    +179.642
tors           9          10          11          12    -122.890
tors          11          12          13          14    -131.257
ENDCONSTRAINT
$end

$rem
JOBTYPE                   OPT
METHOD                    B3LYP
DFT_D                     d3_op
BASIS                     STO-3G
GEOM_OPT_MAX_CYCLES       100
GEOM_OPT_TOL_GRADIENT     300
GEOM_OPT_TOL_DISPLACEMENT 1200
GEOM_OPT_TOL_ENERGY       100
SYMMETRY                  False
THRESH                    12
SCF_CONVERGENCE           8
MAX_SUB_FILE_NUM          128
MEM_STATIC                400
MEM_TOTAL                 4000
$end
