$molecule
0  1
O -3.94934 -3.66094 2.70899
C -3.26408 -4.56952 2.26188
C -3.36658 -6.02376 2.66595
C -3.86105 -7.01586 1.60055
C -4.02833 -6.47239 0.19885
O -4.02846 -7.50035 -0.70043
C -3.96853 -7.05852 -2.06074
C -3.97231 -8.25743 -3.00346
O -4.97898 -8.08305 -4.01297
C -6.26099 -8.16215 -3.57784
C -7.27059 -7.92314 -4.67522
C -8.22766 -6.74758 -4.42949
C -7.82198 -5.78331 -3.33299
O -8.50795 -5.47768 -2.36832
O -2.29833 -4.26147 1.35221
O -6.6281 -5.15027 -3.49023
O -6.58701 -8.46141 -2.43513
C -6.19566 -4.10408 -2.70038
C -6.72076 -7.53297 -6.07069
C -7.74587 -7.8909 -7.14798
C -8.81155 -6.84579 -6.8877
C -8.13094 -6.02828 -5.78567
O -6.75871 -6.12725 -6.08729
H -7.82555 -8.88282 -4.77827
H -9.25831 -7.09315 -4.19136
H -5.74636 -8.00306 -6.3236
H -7.27332 -7.67438 -8.13312
H -8.10063 -8.94392 -7.13868
H -8.93606 -6.23385 -7.80864
H -9.79607 -7.2421 -6.55706
H -8.54981 -4.99846 -5.74419
O -4.16911 -5.29727 -0.1138
C -2.05131 -2.99039 0.87708
C -1.99985 -6.60491 3.04779
C -2.18176 -7.83188 3.93889
C -2.67945 -8.83764 2.92565
C -2.64731 -7.99063 1.64909
O -1.5361 -7.1498 1.84087
H -4.05541 -6.04263 3.54067
H -4.79205 -7.56405 1.86612
H -1.76662 -2.31735 1.71374
H -1.33511 -5.86179 3.54111
H -1.177 -8.15332 4.29501
H -2.84981 -7.66486 4.81122
H -1.92529 -9.65267 2.84555
H -3.68084 -9.27231 3.13384
H -2.58174 -8.67431 0.77599
H -2.95273 -2.5922 0.36385
H -1.21513 -3.03073 0.1494
H -5.18368 -3.79204 -3.03057
H -6.14887 -4.41664 -1.63646
H -6.88786 -3.24113 -2.80065
H -2.97208 -8.35349 -3.47677
H -4.15636 -9.21078 -2.45682
H -3.06888 -6.43117 -2.25549
H -4.85711 -6.43069 -2.2533
$end

$opt
CONSTRAINT
tors           1           2           3           4    +113.409
tors           3           4           5           6    +159.879
tors           4           5           6           7    -170.637
tors           5           6           7           8    -180.000
tors           6           7           8           9    +129.266
tors           7           8           9          10     -69.545
tors           8           9          10          11    +178.001
tors           9          10          11          12    -121.118
tors          11          12          13          14    -124.427
ENDCONSTRAINT
$end

$rem
JOBTYPE                   OPT
METHOD                    B3LYP
DFT_D                     d3_op
BASIS                     STO-3G
GEOM_OPT_MAX_CYCLES       100
GEOM_OPT_TOL_GRADIENT     300
GEOM_OPT_TOL_DISPLACEMENT 1200
GEOM_OPT_TOL_ENERGY       100
SYMMETRY                  False
THRESH                    12
SCF_CONVERGENCE           8
MAX_SUB_FILE_NUM          128
MEM_STATIC                400
MEM_TOTAL                 4000
$end
