$molecule
0  1
O -3.94934 -3.66094 2.70899
C -3.26408 -4.56952 2.26188
C -3.36658 -6.02376 2.66595
C -3.69229 -7.03941 1.5586
C -3.70375 -6.51128 0.1412
O -3.55843 -7.54451 -0.74014
C -3.30646 -7.11001 -2.08065
C -3.15608 -8.31448 -3.0041
O -3.95619 -8.13054 -4.18261
C -5.2976 -8.18685 -3.99134
C -6.08331 -7.93877 -5.25696
C -7.08333 -6.77585 -5.18059
C -6.90448 -5.82613 -4.01322
O -7.76461 -5.54237 -3.19212
O -2.24085 -4.24688 1.42245
O -5.7066 -5.187 -3.92687
O -5.83335 -8.49421 -2.93287
C -5.4389 -4.15809 -3.04689
C -5.28429 -7.52404 -6.51806
C -6.0845 -7.87289 -7.77403
C -7.18988 -6.83885 -7.70593
C -6.73834 -6.03421 -6.48337
O -5.33285 -6.11847 -6.52155
H -6.60148 -8.90018 -5.47334
H -8.13673 -7.13329 -5.14861
H -4.27498 -7.98272 -6.58945
H -5.437 -7.63913 -8.64969
H -6.42476 -8.92836 -7.84491
H -7.14272 -6.21298 -8.62472
H -8.2156 -7.24661 -7.57454
H -7.16788 -5.00822 -6.50745
O -3.88204 -5.34957 -0.20033
C -1.95777 -2.96738 0.99207
C -2.02842 -6.5493 3.20359
C -2.26217 -7.77385 4.08554
C -2.61178 -8.80558 3.0376
C -2.46101 -7.97093 1.76118
O -1.4102 -7.08785 2.06537
H -4.14095 -6.06386 3.46511
H -4.6296 -7.61809 1.71415
H -1.7221 -2.31491 1.85977
H -1.45042 -5.77774 3.75881
H -1.28937 -8.05369 4.5494
H -3.02412 -7.62632 4.88101
H -1.83131 -9.5992 3.05691
H -3.61853 -9.26596 3.13567
H -2.27154 -8.66112 0.91164
H -2.82314 -2.55201 0.43264
H -1.07758 -2.99743 0.31773
H -4.38432 -3.83719 -3.1709
H -5.59465 -4.49456 -2.00093
H -6.10435 -3.29427 -3.25881
H -2.08617 -8.44332 -3.27265
H -3.46937 -9.25638 -2.49763
H -2.40695 -6.4577 -2.1566
H -4.17746 -6.5078 -2.39892
$end

$opt
CONSTRAINT
tors           1           2           3           4    +120.766
tors           3           4           5           6    +159.879
tors           4           5           6           7    -168.881
tors           5           6           7           8    -180.000
tors           6           7           8           9    +132.105
tors           7           8           9          10     -69.545
tors           8           9          10          11    +178.001
tors           9          10          11          12    -123.049
tors          11          12          13          14    -124.427
ENDCONSTRAINT
$end

$rem
JOBTYPE                   OPT
METHOD                    B3LYP
DFT_D                     d3_op
BASIS                     STO-3G
GEOM_OPT_MAX_CYCLES       100
GEOM_OPT_TOL_GRADIENT     300
GEOM_OPT_TOL_DISPLACEMENT 1200
GEOM_OPT_TOL_ENERGY       100
SYMMETRY                  False
THRESH                    12
SCF_CONVERGENCE           8
MAX_SUB_FILE_NUM          128
MEM_STATIC                400
MEM_TOTAL                 4000
$end
