$molecule
0  1
O -3.94934 -3.66094 2.70899
C -3.26408 -4.56952 2.26188
C -3.36658 -6.02376 2.66595
C -3.84901 -7.01775 1.5968
C -4.00508 -6.47556 0.19331
O -3.9946 -7.50408 -0.70528
C -3.97737 -7.06218 -2.06678
C -3.96647 -8.26174 -3.00863
O -4.98224 -8.10544 -4.01196
C -6.25822 -8.25784 -3.57861
C -7.27829 -8.07766 -4.67754
C -8.27438 -6.93036 -4.45439
C -7.89907 -5.92889 -3.38066
O -8.5628 -5.67375 -2.38621
O -2.29537 -4.26112 1.3556
O -6.739 -5.24212 -3.56567
O -6.5695 -8.5571 -2.43184
C -6.32621 -4.1886 -2.77516
C -6.74655 -7.69482 -6.08273
C -7.75892 -8.11532 -7.14938
C -8.8662 -7.10991 -6.90568
C -8.21417 -6.23987 -5.82658
O -6.8401 -6.29207 -6.1312
H -7.79645 -9.05941 -4.76324
H -9.28701 -7.31284 -4.19621
H -5.75483 -8.13168 -6.32795
H -7.29716 -7.89777 -8.13943
H -8.07053 -9.18157 -7.12073
H -9.02296 -6.52627 -7.83992
H -9.83054 -7.53951 -6.55758
H -8.67328 -5.22674 -5.80584
O -4.16766 -5.30257 -0.11826
C -2.03992 -2.98835 0.88967
C -2.00143 -6.60066 3.05974
C -2.18742 -7.82783 3.9498
C -2.67292 -8.8355 2.9326
C -2.63256 -7.98869 1.65617
O -1.52561 -7.14447 1.85712
H -4.06233 -6.04394 3.53515
H -4.78011 -7.56965 1.85423
H -1.75178 -2.32333 1.73163
H -1.34324 -5.85537 3.55854
H -1.18497 -8.1461 4.31515
H -2.86386 -7.66242 4.81595
H -1.91524 -9.64788 2.85911
H -3.67451 -9.27368 3.13231
H -2.55727 -8.67253 0.78398
H -2.9381 -2.58061 0.37843
H -1.20285 -3.02873 0.16301
H -5.34087 -3.8277 -3.13473
H -6.22808 -4.51244 -1.71778
H -7.05859 -3.35589 -2.8393
H -2.96644 -8.33982 -3.4856
H -4.12836 -9.21908 -2.46166
H -3.10748 -6.40171 -2.28552
H -4.89669 -6.47025 -2.23797
$end

$opt
CONSTRAINT
tors           1           2           3           4    +113.943
tors           3           4           5           6    +159.879
tors           4           5           6           7    -172.980
tors           5           6           7           8    -180.000
tors           6           7           8           9    +130.403
tors           7           8           9          10     -72.008
tors           8           9          10          11    +179.822
tors           9          10          11          12    -119.287
tors          11          12          13          14    -120.621
ENDCONSTRAINT
$end

$rem
JOBTYPE                   OPT
METHOD                    B3LYP
DFT_D                     d3_op
BASIS                     STO-3G
GEOM_OPT_MAX_CYCLES       100
GEOM_OPT_TOL_GRADIENT     300
GEOM_OPT_TOL_DISPLACEMENT 1200
GEOM_OPT_TOL_ENERGY       100
SYMMETRY                  False
THRESH                    12
SCF_CONVERGENCE           8
MAX_SUB_FILE_NUM          128
MEM_STATIC                400
MEM_TOTAL                 4000
$end
