$molecule
0  1
O -3.94934 -3.66094 2.70899
C -3.26408 -4.56952 2.26188
C -3.36658 -6.02376 2.66595
C -3.86105 -7.01586 1.60055
C -4.02833 -6.47239 0.19885
O -4.07137 -7.50301 -0.69635
C -4.01423 -7.06807 -2.05899
C -4.06678 -8.2696 -2.99691
O -5.07971 -8.06749 -3.99491
C -6.35556 -8.04968 -3.53554
C -7.36794 -7.77174 -4.62113
C -8.19595 -6.4938 -4.42228
C -7.66477 -5.51562 -3.39383
O -8.27719 -5.11418 -2.41488
O -2.29092 -4.25961 1.36066
O -6.42892 -4.99716 -3.62901
O -6.67941 -8.27987 -2.37627
C -5.8787 -3.94904 -2.91906
C -6.82093 -7.51118 -6.04848
C -7.9037 -7.82726 -7.08151
C -8.86062 -6.67441 -6.85512
C -8.07398 -5.86449 -5.81986
O -6.72651 -6.11126 -6.14639
H -8.01285 -8.67834 -4.66363
H -9.24554 -6.72519 -4.13395
H -5.90239 -8.08579 -6.29476
H -7.43888 -7.70715 -8.08663
H -8.3546 -8.84028 -7.00895
H -8.95853 -6.1067 -7.80703
H -9.86581 -6.95831 -6.47478
H -8.3926 -4.79861 -5.82811
O -4.13804 -5.29541 -0.11845
C -2.03375 -2.9862 0.89731
C -2.00009 -6.60738 3.04585
C -2.18277 -7.83597 3.93497
C -2.68088 -8.84029 2.9201
C -2.64941 -7.9913 1.6451
O -1.53759 -7.15116 1.83764
H -4.05481 -6.04307 3.54114
H -4.79455 -7.55912 1.86776
H -1.75008 -2.3219 1.74134
H -1.33429 -5.86581 3.54002
H -1.17836 -8.15871 4.29085
H -2.85089 -7.66982 4.80741
H -1.92664 -9.65499 2.83781
H -3.6821 -9.27545 3.12814
H -2.5868 -8.67121 0.76868
H -2.92961 -2.57837 0.38203
H -1.19312 -3.02546 0.1747
H -4.85751 -3.74615 -3.30167
H -5.81733 -4.2005 -1.84015
H -6.4985 -3.03642 -3.04873
H -3.07561 -8.40979 -3.47812
H -4.2873 -9.20921 -2.44015
H -3.09655 -6.4721 -2.26731
H -4.8811 -6.40748 -2.24005
$end

$opt
CONSTRAINT
tors           1           2           3           4    +113.409
tors           3           4           5           6    +161.805
tors           4           5           6           7    -170.637
tors           5           6           7           8    -180.000
tors           6           7           8           9    +129.266
tors           7           8           9          10     -66.920
tors           8           9          10          11    +177.402
tors           9          10          11          12    -118.447
tors          11          12          13          14    -122.527
ENDCONSTRAINT
$end

$rem
JOBTYPE                   OPT
METHOD                    B3LYP
DFT_D                     d3_op
BASIS                     STO-3G
GEOM_OPT_MAX_CYCLES       100
GEOM_OPT_TOL_GRADIENT     300
GEOM_OPT_TOL_DISPLACEMENT 1200
GEOM_OPT_TOL_ENERGY       100
SYMMETRY                  False
THRESH                    12
SCF_CONVERGENCE           8
MAX_SUB_FILE_NUM          128
MEM_STATIC                400
MEM_TOTAL                 4000
$end
