$molecule
0  1
O -3.94934 -3.66094 2.70899
C -3.26408 -4.56952 2.26188
C -3.36658 -6.02376 2.66595
C -3.85489 -7.01683 1.59861
C -4.01644 -6.47402 0.19599
O -3.97259 -7.49867 -0.706
C -4.03258 -7.05493 -2.06569
C -3.97895 -8.25019 -3.01152
O -5.1443 -8.26269 -3.85098
C -6.31157 -8.5515 -3.22391
C -7.50838 -8.46882 -4.14123
C -8.59797 -7.48229 -3.69643
C -8.19104 -6.48486 -2.63049
O -8.74873 -6.33139 -1.55346
O -2.30179 -4.26299 1.34832
O -7.17831 -5.63425 -2.94709
O -6.39644 -8.91207 -2.05608
C -6.82957 -4.53291 -2.19137
C -7.26298 -7.96322 -5.58536
C -8.37213 -8.47419 -6.50631
C -9.54381 -7.6362 -6.0362
C -8.84366 -6.73254 -5.01668
O -7.54074 -6.58543 -5.53129
H -7.905 -9.50753 -4.19971
H -9.50209 -8.00854 -3.31687
H -6.27642 -8.25121 -6.00729
H -8.10724 -8.15994 -7.54158
H -8.53734 -9.57296 -6.49117
H -9.91684 -7.03894 -6.89771
H -10.38059 -8.20445 -5.57517
H -9.41864 -5.79253 -4.86348
O -4.20462 -5.30337 -0.10976
C -2.04986 -2.99117 0.87796
C -2.00091 -6.60138 3.05609
C -2.1855 -7.82668 3.94873
C -2.6769 -8.8347 2.93499
C -2.63889 -7.99002 1.65687
O -1.52987 -7.1475 1.85283
H -4.05976 -6.04275 3.53724
H -4.7845 -7.56997 1.85855
H -1.75616 -2.3243 1.71653
H -1.34012 -5.85611 3.5515
H -1.18203 -8.146 4.31037
H -2.85808 -7.659 4.81745
H -1.92151 -9.64916 2.86069
H -3.67893 -9.27001 3.13869
H -2.56612 -8.6774 0.7874
H -2.95163 -2.58473 0.37202
H -1.21777 -3.03289 0.14567
H -5.96155 -4.02723 -2.66184
H -6.55491 -4.84298 -1.16186
H -7.67916 -3.81867 -2.14653
H -3.09448 -8.13087 -3.67351
H -3.84759 -9.21864 -2.47767
H -3.15781 -6.39735 -2.277
H -4.94358 -6.45793 -2.24699
$end

$opt
CONSTRAINT
tors           1           2           3           4    +113.682
tors           3           4           5           6    +158.147
tors           4           5           6           7    -176.209
tors           5           6           7           8    -180.000
tors           6           7           8           9    +122.101
tors           7           8           9          10     -69.545
tors           8           9          10          11    +176.587
tors           9          10          11          12    -122.083
tors          11          12          13          14    -123.686
ENDCONSTRAINT
$end

$rem
JOBTYPE                   OPT
METHOD                    B3LYP
DFT_D                     d3_op
BASIS                     STO-3G
GEOM_OPT_MAX_CYCLES       100
GEOM_OPT_TOL_GRADIENT     300
GEOM_OPT_TOL_DISPLACEMENT 1200
GEOM_OPT_TOL_ENERGY       100
SYMMETRY                  False
THRESH                    12
SCF_CONVERGENCE           8
MAX_SUB_FILE_NUM          128
MEM_STATIC                400
MEM_TOTAL                 4000
$end
