$molecule
0  1
O -3.94934 -3.66094 2.70899
C -3.26408 -4.56952 2.26188
C -3.36658 -6.02376 2.66595
C -3.86304 -7.01555 1.60118
C -4.03218 -6.47185 0.19979
O -3.90273 -7.48315 -0.70902
C -3.96486 -7.032 -2.06618
C -3.80145 -8.21086 -3.01996
O -4.91067 -8.26068 -3.93102
C -6.10047 -8.61096 -3.38254
C -7.24607 -8.53363 -4.36349
C -8.38837 -7.59341 -3.9519
C -8.07226 -6.61902 -2.83506
O -8.69372 -6.51588 -1.78734
O -2.33164 -4.27144 1.31588
O -7.07866 -5.72174 -3.07227
O -6.23973 -9.00908 -2.23218
C -6.82331 -4.62534 -2.27312
C -6.93619 -7.97598 -5.77564
C -7.9766 -8.48927 -6.77256
C -9.19711 -7.69933 -6.34539
C -8.58263 -6.80941 -5.26087
O -7.25804 -6.60906 -5.6962
H -7.60663 -9.58104 -4.47564
H -9.2954 -8.15771 -3.63997
H -5.91936 -8.2225 -6.14925
H -7.6641 -8.13639 -7.78176
H -8.10965 -9.5922 -6.7983
H -9.53781 -7.08496 -7.20831
H -10.04185 -8.30458 -5.95083
H -9.19325 -5.89137 -5.11232
O -4.36799 -5.32883 -0.08361
C -2.10955 -3.00726 0.81139
C -1.99959 -6.60409 3.04837
C -2.18225 -7.82067 3.95236
C -2.69547 -8.83189 2.95299
C -2.65565 -8.0007 1.66547
O -1.53988 -7.16411 1.84692
H -4.05309 -6.0416 3.54262
H -4.79839 -7.55622 1.86625
H -1.80452 -2.31727 1.62681
H -1.3307 -5.85844 3.53222
H -1.17498 -8.14349 4.30027
H -2.83966 -7.64415 4.83086
H -1.95405 -9.6596 2.88487
H -3.70379 -9.2475 3.16659
H -2.59107 -8.70099 0.80605
H -3.02973 -2.62522 0.31963
H -1.29624 -3.05422 0.05862
H -5.94396 -4.07901 -2.67155
H -6.61105 -4.9482 -1.23337
H -7.70017 -3.94369 -2.27164
H -2.86923 -8.06641 -3.60685
H -3.69003 -9.17977 -2.48184
H -3.15941 -6.28846 -2.26642
H -4.92921 -6.52921 -2.24475
$end

$opt
CONSTRAINT
tors           1           2           3           4    +113.320
tors           3           4           5           6    +153.956
tors           4           5           6           7    -176.209
tors           5           6           7           8    +179.514
tors           6           7           8           9    +125.024
tors           7           8           9          10     -69.750
tors           8           9          10          11    +175.198
tors           9          10          11          12    -121.682
tors          11          12          13          14    -123.686
ENDCONSTRAINT
$end

$rem
JOBTYPE                   OPT
METHOD                    B3LYP
DFT_D                     d3_op
BASIS                     STO-3G
GEOM_OPT_MAX_CYCLES       100
GEOM_OPT_TOL_GRADIENT     300
GEOM_OPT_TOL_DISPLACEMENT 1200
GEOM_OPT_TOL_ENERGY       100
SYMMETRY                  False
THRESH                    12
SCF_CONVERGENCE           8
MAX_SUB_FILE_NUM          128
MEM_STATIC                400
MEM_TOTAL                 4000
$end
