$molecule
0  1
O -3.94934 -3.66094 2.70899
C -3.26408 -4.56952 2.26188
C -3.36658 -6.02376 2.66595
C -2.05424 -6.81773 2.77194
C -0.77335 -6.02476 2.63554
O -0.97412 -4.74229 3.06027
C 0.14622 -4.20183 3.76878
C -0.33361 -3.33434 4.92781
O 0.79414 -2.79487 5.63493
C 1.76031 -2.24451 4.85855
C 2.15001 -3.12261 3.69333
C 1.05089 -3.32647 2.6404
C -0.11844 -2.36503 2.71115
O -0.1577 -1.25754 2.19492
O -2.71592 -4.42917 1.01894
O -1.492 -2.57719 2.85957
O 2.34833 -1.22835 5.19836
C -2.43088 -1.56667 3.19403
C 3.31395 -2.45519 2.93377
C 4.04252 -3.47343 2.05525
C 3.06429 -3.5801 0.92458
C 1.92803 -2.68073 1.46077
O 2.64522 -1.62642 2.04106
H 2.59798 -4.04344 4.13865
H 0.96806 -4.15554 1.80739
H 4.05433 -1.96148 3.60126
H 4.99501 -3.05053 1.66429
H 4.24709 -4.42243 2.59653
H 3.49809 -3.05911 0.04019
H 2.79016 -4.61479 0.62522
H 1.31647 -2.37197 0.57618
O 0.31859 -6.55926 2.47376
C -2.8526 -3.3551 0.16341
C -3.90043 -6.19245 4.10445
C -4.48539 -7.59369 4.2869
C -3.22065 -8.42443 4.32977
C -2.16231 -7.32437 4.221
O -2.74075 -6.23529 4.89807
H -4.07572 -6.49569 1.94916
H -2.00233 -7.65027 2.03555
H -2.36802 -2.44883 0.56193
H -4.65911 -5.43094 4.38779
H -4.96646 -7.63306 5.29038
H -5.22441 -7.89039 3.51178
H -3.15332 -8.91132 5.32832
H -3.12463 -9.18892 3.52868
H -1.18797 -7.68467 4.61963
H -3.92698 -3.16176 -0.04016
H -2.34948 -3.59832 -0.79462
H -3.01981 -1.87487 4.08304
H -3.12511 -1.36877 2.35403
H -1.95571 -0.6011 3.47406
H -1.03568 -2.49491 4.956
H -0.91325 -3.97169 5.64017
H 0.4457 -5.01459 4.49496
H 0.81328 -5.06327 4.13522
$end

$opt
CONSTRAINT
tors           1           2           3           4    -142.105
tors           3           4           5           6     +28.421
tors           4           5           6           7    +142.105
tors           5           6           7           8    -142.105
tors           6           7           8           9    -180.000
tors           7           8           9          10     +47.368
tors           8           9          10          11     -47.368
tors           9          10          11          12     +66.316
tors          11          12          13          14     +85.263
ENDCONSTRAINT
$end

$rem
JOBTYPE                   OPT
METHOD                    B3LYP
DFT_D                     d3_op
BASIS                     STO-3G
GEOM_OPT_MAX_CYCLES       100
GEOM_OPT_TOL_GRADIENT     300
GEOM_OPT_TOL_DISPLACEMENT 1200
GEOM_OPT_TOL_ENERGY       100
SYMMETRY                  False
THRESH                    12
SCF_CONVERGENCE           8
MAX_SUB_FILE_NUM          128
MEM_STATIC                400
MEM_TOTAL                 4000
$end
