$molecule
0  1
O -3.94934 -3.66094 2.70899
C -3.26408 -4.56952 2.26188
C -3.36658 -6.02376 2.66595
C -2.09215 -6.69516 3.20345
C -0.90361 -5.79095 3.44399
O -1.18083 -4.92041 4.45924
C -2.57542 -4.62018 4.57858
C -2.96426 -4.50452 6.0488
O -4.02221 -5.42826 6.34935
C -4.58294 -6.04143 5.27756
C -5.68708 -6.99875 5.65843
C -5.21753 -8.41133 6.03582
C -3.73695 -8.56093 6.32252
O -3.14281 -8.05635 7.26431
O -2.25228 -4.22033 1.40467
O -3.18171 -9.66961 5.75355
O -5.01841 -5.30224 4.40653
C -2.03188 -10.31994 6.17689
C -6.45323 -6.61692 6.95021
C -7.84094 -7.258 6.94134
C -7.47924 -8.71494 7.14455
C -5.96744 -8.59216 7.36869
O -5.81123 -7.33254 7.97537
H -6.4453 -7.03901 4.83788
H -5.51577 -9.17457 5.28156
H -6.54375 -5.51868 7.09955
H -8.36875 -6.89304 7.85181
H -8.46786 -7.04467 6.04902
H -7.99103 -9.07848 8.0631
H -7.70809 -9.38561 6.2881
H -5.58629 -9.46282 7.94749
O 0.24685 -5.99517 3.07016
C -1.98623 -2.93156 0.99224
C -4.2742 -7.30796 2.58849
C -3.91657 -8.33301 1.47207
C -2.62542 -8.94143 2.03073
C -2.49005 -8.1598 3.35859
O -3.8441 -8.047 3.70101
H -3.38711 -6.09121 1.55992
H -1.59302 -6.86699 2.2247
H -1.74057 -2.2937 1.86807
H -5.35614 -7.05561 2.5787
H -4.69692 -9.12699 1.4702
H -3.84062 -7.91344 0.44566
H -2.81476 -10.01217 2.26862
H -1.73926 -8.87554 1.363
H -1.81544 -8.64367 4.07808
H -2.86423 -2.51288 0.45575
H -1.11697 -2.94252 0.30335
H -1.29549 -10.37796 5.35127
H -2.29533 -11.35709 6.46924
H -1.55026 -9.82548 7.04665
H -2.08753 -4.72295 6.69629
H -3.34562 -3.49642 6.34727
H -2.51981 -3.5253 4.37507
H -2.51981 -3.5253 4.37507
$end

$opt
CONSTRAINT
tors           1           2           3           4    -123.158
tors           3           4           5           6     +66.316
tors           4           5           6           7     -28.421
tors           5           6           7           8    +142.105
tors           6           7           8           9    -123.158
tors           7           8           9          10      -9.474
tors           8           9          10          11    -180.000
tors           9          10          11          12     -85.263
tors          11          12          13          14     +66.316
ENDCONSTRAINT
$end

$rem
JOBTYPE                   OPT
METHOD                    B3LYP
DFT_D                     d3_op
BASIS                     STO-3G
GEOM_OPT_MAX_CYCLES       100
GEOM_OPT_TOL_GRADIENT     300
GEOM_OPT_TOL_DISPLACEMENT 1200
GEOM_OPT_TOL_ENERGY       100
SYMMETRY                  False
THRESH                    12
SCF_CONVERGENCE           8
MAX_SUB_FILE_NUM          128
MEM_STATIC                400
MEM_TOTAL                 4000
$end
