$molecule
0  1
O -3.94934 -3.66094 2.70899
C -3.26408 -4.56952 2.26188
C -3.36658 -6.02376 2.66595
C -2.27333 -6.57303 3.59705
C -1.29943 -5.56331 4.16282
O -0.53823 -5.03897 3.15731
C 0.8233 -4.81625 3.53926
C 1.0657 -3.32956 3.77826
O -0.07245 -2.57135 3.33936
C -0.39811 -1.50709 4.11422
C 0.00854 -0.18757 3.50253
C -0.71178 1.0413 4.07638
C -1.44434 0.82631 5.38552
O -2.51854 1.32607 5.68702
O -2.32907 -4.27603 1.32041
O -0.71094 0.28635 6.40255
O -1.25871 -1.68148 4.96056
C -1.15606 0.13757 7.69991
C 1.48022 0.19716 3.74944
C 1.93897 1.17566 2.66899
C 1.16448 2.41765 3.06493
C 0.5137 1.93173 4.36559
O 1.44645 1.01706 4.88978
H -0.17116 -0.27275 2.406
H -1.41894 1.51893 3.36256
H 2.16749 -0.67269 3.79626
H 3.02316 1.36411 2.84083
H 1.78941 0.83666 1.62131
H 1.89225 3.23407 3.26927
H 0.4035 2.75871 2.32997
H 0.25748 2.79378 5.02084
O -1.13449 -5.31868 5.35249
C -2.15801 -3.0278 0.75792
C -4.60975 -6.28815 3.55053
C -5.01061 -7.76027 3.46569
C -3.89431 -8.4008 4.25979
C -3.14028 -7.15266 4.73022
O -4.14204 -6.17809 4.87172
H -3.49161 -6.60888 1.72731
H -1.66198 -7.36 3.10177
H -1.9262 -2.2768 1.54097
H -5.48304 -5.65172 3.28714
H -5.96016 -7.8741 4.03669
H -5.15284 -8.15757 2.43773
H -4.34204 -8.93682 5.12615
H -3.23618 -9.08855 3.68582
H -2.55203 -7.38899 5.64406
H -3.08045 -2.7243 0.2185
H -1.31693 -3.06582 0.03583
H -0.35547 -0.33275 8.30669
H -2.05416 -0.51588 7.72294
H -1.40011 1.12919 8.13725
H 1.19941 -3.19666 4.87804
H 2.00365 -2.99731 3.28432
H 1.42093 -5.11422 2.65154
H 1.20553 -5.45027 4.37344
$end

$opt
CONSTRAINT
tors           1           2           3           4    -104.211
tors           3           4           5           6     -66.316
tors           4           5           6           7    -142.105
tors           5           6           7           8    -104.211
tors           6           7           8           9      -9.474
tors           7           8           9          10    +142.105
tors           8           9          10          11    +104.211
tors           9          10          11          12    +161.053
tors          11          12          13          14    -142.105
ENDCONSTRAINT
$end

$rem
JOBTYPE                   OPT
METHOD                    B3LYP
DFT_D                     d3_op
BASIS                     STO-3G
GEOM_OPT_MAX_CYCLES       100
GEOM_OPT_TOL_GRADIENT     300
GEOM_OPT_TOL_DISPLACEMENT 1200
GEOM_OPT_TOL_ENERGY       100
SYMMETRY                  False
THRESH                    12
SCF_CONVERGENCE           8
MAX_SUB_FILE_NUM          128
MEM_STATIC                400
MEM_TOTAL                 4000
$end
