$molecule
0  1
O -3.94934 -3.66094 2.70899
C -3.26408 -4.56952 2.26188
C -3.36658 -6.02376 2.66595
C -2.57813 -6.46456 3.91009
C -1.91791 -5.36653 4.71416
O -1.61172 -4.31441 3.89886
C -0.21843 -4.23624 3.57965
C 0.61998 -4.38899 4.84451
O 1.53334 -5.48751 4.69656
C 0.96113 -6.71397 4.60976
C 1.88169 -7.75181 4.01301
C 2.83084 -8.4272 5.01363
C 2.4885 -8.24099 6.47815
O 1.98115 -9.08674 7.20056
O -2.46893 -4.31272 1.18857
O 2.73413 -7.00638 6.99012
O 0.06278 -7.05244 5.36611
C 2.45302 -6.63173 8.28693
C 1.14257 -8.97332 3.43342
C 2.01449 -9.64158 2.37253
C 3.1077 -10.23222 3.2394
C 2.56035 -9.90088 4.6339
O 1.16296 -9.9223 4.4691
H 2.43503 -7.25296 3.18447
H 3.90084 -8.1561 4.87859
H 0.14349 -8.72546 3.01319
H 1.41326 -10.47378 1.94054
H 2.36638 -8.98177 1.55053
H 3.13235 -11.33162 3.07021
H 4.12019 -9.79854 3.08983
H 2.97322 -10.61131 5.38398
O -2.18368 -5.17542 5.89335
C -2.30007 -3.06484 0.62612
C -4.79792 -6.41537 3.07911
C -4.9961 -7.92135 2.91663
C -4.15964 -8.44018 4.06611
C -3.72433 -7.12009 4.71216
O -4.80777 -6.25447 4.4762
H -3.06954 -6.62319 1.77495
H -1.78845 -7.20284 3.65918
H -1.87683 -2.36196 1.37516
H -5.5822 -5.86379 2.51534
H -6.0669 -8.1393 3.13137
H -4.7325 -8.32607 1.91583
H -4.82502 -9.00567 4.75602
H -3.29042 -9.0699 3.77692
H -3.45969 -7.29798 5.77741
H -3.27259 -2.677 0.25474
H -1.59657 -3.14314 -0.22787
H 2.75403 -5.57412 8.43285
H 3.01937 -7.26759 9.00054
H 1.36331 -6.72346 8.48322
H 1.24792 -3.47586 4.9219
H 0.09237 -4.41154 5.81843
H -0.02898 -3.25266 3.09895
H 0.03646 -5.00934 2.82131
$end

$opt
CONSTRAINT
tors           1           2           3           4     -85.263
tors           3           4           5           6     -28.421
tors           4           5           6           7    -104.211
tors           5           6           7           8     -47.368
tors           6           7           8           9    +123.158
tors           7           8           9          10     -66.316
tors           8           9          10          11    +161.053
tors           9          10          11          12     +85.263
tors          11          12          13          14    +104.211
ENDCONSTRAINT
$end

$rem
JOBTYPE                   OPT
METHOD                    B3LYP
DFT_D                     d3_op
BASIS                     STO-3G
GEOM_OPT_MAX_CYCLES       100
GEOM_OPT_TOL_GRADIENT     300
GEOM_OPT_TOL_DISPLACEMENT 1200
GEOM_OPT_TOL_ENERGY       100
SYMMETRY                  False
THRESH                    12
SCF_CONVERGENCE           8
MAX_SUB_FILE_NUM          128
MEM_STATIC                400
MEM_TOTAL                 4000
$end
