$molecule
0  1
O -3.94934 -3.66094 2.70899
C -3.26408 -4.56952 2.26188
C -3.36658 -6.02376 2.66595
C -2.97353 -6.38153 4.10864
C -2.69204 -5.22192 5.03825
O -2.77315 -5.63783 6.33665
C -1.7488 -6.57186 6.69381
C -1.90352 -6.98933 8.15254
O -1.24561 -6.03961 9.00581
C -1.79201 -4.79859 9.02732
C -0.80952 -3.71649 8.64728
C 0.65067 -4.17846 8.53453
C 0.86597 -5.67683 8.46217
O 1.91814 -6.25382 8.69577
O -2.37953 -4.28862 1.26878
O 0.63563 -6.05775 7.18666
O -2.99553 -4.59943 9.11618
C 1.35038 -7.01592 6.43009
C -1.00686 -3.01292 7.29576
C -0.40679 -1.60858 7.36104
C 1.07525 -1.93265 7.41173
C 1.03165 -3.45365 7.21983
O -0.11279 -3.65777 6.42149
H -0.91298 -2.95612 9.45479
H 1.24215 -3.83184 9.41084
H -2.07082 -2.96108 6.9861
H -0.63108 -1.11979 6.38557
H -0.77722 -0.96072 8.18435
H 1.57204 -1.43496 6.54964
H 1.58898 -1.66133 8.35922
H 1.99408 -3.82608 6.8054
O -2.59905 -4.03986 4.76321
C -2.16519 -3.02784 0.75247
C -4.81669 -6.52102 2.59608
C -4.84334 -8.04153 2.45596
C -4.42487 -8.45554 3.84859
C -4.29973 -7.08508 4.52261
O -5.29684 -6.3145 3.89836
H -2.73661 -6.59642 1.94674
H -2.1178 -7.08912 4.11883
H -1.80627 -2.34373 1.55102
H -5.40015 -6.04755 1.77574
H -5.9015 -8.34954 2.29674
H -4.21372 -8.44027 1.63157
H -5.26313 -9.02515 4.309
H -3.48715 -9.04885 3.91103
H -4.42194 -7.21847 5.61825
H -3.10382 -2.63027 0.31055
H -1.39315 -3.08638 -0.04189
H 0.98813 -7.06459 5.38299
H 1.25009 -8.02079 6.89491
H 2.42465 -6.7365 6.3638
H -2.97136 -7.12574 8.43855
H -1.38769 -7.96415 8.2999
H -0.95653 -6.52278 5.96586
H -2.10493 -7.53471 6.26772
$end

$opt
CONSTRAINT
tors           1           2           3           4     -66.316
tors           3           4           5           6    +161.053
tors           4           5           6           7     +66.316
tors           5           6           7           8    -180.000
tors           6           7           8           9     -85.263
tors           7           8           9          10     +66.316
tors           8           9          10          11    -123.158
tors           9          10          11          12      -9.474
tors          11          12          13          14    -161.053
ENDCONSTRAINT
$end

$rem
JOBTYPE                   OPT
METHOD                    B3LYP
DFT_D                     d3_op
BASIS                     STO-3G
GEOM_OPT_MAX_CYCLES       100
GEOM_OPT_TOL_GRADIENT     300
GEOM_OPT_TOL_DISPLACEMENT 1200
GEOM_OPT_TOL_ENERGY       100
SYMMETRY                  False
THRESH                    12
SCF_CONVERGENCE           8
MAX_SUB_FILE_NUM          128
MEM_STATIC                400
MEM_TOTAL                 4000
$end
