$molecule
0  1
O -3.94934 -3.66094 2.70899
C -3.26408 -4.56952 2.26188
C -3.36658 -6.02376 2.66595
C -3.85957 -6.32399 4.09097
C -4.36389 -5.14454 4.89263
O -3.66101 -5.0418 6.05917
C -4.32835 -4.25459 7.05124
C -4.01512 -2.77596 6.84711
O -2.62234 -2.53146 7.09863
C -2.29236 -1.23937 7.34514
C -3.42928 -0.28109 7.08098
C -3.11584 0.8325 6.07105
C -1.87708 0.62582 5.22285
O -1.04116 -0.25031 5.39074
O -2.22465 -4.25527 1.4447
O -1.64251 1.56992 4.27291
O -1.21347 -0.92337 7.82691
C -0.55152 1.57038 3.42918
C -5.00424 -0.27177 6.7022
C -5.70766 1.051 7.10394
C -5.34206 1.92822 5.93994
C -4.38167 1.00293 5.21958
O -5.01477 -0.23593 5.30203
H -3.48636 0.158 8.10133
H -2.8841 1.79152 6.59046
H -5.71129 -0.99449 7.14268
H -6.8177 0.95275 7.1093
H -5.36815 1.41327 8.09796
H -6.22907 2.04947 5.27661
H -4.94266 2.92967 6.20983
H -4.19485 1.3789 4.18998
O -5.37847 -4.50688 4.62511
C -1.93004 -2.97654 1.01926
C -4.48723 -6.72332 1.86238
C -4.24201 -8.2317 1.82617
C -4.5702 -8.60433 3.2566
C -5.0485 -7.24976 3.79069
O -5.63262 -6.62871 2.67325
H -2.40662 -6.52478 2.4044
H -3.06407 -6.84226 4.67454
H -1.71073 -2.32318 1.89102
H -4.59079 -6.3317 0.82612
H -5.01865 -8.67153 1.15989
H -3.23698 -8.54544 1.47084
H -5.40571 -9.33911 3.2459
H -3.71984 -9.00341 3.85089
H -5.70817 -7.38909 4.6759
H -2.78324 -2.55946 0.44259
H -1.03645 -3.00819 0.3628
H -0.61236 2.45025 2.75644
H -0.54598 0.64685 2.81133
H 0.38837 1.63457 4.01811
H -4.32816 -2.47975 5.82669
H -4.55522 -2.44175 7.75366
H -3.94426 -4.56724 8.04814
H -5.4267 -4.4527 7.06993
$end

$opt
CONSTRAINT
tors           1           2           3           4     -28.421
tors           3           4           5           6    -123.158
tors           4           5           6           7    -161.053
tors           5           6           7           8     -85.263
tors           6           7           8           9     -66.316
tors           7           8           9          10    -161.053
tors           8           9          10          11      -9.474
tors           9          10          11          12    -123.158
tors          11          12          13          14      -9.474
ENDCONSTRAINT
$end

$rem
JOBTYPE                   OPT
METHOD                    B3LYP
DFT_D                     d3_op
BASIS                     STO-3G
GEOM_OPT_MAX_CYCLES       100
GEOM_OPT_TOL_GRADIENT     300
GEOM_OPT_TOL_DISPLACEMENT 1200
GEOM_OPT_TOL_ENERGY       100
SYMMETRY                  False
THRESH                    12
SCF_CONVERGENCE           8
MAX_SUB_FILE_NUM          128
MEM_STATIC                400
MEM_TOTAL                 4000
$end
