$molecule
0  1
O -3.94934 -3.66094 2.70899
C -3.26408 -4.56952 2.26188
C -3.36658 -6.02376 2.66595
C -4.55778 -6.42467 3.55148
C -5.60993 -5.36381 3.78738
O -5.37997 -4.29275 2.97168
C -4.37078 -4.54107 1.98724
C -3.99766 -6.01987 1.97842
O -4.91618 -6.76125 2.79668
C -6.00231 -6.07176 3.2257
C -6.13989 -4.72048 2.56556
C -5.18309 -4.47394 1.38997
C -4.49914 -5.70297 0.8257
O -4.76863 -6.85979 1.11505
O -1.93758 -4.24142 1.82047
O -3.91727 -5.49098 -0.45704
O -7.06114 -6.9211 3.26624
C -3.65875 -6.44553 -1.42685
C -7.55093 -4.95917 1.66637
C -8.24841 -3.7018 1.04683
C -7.43664 -3.54507 -0.17458
C -6.34196 -4.61424 0.13359
O -7.14252 -5.66548 0.55143
H -7.23568 -4.03899 3.06321
H -5.6 -3.27918 0.97497
H -8.39352 -5.47834 2.19684
H -9.2944 -3.92446 0.73535
H -8.25574 -2.80803 1.70848
H -8.02371 -3.91085 -1.05098
H -7.09794 -2.50799 -0.39323
H -5.94395 -4.74989 -0.89758
O -5.86779 -4.92542 5.07232
C -1.32787 -3.01002 1.97438
C -2.23838 -7.16748 3.37077
C -1.68286 -6.96874 4.82834
C -2.8873 -7.34749 5.67119
C -3.88545 -7.7142 4.55033
O -3.02857 -8.31732 3.60128
H -2.55534 -5.47157 3.41983
H -4.1008 -5.84685 4.49107
H -1.2559 -2.76147 3.05408
H -1.36754 -7.33917 2.6982
H -0.89852 -7.74177 4.99494
H -1.23452 -5.97673 5.05461
H -2.64076 -8.26019 6.25844
H -3.26068 -6.5594 6.36053
H -4.69582 -8.37778 4.92187
H -1.88501 -2.2071 1.45078
H -0.30384 -3.05903 1.55146
H -2.57034 -6.46355 -1.6404
H -4.20106 -6.17384 -2.35543
H -3.98414 -7.46088 -1.11721
H -2.8059 -6.84216 1.0056
H -2.8059 -6.84216 1.0056
H -3.70825 -3.38291 0.74007
H -3.70825 -3.38291 0.74007
$end

$opt
CONSTRAINT
tors           1           2           3           4      +9.474
tors           3           4           5           6      +9.474
tors           4           5           6           7      +9.474
tors           5           6           7           8      +9.474
tors           6           7           8           9      +9.474
tors           7           8           9          10      +9.474
tors           8           9          10          11      +9.474
tors           9          10          11          12      +9.474
tors          11          12          13          14      +9.474
ENDCONSTRAINT
$end

$rem
JOBTYPE                   OPT
METHOD                    B3LYP
DFT_D                     d3_op
BASIS                     STO-3G
GEOM_OPT_MAX_CYCLES       100
GEOM_OPT_TOL_GRADIENT     300
GEOM_OPT_TOL_DISPLACEMENT 1200
GEOM_OPT_TOL_ENERGY       100
SYMMETRY                  False
THRESH                    12
SCF_CONVERGENCE           8
MAX_SUB_FILE_NUM          128
MEM_STATIC                400
MEM_TOTAL                 4000
$end
