$molecule
0  1
O -3.94934 -3.66094 2.70899
C -3.26408 -4.56952 2.26188
C -3.36658 -6.02376 2.66595
C -4.41631 -6.88207 1.94122
C -5.12384 -6.23632 0.77054
O -6.43614 -6.61459 0.75547
C -6.61773 -8.02456 0.92354
C -8.00417 -8.43727 0.44022
O -7.90368 -9.08946 -0.83549
C -7.13245 -8.45717 -1.75449
C -6.32705 -9.41167 -2.60356
C -6.95865 -10.79826 -2.79525
C -8.42472 -10.91293 -2.42891
O -9.09877 -11.92942 -2.51238
O -2.27242 -4.24322 1.38749
O -9.17026 -9.79948 -2.72146
O -6.92791 -7.25048 -1.76006
C -10.54222 -9.65602 -2.60031
C -6.21299 -8.96617 -4.08106
C -4.97289 -9.60127 -4.70874
C -5.40891 -11.05042 -4.78777
C -6.86575 -10.92053 -4.32729
O -7.24959 -9.63654 -4.7517
H -5.29848 -9.43229 -2.17814
H -6.41505 -11.60346 -2.2548
H -6.18209 -7.86263 -4.21219
H -4.89609 -9.19678 -5.74384
H -4.01322 -9.42292 -4.17771
H -5.3497 -11.37719 -5.84963
H -4.84404 -11.75305 -4.13741
H -7.47626 -11.76363 -4.72013
O -4.61742 -5.53799 -0.09416
C -2.03056 -2.96858 0.91955
C -2.06563 -6.7903 2.36592
C -1.99833 -8.07802 3.19018
C -2.99055 -8.93313 2.44072
C -3.43352 -7.95202 1.35551
O -2.25944 -7.24148 1.05956
H -3.49458 -6.0149 3.77214
H -5.06905 -7.31981 2.7153
H -1.78669 -2.28966 1.76431
H -1.15104 -6.18344 2.5469
H -0.98636 -8.52805 3.07672
H -2.21997 -7.92514 4.26843
H -2.43451 -9.76757 1.95626
H -3.82842 -9.34402 3.04406
H -3.8128 -8.52544 0.49
H -2.92052 -2.58709 0.3746
H -1.16895 -2.99513 0.22146
H -10.75574 -8.803 -1.9235
H -11.03343 -10.55929 -2.17996
H -10.97624 -9.43817 -3.59746
H -8.42877 -9.20913 1.12016
H -8.71478 -7.58174 0.43082
H -6.72591 -8.21308 2.01086
H -5.8588 -8.70855 0.51123
$end

$opt
CONSTRAINT
tors           1           2           3           4     +85.263
tors           3           4           5           6    -142.105
tors           4           5           6           7     -47.368
tors           5           6           7           8    -161.053
tors           6           7           8           9    +104.211
tors           7           8           9          10     -47.368
tors           8           9          10          11    +142.105
tors           9          10          11          12     +28.421
tors          11          12          13          14    -180.000
ENDCONSTRAINT
$end

$rem
JOBTYPE                   OPT
METHOD                    B3LYP
DFT_D                     d3_op
BASIS                     STO-3G
GEOM_OPT_MAX_CYCLES       100
GEOM_OPT_TOL_GRADIENT     300
GEOM_OPT_TOL_DISPLACEMENT 1200
GEOM_OPT_TOL_ENERGY       100
SYMMETRY                  False
THRESH                    12
SCF_CONVERGENCE           8
MAX_SUB_FILE_NUM          128
MEM_STATIC                400
MEM_TOTAL                 4000
$end
