$molecule
0  1
O -3.94934 -3.66094 2.70899
C -3.26408 -4.56952 2.26188
C -3.36658 -6.02376 2.66595
C -3.63629 -7.04588 1.54953
C -3.59671 -6.52161 0.1312
O -2.31093 -6.52611 -0.32944
C -2.22398 -6.46483 -1.757
C -1.38745 -5.26227 -2.1815
O -0.42657 -4.94967 -1.16078
C -0.48513 -3.68596 -0.67217
C 0.29832 -2.69724 -1.50242
C 1.03629 -1.61745 -0.6976
C 1.18116 -1.88347 0.7873
O 1.98902 -1.3429 1.52873
O -2.86348 -4.27838 1.00234
O -0.03812 -1.73853 1.39695
O -0.58706 -3.70789 0.52222
C -0.30868 -1.78244 2.75866
C 1.47391 -3.28938 -2.31962
C 1.80447 -2.36513 -3.49099
C 2.44429 -1.2044 -2.76265
C 2.43769 -1.74424 -1.32927
O 2.59114 -3.13291 -1.48432
H -0.44004 -2.24298 -2.19987
H 0.62442 -0.59112 -0.82446
H 1.30193 -4.31369 -2.70995
H 2.58566 -2.8716 -4.10219
H 0.94329 -2.10244 -4.1426
H 3.48876 -1.09282 -3.12977
H 1.90644 -0.23493 -2.84451
H 3.22511 -1.23445 -0.73134
O -4.59992 -6.44931 -0.56904
C -3.33773 -3.16912 0.29417
C -2.03969 -6.57062 3.22862
C -2.32068 -7.75403 4.15338
C -2.74018 -8.80642 3.14649
C -2.49634 -8.04856 1.83582
O -1.41575 -7.19686 2.13437
H -4.13943 -6.07136 3.46682
H -4.6367 -7.51618 1.6813
H -3.0238 -2.22635 0.79233
H -1.43897 -5.79962 3.75957
H -1.3451 -8.05736 4.59693
H -3.04844 -7.56186 4.97085
H -2.0475 -9.67262 3.23529
H -3.79362 -9.15094 3.23003
H -2.34572 -8.76206 0.99587
H -4.44662 -3.20614 0.22757
H -2.96706 -3.1627 -0.74184
H -1.06365 -2.57059 2.95454
H -0.72248 -0.80543 3.0828
H 0.59285 -2.01785 3.36454
H -0.89731 -5.45931 -3.15868
H -2.08387 -4.41066 -2.3441
H -3.16058 -6.52091 -2.35534
H -1.63886 -7.36726 -2.03543
$end

$opt
CONSTRAINT
tors           1           2           3           4    +123.158
tors           3           4           5           6     +85.263
tors           4           5           6           7    +161.053
tors           5           6           7           8    +123.158
tors           6           7           8           9     +28.421
tors           7           8           9          10    -123.158
tors           8           9          10          11     -85.263
tors           9          10          11          12    -142.105
tors          11          12          13          14    +161.053
ENDCONSTRAINT
$end

$rem
JOBTYPE                   OPT
METHOD                    B3LYP
DFT_D                     d3_op
BASIS                     STO-3G
GEOM_OPT_MAX_CYCLES       100
GEOM_OPT_TOL_GRADIENT     300
GEOM_OPT_TOL_DISPLACEMENT 1200
GEOM_OPT_TOL_ENERGY       100
SYMMETRY                  False
THRESH                    12
SCF_CONVERGENCE           8
MAX_SUB_FILE_NUM          128
MEM_STATIC                400
MEM_TOTAL                 4000
$end
