$molecule
0  1
O -3.94934 -3.66094 2.70899
C -3.26408 -4.56952 2.26188
C -3.36658 -6.02376 2.66595
C -2.76261 -7.06348 1.7078
C -1.9673 -6.5228 0.54022
O -2.12349 -5.16834 0.45992
C -2.62786 -4.7338 -0.80738
C -3.21226 -3.33017 -0.68726
O -4.09117 -3.06969 -1.79295
C -3.79995 -3.73454 -2.93851
C -3.98635 -5.22813 -2.81558
C -3.36164 -5.85742 -1.56178
C -2.96854 -4.89051 -0.46302
O -2.08614 -4.04812 -0.54239
O -1.94805 -4.1437 2.40514
O -4.30008 -5.29593 0.56326
O -3.98341 -3.18465 -4.0132
C -5.6362 -4.84039 0.91824
C -5.36544 -5.91865 -2.99975
C -5.17193 -7.29602 -3.63288
C -4.54758 -8.04507 -2.46808
C -4.55595 -6.94728 -1.38657
O -5.75581 -6.28293 -1.70798
H -3.37496 -5.55443 -3.69022
H -2.58504 -6.64969 -1.9183
H -6.08458 -5.30098 -3.5789
H -6.18189 -7.72385 -3.83064
H -4.58192 -7.29944 -4.57298
H -5.25525 -8.85058 -2.1638
H -3.55163 -8.49723 -2.65617
H -4.56168 -7.45889 -0.41424
O -1.20709 -7.18407 -0.15801
C -1.46863 -2.84679 2.26746
C -2.58183 -6.32401 3.95947
C -3.10243 -7.60323 4.61673
C -2.54223 -8.64614 3.6753
C -1.78416 -7.75379 2.68683
O -1.31233 -6.7018 3.49187
H -4.42866 -6.25215 2.87918
H -3.48241 -7.82032 1.34671
H -1.02076 -2.51245 3.22429
H -2.60924 -5.4816 4.68559
H -2.60318 -7.71311 5.60566
H -4.20507 -7.62933 4.75472
H -1.8142 -9.2708 4.23971
H -3.29533 -9.2999 3.18466
H -1.00453 -8.35262 2.16656
H -2.26262 -2.12853 1.96907
H -0.68695 -2.83075 1.4801
H -6.04075 -5.41188 1.77251
H -6.39332 -4.983 0.12483
H -5.6726 -3.76027 1.15996
H -3.86584 -2.97292 0.22012
H -2.74127 -2.20343 -0.62059
H -4.74676 -4.53935 -1.02361
H -1.59236 -4.92296 -2.08481
$end

$opt
CONSTRAINT
tors           1           2           3           4    +161.053
tors           3           4           5           6      -9.474
tors           4           5           6           7    -123.158
tors           5           6           7           8    +161.053
tors           6           7           8           9    -161.053
tors           7           8           9          10     -28.421
tors           8           9          10          11     +66.316
tors           9          10          11          12     -47.368
tors          11          12          13          14     -66.316
ENDCONSTRAINT
$end

$rem
JOBTYPE                   OPT
METHOD                    B3LYP
DFT_D                     d3_op
BASIS                     STO-3G
GEOM_OPT_MAX_CYCLES       100
GEOM_OPT_TOL_GRADIENT     300
GEOM_OPT_TOL_DISPLACEMENT 1200
GEOM_OPT_TOL_ENERGY       100
SYMMETRY                  False
THRESH                    12
SCF_CONVERGENCE           8
MAX_SUB_FILE_NUM          128
MEM_STATIC                400
MEM_TOTAL                 4000
$end
