$molecule
0  1
O -3.94934 -3.66094 2.70899
C -3.26408 -4.56952 2.26188
C -3.36658 -6.02376 2.66595
C -2.13664 -6.91131 2.41424
C -0.88046 -6.20743 1.95096
O 0.00875 -7.12043 1.45989
C -0.58343 -8.04615 0.54249
C 0.26065 -9.31352 0.45632
O -0.5304 -10.39401 -0.06296
C -1.86671 -10.16784 -0.11069
C -2.63586 -11.31376 -0.72384
C -2.81029 -11.2345 -2.24751
C -1.91166 -10.24741 -2.96502
O -0.76541 -10.46717 -3.32886
O -2.5668 -4.30552 1.12318
O -2.4005 -8.98464 -3.07499
O -2.58261 -9.64701 0.73322
C -1.70622 -7.92787 -3.62534
C -1.95127 -12.69541 -0.58732
C -2.99285 -13.80907 -0.69492
C -3.35177 -13.71664 -2.16284
C -2.34301 -12.65793 -2.62373
O -1.23196 -12.85214 -1.78294
H -3.63413 -11.40651 -0.2275
H -3.85561 -11.04934 -2.58048
H -1.3718 -12.80985 0.3549
H -2.45662 -14.76957 -0.51993
H -3.85024 -13.73885 0.00847
H -3.14101 -14.70063 -2.63752
H -4.39622 -13.4035 -2.37882
H -2.15036 -12.75946 -3.71503
O -0.4556 -5.2125 2.52023
C -2.45422 -3.06048 0.53946
C -3.45885 -6.1698 4.20647
C -4.12663 -7.49707 4.56439
C -3.02796 -8.4715 4.19938
C -1.90996 -7.49589 3.81724
O -2.13572 -6.37806 4.63752
H -4.33257 -6.3939 2.24612
H -2.62233 -7.56176 1.67914
H -1.97275 -2.35041 1.24529
H -4.00315 -5.33508 4.70003
H -4.25461 -7.50866 5.6708
H -5.10988 -7.68524 4.08215
H -2.75183 -9.04804 5.11007
H -3.26724 -9.16796 3.36752
H -0.9162 -7.98577 3.91501
H -3.45687 -2.68089 0.24826
H -1.82531 -3.1418 -0.37066
H -2.33952 -7.01794 -3.58826
H -1.45393 -8.14628 -4.68506
H -0.77564 -7.73951 -3.0482
H 1.07788 -9.10434 -0.26527
H 0.75269 -9.63275 1.41124
H -1.09337 -7.62506 -0.35424
H -1.01131 -8.56574 1.36194
$end

$opt
CONSTRAINT
tors           1           2           3           4    -158.027
tors           3           4           5           6    -165.246
tors           4           5           6           7     +47.712
tors           5           6           7           8    -158.059
tors           6           7           8           9    +159.859
tors           7           8           9          10     -12.577
tors           8           9          10          11    +177.350
tors           9          10          11          12     -89.398
tors          11          12          13          14     +84.264
ENDCONSTRAINT
$end

$rem
JOBTYPE                   OPT
METHOD                    B3LYP
DFT_D                     d3_op
BASIS                     STO-3G
GEOM_OPT_MAX_CYCLES       100
GEOM_OPT_TOL_GRADIENT     300
GEOM_OPT_TOL_DISPLACEMENT 1200
GEOM_OPT_TOL_ENERGY       100
SYMMETRY                  False
THRESH                    12
SCF_CONVERGENCE           8
MAX_SUB_FILE_NUM          128
MEM_STATIC                400
MEM_TOTAL                 4000
$end
