$molecule
0  1
O -3.94934 -3.66094 2.70899
C -3.26408 -4.56952 2.26188
C -3.36658 -6.02376 2.66595
C -2.57813 -6.46456 3.91009
C -1.91791 -5.36653 4.71416
O -0.929 -5.89366 5.49493
C -1.23347 -5.85299 6.8931
C -0.02587 -6.30552 7.70739
O 0.45595 -5.21877 8.51343
C 0.97754 -4.17113 7.82819
C 1.38672 -3.02681 8.72472
C 2.87025 -2.63865 8.64259
C 3.63163 -3.18626 7.45216
O 3.36933 -2.9627 6.27922
O -2.35586 -4.28708 1.29153
O 4.71721 -3.95017 7.74295
O 1.05876 -4.13101 6.60667
C 5.53955 -4.52419 6.79621
C 0.7237 -1.68206 8.36832
C 0.71272 -0.77524 9.5984
C 2.1889 -0.44742 9.72287
C 2.72845 -1.11859 8.45343
O 1.65835 -1.03167 7.54114
H 1.1062 -3.29395 9.77045
H 3.42218 -2.9241 9.56619
H -0.30327 -1.79502 7.95701
H 0.16639 0.15107 9.3085
H 0.24386 -1.20292 10.51059
H 2.3078 0.65758 9.67223
H 2.68888 -0.84522 10.63253
H 3.68366 -0.64653 8.13302
O -2.51611 -4.34583 5.0319
C -2.12675 -3.0247 0.78569
C -4.8038 -6.39809 3.07095
C -5.01582 -7.90263 2.91974
C -4.19542 -8.41539 4.08115
C -3.7456 -7.09183 4.71132
O -4.8195 -6.21956 4.46296
H -3.08561 -6.62041 1.76816
H -1.80358 -7.2267 3.66518
H -1.78475 -2.34476 1.59514
H -5.5791 -5.84467 2.49634
H -6.09052 -8.11086 3.12443
H -4.74334 -8.31659 1.92508
H -4.87591 -8.95799 4.77511
H -3.33645 -9.06626 3.80934
H -3.51798 -7.27265 5.77404
H -3.054 -2.62304 0.32388
H -1.33662 -3.08178 0.0092
H 6.34306 -5.09207 7.30841
H 6.00435 -3.737 6.16478
H 4.9579 -5.2234 6.15802
H -0.36427 -7.08649 8.42237
H 0.77361 -6.76566 7.08435
H -2.05486 -6.56042 7.10633
H -1.57997 -4.85237 7.24011
$end

$opt
CONSTRAINT
tors           1           2           3           4     -85.263
tors           3           4           5           6    -160.398
tors           4           5           6           7    -111.245
tors           5           6           7           8    -173.462
tors           6           7           8           9    +115.564
tors           7           8           9          10     -66.316
tors           8           9          10          11    +176.412
tors           9          10          11          12    +120.958
tors          11          12          13          14     +60.368
ENDCONSTRAINT
$end

$rem
JOBTYPE                   OPT
METHOD                    B3LYP
DFT_D                     d3_op
BASIS                     STO-3G
GEOM_OPT_MAX_CYCLES       100
GEOM_OPT_TOL_GRADIENT     300
GEOM_OPT_TOL_DISPLACEMENT 1200
GEOM_OPT_TOL_ENERGY       100
SYMMETRY                  False
THRESH                    12
SCF_CONVERGENCE           8
MAX_SUB_FILE_NUM          128
MEM_STATIC                400
MEM_TOTAL                 4000
$end
