$molecule
0  1
O -3.94934 -3.66094 2.70899
C -3.26408 -4.56952 2.26188
C -3.36658 -6.02376 2.66595
C -4.44865 -6.39278 3.69396
C -5.42307 -5.29853 4.06975
O -5.11951 -4.15339 3.39008
C -5.09252 -2.99224 4.2269
C -4.61658 -3.3645 5.62727
O -3.46497 -2.5808 5.97723
C -3.14405 -2.5721 7.29483
C -1.72039 -2.13812 7.55079
C -1.56191 -1.01782 8.58911
C -2.77151 -0.74987 9.46191
O -2.73745 -0.4208 10.63882
O -2.32677 -4.27819 1.32223
O -3.92352 -0.47328 8.79084
O -3.84652 -3.07332 8.16693
C -5.10344 -0.0719 9.38287
C -0.84726 -3.23993 8.18293
C 0.62237 -2.97033 7.86677
C 0.8719 -1.74102 8.71756
C -0.46371 -1.65043 9.46776
O -0.89657 -2.98595 9.56535
H -1.2669 -1.84895 6.57392
H -1.27147 -0.04928 8.12626
H -1.13179 -4.2658 7.86134
H 1.20083 -3.8218 8.29234
H 0.87641 -2.86073 6.79052
H 1.71202 -1.9617 9.41275
H 1.07653 -0.80566 8.15274
H -0.32312 -1.11269 10.43088
O -6.3804 -5.43133 4.82287
C -2.09113 -3.0123 0.82845
C -3.80556 -6.90871 1.48287
C -3.38484 -8.35719 1.72948
C -4.36649 -8.75636 2.81142
C -5.20482 -7.47853 2.91178
O -5.20617 -6.97207 1.5992
H -2.35289 -6.32541 3.01303
H -4.01109 -6.7701 4.64444
H -1.7807 -2.33253 1.65068
H -3.41258 -6.56005 0.50273
H -3.62188 -8.93533 0.8077
H -2.31214 -8.49506 1.98484
H -4.99164 -9.59308 2.42729
H -3.9124 -9.03839 3.786
H -6.20219 -7.70466 3.34953
H -3.00663 -2.61619 0.33917
H -1.27653 -3.06055 0.0771
H -5.87291 0.07274 8.59712
H -4.95666 0.88895 9.92068
H -5.4578 -0.85037 10.0918
H -5.44559 -3.04914 6.30605
H -4.3878 -4.41116 5.91671
H -6.17234 -2.73756 4.3425
H -4.737 -1.99357 3.84913
$end

$opt
CONSTRAINT
tors           1           2           3           4      +1.831
tors           3           4           5           6      -0.340
tors           4           5           6           7    -132.682
tors           5           6           7           8     +32.515
tors           6           7           8           9    +123.158
tors           7           8           9          10    +164.476
tors           8           9          10          11    +161.053
tors           9          10          11          12    +128.666
tors          11          12          13          14    +144.554
ENDCONSTRAINT
$end

$rem
JOBTYPE                   OPT
METHOD                    B3LYP
DFT_D                     d3_op
BASIS                     STO-3G
GEOM_OPT_MAX_CYCLES       100
GEOM_OPT_TOL_GRADIENT     300
GEOM_OPT_TOL_DISPLACEMENT 1200
GEOM_OPT_TOL_ENERGY       100
SYMMETRY                  False
THRESH                    12
SCF_CONVERGENCE           8
MAX_SUB_FILE_NUM          128
MEM_STATIC                400
MEM_TOTAL                 4000
$end
