$molecule
0  1
O -3.94934 -3.66094 2.70899
C -3.26408 -4.56952 2.26188
C -3.36658 -6.02376 2.66595
C -2.04986 -6.79228 2.86466
C -0.77767 -5.97575 2.81083
O -1.07586 -4.66884 2.54913
C 0.08259 -3.86647 2.29724
C 1.14383 -4.12687 3.36124
O 2.31889 -3.35 3.08089
C 3.09516 -3.05882 4.15409
C 4.50048 -2.65864 3.7725
C 5.01086 -3.26315 2.45631
C 3.95463 -3.86879 1.55394
O 3.22911 -3.24425 0.79359
O -2.81468 -4.39899 0.97799
O 3.98555 -5.2245 1.45312
O 2.82205 -3.40122 5.2984
C 3.22561 -5.96042 0.56852
C 4.63846 -1.15529 3.4458
C 6.08769 -0.72092 3.66285
C 6.7709 -1.4325 2.51083
C 5.54788 -1.99328 1.77362
O 4.52456 -1.06683 2.04686
H 5.16072 -2.87431 4.64404
H 5.78677 -4.03836 2.64465
H 3.94911 -0.51163 4.03493
H 6.12133 0.37627 3.47348
H 6.51607 -0.9275 4.66718
H 7.30374 -0.67356 1.89633
H 7.46694 -2.24876 2.80258
H 5.77874 -2.16365 0.69862
O 0.23269 -6.53631 2.4014
C -2.85404 -3.20794 0.28112
C -3.98202 -6.1832 4.07368
C -4.54932 -7.5931 4.24573
C -3.27369 -8.39487 4.38188
C -2.23366 -7.27417 4.31333
O -2.87126 -6.18585 4.93461
H -4.03169 -6.51389 1.91978
H -1.94456 -7.64723 2.15848
H -2.26738 -2.43147 0.81611
H -4.77353 -5.43589 4.29943
H -5.09129 -7.62648 5.21793
H -5.23208 -7.91776 3.43122
H -3.2561 -8.85908 5.3933
H -3.11504 -9.17439 3.6056
H -1.27809 -7.6086 4.77562
H -3.90452 -2.86723 0.16194
H -2.4119 -3.36063 -0.72458
H 3.4439 -7.03856 0.71068
H 3.47581 -5.67847 -0.47633
H 2.14659 -5.78797 0.75097
H 0.66259 -3.78914 4.30829
H 1.50735 -5.15204 3.54547
H -0.20313 -2.79376 2.27354
H 0.49889 -4.13159 1.30167
$end

$opt
CONSTRAINT
tors           1           2           3           4    -138.072
tors           3           4           5           6      -1.675
tors           4           5           6           7    -171.768
tors           5           6           7           8     -47.368
tors           6           7           8           9    +178.257
tors           7           8           9          10    +154.668
tors           8           9          10          11    +161.053
tors           9          10          11          12     -28.094
tors          11          12          13          14     +80.733
ENDCONSTRAINT
$end

$rem
JOBTYPE                   OPT
METHOD                    B3LYP
DFT_D                     d3_op
BASIS                     STO-3G
GEOM_OPT_MAX_CYCLES       100
GEOM_OPT_TOL_GRADIENT     300
GEOM_OPT_TOL_DISPLACEMENT 1200
GEOM_OPT_TOL_ENERGY       100
SYMMETRY                  False
THRESH                    12
SCF_CONVERGENCE           8
MAX_SUB_FILE_NUM          128
MEM_STATIC                400
MEM_TOTAL                 4000
$end
