$molecule
0  1
O -3.94934 -3.66094 2.70899
C -3.26408 -4.56952 2.26188
C -3.36658 -6.02376 2.66595
C -2.56926 -6.46701 3.90355
C -1.90026 -5.37089 4.70296
O -1.06521 -5.91939 5.63422
C -1.05734 -5.20423 6.87428
C -1.67617 -3.82272 6.68825
O -2.43975 -3.46778 7.85179
C -2.25196 -2.20515 8.30965
C -3.36742 -1.73468 9.21245
C -4.77024 -2.21423 8.81192
C -4.81913 -3.35397 7.81427
O -5.60439 -3.44662 6.88189
O -2.37472 -4.29162 1.27243
O -4.4368 -4.55633 8.35285
O -1.42081 -1.42608 7.85965
C -4.93341 -5.78934 7.99508
C -3.28777 -2.28142 10.65513
C -4.01944 -1.32626 11.59819
C -5.45765 -1.55628 11.17214
C -5.26649 -2.71591 10.18563
O -4.13841 -3.39883 10.67822
H -3.28822 -0.62492 9.27714
H -5.39646 -1.39093 8.40289
H -2.24589 -2.45109 11.0043
H -3.88385 -1.7307 12.62724
H -3.68429 -0.26694 11.57975
H -6.04072 -1.87442 12.06452
H -5.95125 -0.69108 10.67872
H -6.19872 -3.31609 10.09429
O -1.53458 -4.34827 4.13205
C -2.1572 -3.03191 0.755
C -4.79281 -6.40061 3.11092
C -5.00943 -7.90623 2.96467
C -4.15251 -8.42528 4.0995
C -3.69249 -7.10518 4.7274
O -4.77299 -6.2311 4.50501
H -3.11267 -6.62639 1.76416
H -1.77795 -7.20237 3.63206
H -1.80094 -2.34681 1.55388
H -5.58441 -5.8463 2.56021
H -6.07726 -8.11128 3.20546
H -4.77318 -8.32204 1.96158
H -4.80653 -8.98143 4.80756
H -3.29485 -9.06327 3.79449
H -3.38682 -7.27607 5.78166
H -3.0937 -2.63426 0.30864
H -1.38201 -3.09243 -0.03612
H -4.40473 -6.57843 8.56793
H -4.78397 -5.95342 6.92102
H -6.01914 -5.8409 8.22414
H -0.92005 -3.09365 6.31935
H -2.55763 -3.70527 6.02948
H -0.03639 -5.11882 7.30171
H -1.67888 -5.80373 7.57444
$end

$opt
CONSTRAINT
tors           1           2           3           4     -85.736
tors           3           4           5           6    -170.460
tors           4           5           6           7    -142.783
tors           5           6           7           8     -15.766
tors           6           7           8           9    +143.003
tors           7           8           9          10    +134.931
tors           8           9          10          11    +161.053
tors           9          10          11          12     -36.711
tors          11          12          13          14    -139.378
ENDCONSTRAINT
$end

$rem
JOBTYPE                   OPT
METHOD                    B3LYP
DFT_D                     d3_op
BASIS                     STO-3G
GEOM_OPT_MAX_CYCLES       100
GEOM_OPT_TOL_GRADIENT     300
GEOM_OPT_TOL_DISPLACEMENT 1200
GEOM_OPT_TOL_ENERGY       100
SYMMETRY                  False
THRESH                    12
SCF_CONVERGENCE           8
MAX_SUB_FILE_NUM          128
MEM_STATIC                400
MEM_TOTAL                 4000
$end
