$molecule
0  1
O -3.94934 -3.66094 2.70899
C -3.26408 -4.56952 2.26188
C -3.36658 -6.02376 2.66595
C -2.46794 -6.49734 3.82008
C -1.69747 -5.42532 4.55848
O -1.62107 -4.2975 3.79192
C -0.27554 -3.88948 3.52299
C 0.12632 -2.75396 4.45853
O 1.41483 -3.02523 5.03215
C 2.27997 -1.98093 5.04268
C 3.03459 -1.82892 3.74341
C 4.06848 -2.92918 3.46277
C 3.95072 -4.17875 4.31213
O 4.03801 -5.32652 3.90035
O -2.4528 -4.30951 1.20065
O 4.02405 -3.98981 5.65767
O 2.32128 -1.17365 5.95823
C 4.01389 -5.0045 6.59202
C 2.26956 -1.8302 2.40028
C 3.08374 -1.09594 1.33209
C 4.19975 -2.08784 1.08619
C 3.74943 -3.23827 1.98965
O 2.34459 -3.1648 1.9582
H 3.55218 -0.84586 3.82957
H 5.10583 -2.55947 3.62229
H 1.26776 -1.36527 2.43545
H 2.45282 -1.04395 0.4154
H 3.41124 -0.06962 1.6047
H 4.16642 -2.39706 0.01769
H 5.2197 -1.73104 1.34704
H 4.1995 -4.19357 1.64213
O -0.98892 -5.64242 5.53327
C -2.31996 -3.06982 0.60917
C -4.75584 -6.33687 3.2642
C -5.04704 -7.83489 3.173
C -4.11593 -8.36646 4.24003
C -3.53616 -7.05539 4.77833
O -4.59195 -6.13744 4.6452
H -3.24988 -6.6333 1.74151
H -1.73606 -7.27754 3.51545
H -1.95128 -2.32705 1.34855
H -5.57845 -5.76431 2.78138
H -6.09663 -7.99272 3.51014
H -4.91528 -8.27686 2.16198
H -4.72852 -8.8629 5.02546
H -3.32549 -9.06031 3.88051
H -3.14955 -7.20555 5.81076
H -3.29709 -2.73507 0.20027
H -1.58913 -3.13997 -0.22228
H 4.07915 -4.56367 7.60778
H 4.88368 -5.67809 6.43755
H 3.0694 -5.58452 6.51374
H -0.06421 -1.73191 4.06985
H -0.55411 -2.82458 5.33461
H -0.13576 -3.61696 2.4592
H 0.43126 -4.74006 3.68587
$end

$opt
CONSTRAINT
tors           1           2           3           4     -91.383
tors           3           4           5           6     -19.324
tors           4           5           6           7    -121.781
tors           5           6           7           8     -99.988
tors           6           7           8           9    +132.561
tors           7           8           9          10    +134.948
tors           8           9          10          11     -84.351
tors           9          10          11          12     -69.838
tors          11          12          13          14    +136.230
ENDCONSTRAINT
$end

$rem
JOBTYPE                   OPT
METHOD                    B3LYP
DFT_D                     d3_op
BASIS                     STO-3G
GEOM_OPT_MAX_CYCLES       100
GEOM_OPT_TOL_GRADIENT     300
GEOM_OPT_TOL_DISPLACEMENT 1200
GEOM_OPT_TOL_ENERGY       100
SYMMETRY                  False
THRESH                    12
SCF_CONVERGENCE           8
MAX_SUB_FILE_NUM          128
MEM_STATIC                400
MEM_TOTAL                 4000
$end
