$molecule
0  1
O -3.94934 -3.66094 2.70899
C -3.26408 -4.56952 2.26188
C -3.36658 -6.02376 2.66595
C -2.34888 -6.54014 3.69624
C -1.45568 -5.50302 4.34018
O -0.65702 -4.92661 3.39397
C 0.34609 -4.06981 3.94976
C 0.73713 -4.55291 5.34254
O 1.77236 -3.71407 5.87877
C 2.14156 -3.98703 7.15483
C 3.49387 -3.41678 7.51084
C 4.0292 -2.36116 6.5324
C 3.01476 -1.77826 5.56915
O 2.21658 -0.89033 5.83191
O -2.2811 -4.2684 1.37308
O 3.23847 -2.06696 4.25752
O 1.55317 -4.77332 7.88716
C 2.64586 -1.40838 3.1992
C 3.49744 -2.59574 8.81907
C 4.90979 -2.57947 9.40208
C 5.62113 -1.6966 8.39494
C 4.43344 -1.26006 7.5278
O 3.34109 -1.25765 8.41504
H 4.18158 -4.28321 7.63888
H 4.88058 -2.76025 5.93674
H 2.77238 -2.96585 9.57637
H 4.84756 -2.03392 10.37127
H 5.3773 -3.57265 9.57482
H 6.06472 -0.83262 8.93751
H 6.39708 -2.20488 7.78229
H 4.65123 -0.29564 7.01751
O -1.98624 -4.80637 5.2012
C -2.00183 -2.99467 0.92399
C -4.67563 -6.33057 3.43688
C -5.02174 -7.81442 3.30997
C -3.95745 -8.42918 4.19415
C -3.29133 -7.16287 4.74205
O -4.33553 -6.2232 4.79711
H -3.39806 -6.61498 1.72321
H -1.66713 -7.2952 3.24528
H -1.71535 -2.34303 1.77719
H -5.53903 -5.71601 3.09954
H -6.0124 -7.95957 3.79804
H -5.06607 -8.21033 2.27265
H -4.46063 -8.99371 5.01035
H -3.22624 -9.08395 3.6724
H -2.77061 -7.37684 5.70156
H -2.88711 -2.56866 0.4053
H -1.15461 -3.03886 0.20936
H 2.99152 -1.8626 2.24816
H 2.93627 -0.33624 3.20951
H 1.5419 -1.48801 3.25576
H -0.06207 -4.48501 6.09593
H 1.10768 -5.60195 5.28516
H -0.0417 -3.03075 4.00054
H 1.2374 -4.09612 3.28836
$end

$opt
CONSTRAINT
tors           1           2           3           4     -98.806
tors           3           4           5           6     -63.898
tors           4           5           6           7    -171.768
tors           5           6           7           8     +29.390
tors           6           7           8           9    +178.257
tors           7           8           9          10    +175.601
tors           8           9          10          11    +161.053
tors           9          10          11          12     +14.871
tors          11          12          13          14     +80.733
ENDCONSTRAINT
$end

$rem
JOBTYPE                   OPT
METHOD                    B3LYP
DFT_D                     d3_op
BASIS                     STO-3G
GEOM_OPT_MAX_CYCLES       100
GEOM_OPT_TOL_GRADIENT     300
GEOM_OPT_TOL_DISPLACEMENT 1200
GEOM_OPT_TOL_ENERGY       100
SYMMETRY                  False
THRESH                    12
SCF_CONVERGENCE           8
MAX_SUB_FILE_NUM          128
MEM_STATIC                400
MEM_TOTAL                 4000
$end
