$molecule
0  1
O -3.94934 -3.66094 2.70899
C -3.26408 -4.56952 2.26188
C -3.36658 -6.02376 2.66595
C -2.04986 -6.79228 2.86466
C -0.77767 -5.97575 2.81083
O -1.02681 -4.7665 2.22683
C 0.161 -4.01026 1.96902
C 0.88473 -3.70623 3.27665
O 2.23323 -3.29311 3.00508
C 2.97021 -2.95658 4.09262
C 3.50356 -4.15774 4.83655
C 2.71891 -5.45868 4.61264
C 1.76518 -5.46074 3.43489
O 0.99618 -4.55599 3.14398
O -2.92256 -4.4271 0.93804
O 2.03463 -6.48444 2.55366
O 3.51043 -1.86495 4.17258
C 1.81519 -6.63301 1.19907
C 4.9235 -4.60109 4.43111
C 5.58272 -5.30184 5.61535
C 4.75446 -6.56978 5.6863
C 3.91323 -6.42213 4.409
O 4.73026 -5.67461 3.54069
H 3.50555 -3.86804 5.91234
H 2.0981 -5.69969 5.50303
H 5.56337 -3.76918 4.06463
H 6.61467 -5.56575 5.28911
H 5.63946 -4.72186 6.56153
H 5.44451 -7.44047 5.62838
H 4.09805 -6.65815 6.57912
H 3.60728 -7.43016 4.05489
O -0.43506 -6.04266 3.99214
C -2.95024 -3.25712 0.19897
C -4.06896 -6.25704 4.02317
C -4.75138 -7.62162 4.01552
C -3.54581 -8.53405 4.03305
C -2.42344 -7.50186 4.21611
O -3.02494 -6.45946 4.94079
H -3.99265 -6.49716 1.87443
H -1.90216 -7.57553 2.08909
H -3.24711 -2.37411 0.80374
H -4.80729 -5.4708 4.29162
H -5.28463 -7.71551 4.98916
H -5.47146 -7.80398 3.18902
H -3.6296 -9.20559 4.91624
H -3.39007 -9.13358 3.11028
H -1.55302 -8.00025 4.69795
H -3.66487 -3.3744 -0.64131
H -1.94114 -3.06806 -0.2203
H 2.23309 -7.61074 0.88414
H 2.35862 -5.84415 0.63838
H 0.74212 -6.64975 0.9375
H 0.40874 -2.61149 3.38587
H 0.37013 -3.10336 4.27045
H -0.16226 -3.05319 1.48612
H 0.69303 -4.41171 1.05004
$end

$opt
CONSTRAINT
tors           1           2           3           4    -138.072
tors           3           4           5           6     -16.900
tors           4           5           6           7    -171.768
tors           5           6           7           8     -61.468
tors           6           7           8           9    +163.824
tors           7           8           9          10    +178.185
tors           8           9          10          11     +79.057
tors           9          10          11          12     -22.953
tors          11          12          13          14     -44.426
ENDCONSTRAINT
$end

$rem
JOBTYPE                   OPT
METHOD                    B3LYP
DFT_D                     d3_op
BASIS                     STO-3G
GEOM_OPT_MAX_CYCLES       100
GEOM_OPT_TOL_GRADIENT     300
GEOM_OPT_TOL_DISPLACEMENT 1200
GEOM_OPT_TOL_ENERGY       100
SYMMETRY                  False
THRESH                    12
SCF_CONVERGENCE           8
MAX_SUB_FILE_NUM          128
MEM_STATIC                400
MEM_TOTAL                 4000
$end
