$molecule
0  1
O -3.94934 -3.66094 2.70899
C -3.26408 -4.56952 2.26188
C -3.36658 -6.02376 2.66595
C -2.48374 -6.49229 3.83425
C -1.72925 -5.41622 4.58319
O -1.04193 -4.63199 3.70114
C 0.28642 -4.32475 4.13744
C 0.31841 -2.94961 4.79629
O 1.64447 -2.66379 5.26826
C 2.10987 -1.42228 4.9833
C 2.27816 -0.56064 6.21209
C 3.59933 -0.76268 6.96838
C 4.68485 -1.50525 6.21543
O 5.14334 -1.1806 5.12963
O -2.29775 -4.27382 1.35233
O 5.17904 -2.61362 6.82697
O 2.08595 -0.96425 3.8486
C 6.16693 -3.41773 6.29831
C 2.37791 0.95745 5.9201
C 1.96885 1.74755 7.16333
C 3.14713 1.47062 8.07495
C 4.05802 0.69657 7.11513
O 3.75581 1.22814 5.84814
H 1.37515 -0.71437 6.84628
H 3.44319 -1.27504 7.94395
H 1.7679 1.28476 5.05021
H 1.9869 2.82433 6.87861
H 0.97197 1.5021 7.5885
H 3.60359 2.44312 8.36419
H 2.91557 0.87103 8.98195
H 5.12123 0.77109 7.43493
O -1.75593 -5.22799 5.79296
C -2.02841 -3.00264 0.89017
C -4.75698 -6.35461 3.26457
C -5.04947 -7.84699 3.11521
C -4.08801 -8.42489 4.13105
C -3.53529 -7.13659 4.75089
O -4.59868 -6.22297 4.65683
H -3.26244 -6.63071 1.73825
H -1.71171 -7.20819 3.47529
H -1.72668 -2.34534 1.73376
H -5.58345 -5.76497 2.80997
H -6.08906 -8.00912 3.48093
H -4.95832 -8.25714 2.08652
H -4.67308 -9.0068 4.87747
H -3.27394 -9.05395 3.70991
H -3.14862 -7.33954 5.77355
H -2.92381 -2.58074 0.38569
H -1.19502 -3.05036 0.15972
H 6.37649 -4.24792 7.00354
H 7.09868 -2.83133 6.14873
H 5.833 -3.84686 5.32939
H -0.0771 -2.18047 4.09298
H -0.35636 -2.97581 5.67756
H 0.95785 -4.32875 3.25305
H 0.68598 -5.08408 4.85157
$end

$opt
CONSTRAINT
tors           1           2           3           4     -90.469
tors           3           4           5           6     -51.139
tors           4           5           6           7    -137.037
tors           5           6           7           8     -97.571
tors           6           7           8           9    +178.257
tors           7           8           9          10    +134.537
tors           8           9          10          11    +112.357
tors           9          10          11          12     +83.613
tors          11          12          13          14     +56.708
ENDCONSTRAINT
$end

$rem
JOBTYPE                   OPT
METHOD                    B3LYP
DFT_D                     d3_op
BASIS                     STO-3G
GEOM_OPT_MAX_CYCLES       100
GEOM_OPT_TOL_GRADIENT     300
GEOM_OPT_TOL_DISPLACEMENT 1200
GEOM_OPT_TOL_ENERGY       100
SYMMETRY                  False
THRESH                    12
SCF_CONVERGENCE           8
MAX_SUB_FILE_NUM          128
MEM_STATIC                400
MEM_TOTAL                 4000
$end
