$molecule
0  1
O -3.94934 -3.66094 2.70899
C -3.26408 -4.56952 2.26188
C -3.36658 -6.02376 2.66595
C -2.28282 -6.97785 2.13771
C -1.11911 -6.34056 1.41126
O -1.30616 -4.99006 1.33019
C -0.34353 -4.33733 0.4956
C -0.04003 -2.94318 1.03446
O 0.95595 -2.30864 0.21699
C 0.91358 -0.95336 0.19285
C 2.06248 -0.31545 0.937
C 3.25196 -1.24681 1.21263
C 3.28035 -2.53579 0.41612
O 3.07153 -2.63178 -0.78461
O -3.44848 -4.54437 0.88774
O 3.54261 -3.66545 1.12522
O -0.08339 -0.33061 -0.14368
C 3.73928 -4.90954 0.56209
C 2.75813 0.79595 0.12509
C 3.48304 1.74557 1.07786
C 4.62378 0.86235 1.54128
C 4.39049 -0.36974 0.65879
O 3.82811 0.15359 -0.51959
H 1.63693 0.13197 1.86333
H 3.39249 -1.48415 2.29068
H 2.06276 1.36489 -0.53007
H 3.90186 2.56978 0.45674
H 2.86031 2.18059 1.88896
H 5.58277 1.3619 1.27915
H 4.61259 0.59742 2.6208
H 5.3364 -0.9425 0.53216
O -0.17618 -6.97077 0.94688
C -3.70249 -3.44059 0.08438
C -3.14323 -6.19132 4.18388
C -3.76962 -7.50035 4.66397
C -2.80282 -8.50743 4.07792
C -1.76479 -7.56649 3.45882
O -1.7663 -6.44879 4.31207
H -4.39652 -6.36557 2.41269
H -2.70481 -7.74583 1.45261
H -3.6842 -2.48522 0.65098
H -3.53797 -5.34138 4.78291
H -3.67449 -7.52467 5.77332
H -4.83539 -7.64442 4.38424
H -2.34941 -9.0867 4.9129
H -3.23627 -9.20108 3.32518
H -0.79021 -8.08984 3.3407
H -4.69543 -3.55993 -0.39533
H -2.93435 -3.37986 -0.71169
H 3.9185 -5.64994 1.36833
H 4.62611 -4.88692 -0.10652
H 2.8493 -5.22157 -0.0209
H -0.99361 -2.36793 1.04917
H 0.34383 -3.02063 2.07482
H -0.73862 -4.25883 -0.539
H 0.63408 -4.86203 0.46144
$end

$opt
CONSTRAINT
tors           1           2           3           4    -171.456
tors           3           4           5           6      -2.262
tors           4           5           6           7    -171.768
tors           5           6           7           8    -146.545
tors           6           7           8           9    +178.257
tors           7           8           9          10    +152.733
tors           8           9          10          11    +108.672
tors           9          10          11          12     +17.223
tors          11          12          13          14     +45.518
ENDCONSTRAINT
$end

$rem
JOBTYPE                   OPT
METHOD                    B3LYP
DFT_D                     d3_op
BASIS                     STO-3G
GEOM_OPT_MAX_CYCLES       100
GEOM_OPT_TOL_GRADIENT     300
GEOM_OPT_TOL_DISPLACEMENT 1200
GEOM_OPT_TOL_ENERGY       100
SYMMETRY                  False
THRESH                    12
SCF_CONVERGENCE           8
MAX_SUB_FILE_NUM          128
MEM_STATIC                400
MEM_TOTAL                 4000
$end
