$molecule
0  1
O -3.94934 -3.66094 2.70899
C -3.26408 -4.56952 2.26188
C -3.36658 -6.02376 2.66595
C -2.12697 -6.66202 3.31391
C -0.98441 -5.72864 3.64775
O -1.46543 -4.47237 3.88404
C -1.16368 -3.54714 2.83421
C 0.307 -3.65525 2.44492
O 0.59193 -2.76292 1.35613
C 1.88592 -2.73126 0.9515
C 2.04901 -2.21576 -0.45858
C 0.82691 -1.47674 -1.02303
C -0.21563 -1.05257 -0.00819
O -0.91235 -0.05088 -0.08413
O -3.1677 -4.63403 0.89446
O -1.18496 -2.02209 0.20741
O 2.80491 -3.25695 1.56756
C -2.50379 -1.67831 0.59947
C 3.12806 -1.11934 -0.55758
C 3.65388 -1.04989 -1.98933
C 2.45392 -0.45955 -2.69758
C 1.53698 -0.18736 -1.49815
O 2.42107 0.08691 -0.44093
H 2.36194 -3.08231 -1.08339
H 0.31933 -1.98772 -1.87105
H 3.97168 -1.26107 0.15299
H 4.47633 -0.29873 -1.99505
H 4.03025 -2.0066 -2.4112
H 2.76767 0.491 -3.18354
H 1.96334 -1.12561 -3.44006
H 0.82341 0.62682 -1.7534
O 0.04932 -6.12537 4.16573
C -4.25981 -4.64853 0.03534
C -4.40222 -6.24269 3.79309
C -4.87463 -7.6974 3.81142
C -3.64593 -8.38644 4.3639
C -2.74555 -7.17647 4.62778
O -3.64704 -6.15386 4.97545
H -3.6891 -6.64902 1.79835
H -1.69675 -7.48288 2.69816
H -5.21979 -4.5543 0.58917
H -5.28352 -5.56849 3.72154
H -5.69011 -7.77294 4.56616
H -5.24139 -8.08552 2.83692
H -3.91995 -8.87622 5.3249
H -3.16788 -9.12501 3.68458
H -1.97687 -7.42954 5.39107
H -4.26784 -5.60338 -0.52863
H -4.18464 -3.82578 -0.70418
H -2.48984 -1.10794 1.55373
H -3.16579 -2.48593 0.72479
H -3.00212 -1.06771 -0.18606
H 0.91754 -3.38136 3.33495
H 0.60038 -4.67972 2.11193
H -1.43032 -2.51286 3.13584
H -1.35059 -3.76056 1.78586
$end

$opt
CONSTRAINT
tors           1           2           3           4    -118.109
tors           3           4           5           6     +27.852
tors           4           5           6           7    -107.675
tors           5           6           7           8     -47.368
tors           6           7           8           9    +177.739
tors           7           8           9          10    +177.601
tors           8           9          10          11    +158.527
tors           9          10          11          12     +16.039
tors          11          12          13          14    +147.423
ENDCONSTRAINT
$end

$rem
JOBTYPE                   OPT
METHOD                    B3LYP
DFT_D                     d3_op
BASIS                     STO-3G
GEOM_OPT_MAX_CYCLES       100
GEOM_OPT_TOL_GRADIENT     300
GEOM_OPT_TOL_DISPLACEMENT 1200
GEOM_OPT_TOL_ENERGY       100
SYMMETRY                  False
THRESH                    12
SCF_CONVERGENCE           8
MAX_SUB_FILE_NUM          128
MEM_STATIC                400
MEM_TOTAL                 4000
$end
