$molecule
0  1
O -3.94934 -3.66094 2.70899
C -3.26408 -4.56952 2.26188
C -3.36658 -6.02376 2.66595
C -2.22227 -6.95535 2.23403
C -1.01778 -6.29513 1.60047
O -0.77205 -6.85315 0.37832
C 0.21505 -7.88907 0.42047
C 1.60316 -7.30226 0.1861
O 2.59339 -8.33925 0.26978
C 3.22758 -8.63503 -0.89188
C 4.73205 -8.61782 -0.76178
C 5.27729 -7.67729 0.32283
C 4.26525 -7.17849 1.33461
O 3.52751 -7.88475 2.00654
O -2.47602 -4.24147 1.20294
O 4.28419 -5.83778 1.5669
O 2.68174 -8.55085 -1.98475
C 3.68164 -5.21381 2.6418
C 5.30086 -9.96429 -0.26592
C 6.76294 -10.08836 -0.69303
C 7.40781 -9.05245 0.20664
C 6.20382 -8.6537 1.0692
O 5.42029 -9.82075 1.12707
H 5.15827 -8.41949 -1.77195
H 5.82082 -6.80301 -0.09967
H 4.71885 -10.8436 -0.61928
H 7.10451 -11.09913 -0.37297
H 6.96445 -9.96435 -1.77876
H 8.19021 -9.55607 0.81652
H 7.83711 -8.17015 -0.31582
H 6.54029 -8.24475 2.04802
O -0.2837 -5.47374 2.13319
C -2.32632 -2.97029 0.68624
C -3.24491 -6.1719 4.20089
C -3.8806 -7.48693 4.65168
C -2.85641 -8.48092 4.14847
C -1.79409 -7.52535 3.59648
O -1.878 -6.40111 4.43497
H -4.37779 -6.37489 2.36177
H -2.59995 -7.75391 1.55453
H -1.91426 -2.28937 1.46132
H -3.69809 -5.32561 4.76258
H -3.8635 -7.49675 5.76526
H -4.92123 -7.65511 4.30009
H -2.45462 -9.04392 5.02022
H -3.22113 -9.1898 3.3739
H -0.80389 -8.02987 3.55663
H -3.30401 -2.58462 0.32638
H -1.62034 -3.00702 -0.16858
H 3.8617 -4.12147 2.57375
H 4.1222 -5.58783 3.5904
H 2.58825 -5.39007 2.65422
H 1.59804 -6.77319 -0.79473
H 1.78465 -6.52684 0.94403
H -0.00577 -8.62276 -0.38328
H 0.19488 -8.44545 1.38578
$end

$opt
CONSTRAINT
tors           1           2           3           4    -166.596
tors           3           4           5           6    -124.875
tors           4           5           6           7     -95.791
tors           5           6           7           8     -90.564
tors           6           7           8           9    +178.257
tors           7           8           9          10    +112.646
tors           8           9          10          11    +128.367
tors           9          10          11          12     -28.094
tors          11          12          13          14     +53.836
ENDCONSTRAINT
$end

$rem
JOBTYPE                   OPT
METHOD                    B3LYP
DFT_D                     d3_op
BASIS                     STO-3G
GEOM_OPT_MAX_CYCLES       100
GEOM_OPT_TOL_GRADIENT     300
GEOM_OPT_TOL_DISPLACEMENT 1200
GEOM_OPT_TOL_ENERGY       100
SYMMETRY                  False
THRESH                    12
SCF_CONVERGENCE           8
MAX_SUB_FILE_NUM          128
MEM_STATIC                400
MEM_TOTAL                 4000
$end
