$molecule
0  1
O -3.94934 -3.66094 2.70899
C -3.26408 -4.56952 2.26188
C -3.36658 -6.02376 2.66595
C -2.04986 -6.79228 2.86466
C -0.77767 -5.97575 2.81083
O -1.07932 -4.64406 2.84299
C 0.06104 -3.80325 2.63838
C 1.31693 -4.65234 2.47131
O 2.43522 -3.81284 2.14334
C 3.65272 -4.30452 2.48255
C 4.07503 -5.47345 1.62469
C 4.11043 -5.18967 0.11588
C 4.07349 -3.72798 -0.28261
O 4.93156 -3.14864 -0.93272
O -2.70041 -4.36956 1.03299
O 2.88836 -3.08332 -0.12649
O 4.40476 -3.7034 3.23382
C 2.64073 -1.78147 -0.51043
C 5.52806 -5.94646 1.85404
C 5.66097 -7.41072 1.43914
C 5.53015 -7.29007 -0.06505
C 5.50297 -5.76369 -0.21582
O 6.27917 -5.29489 0.85989
H 3.40177 -6.32243 1.87837
H 3.28909 -5.69846 -0.43505
H 5.8802 -5.81601 2.90043
H 6.70394 -7.71751 1.68196
H 4.95321 -8.1192 1.9208
H 6.44137 -7.72567 -0.53169
H 4.61779 -7.75172 -0.50124
H 5.85108 -5.47581 -1.23216
O 0.16647 -6.59613 3.29185
C -2.73174 -3.17544 0.34122
C -4.02058 -6.20473 4.05065
C -4.60968 -7.60908 4.17185
C -3.34775 -8.4317 4.30099
C -2.29138 -7.32245 4.30138
O -2.93273 -6.24558 4.9382
H -4.00302 -6.50709 1.89075
H -1.92936 -7.62278 2.13358
H -2.24906 -2.3717 0.93641
H -4.80665 -5.45123 4.27455
H -5.164 -7.65866 5.1365
H -5.28766 -7.90355 3.34203
H -3.36291 -8.94259 5.28976
H -3.17809 -9.17601 3.49317
H -1.37073 -7.69708 4.79858
H -3.78203 -2.89157 0.11697
H -2.18209 -3.29451 -0.61484
H 1.59281 -1.52153 -0.25537
H 2.78022 -1.67109 -1.60698
H 3.32239 -1.08906 0.02822
H 1.58026 -5.03144 3.48967
H 1.24924 -5.38167 1.62777
H 0.17818 -3.10272 3.49251
H -0.10024 -3.21396 1.71225
$end

$opt
CONSTRAINT
tors           1           2           3           4    -138.072
tors           3           4           5           6     +11.508
tors           4           5           6           7    -173.125
tors           5           6           7           8      -1.309
tors           6           7           8           9    +174.677
tors           7           8           9          10    +154.668
tors           8           9          10          11     +70.870
tors           9          10          11          12     +56.884
tors          11          12          13          14    +120.617
ENDCONSTRAINT
$end

$rem
JOBTYPE                   OPT
METHOD                    B3LYP
DFT_D                     d3_op
BASIS                     STO-3G
GEOM_OPT_MAX_CYCLES       100
GEOM_OPT_TOL_GRADIENT     300
GEOM_OPT_TOL_DISPLACEMENT 1200
GEOM_OPT_TOL_ENERGY       100
SYMMETRY                  False
THRESH                    12
SCF_CONVERGENCE           8
MAX_SUB_FILE_NUM          128
MEM_STATIC                400
MEM_TOTAL                 4000
$end
