$molecule
0  1
O -3.94934 -3.66094 2.70899
C -3.26408 -4.56952 2.26188
C -3.36658 -6.02376 2.66595
C -2.06245 -6.83739 2.69911
C -0.77896 -6.06279 2.49723
O -0.96206 -5.10166 1.54428
C 0.22614 -4.35474 1.26223
C 0.88995 -3.91245 2.56218
O 2.10265 -3.19874 2.27429
C 2.76478 -2.71471 3.3543
C 3.99641 -3.51817 3.6981
C 3.92461 -4.27369 5.03313
C 2.54344 -4.40992 5.64184
O 1.70246 -5.23437 5.31382
O -3.04571 -4.42688 0.91748
O 2.28919 -3.61556 6.71458
O 2.33656 -1.79641 4.03736
C 1.09956 -3.61184 7.41239
C 4.35334 -4.69113 2.74916
C 5.84511 -5.00781 2.8582
C 5.9034 -5.63512 4.23562
C 4.41263 -5.66273 4.58758
O 3.77015 -5.82367 3.34551
H 4.84016 -2.79231 3.67541
H 4.57864 -3.80069 5.79966
H 4.09456 -4.50631 1.68431
H 6.0655 -5.79549 2.10206
H 6.53119 -4.14849 2.69815
H 6.30398 -6.66825 4.1345
H 6.49089 -5.06988 4.99127
H 4.20534 -6.44469 5.35132
O 0.28307 -6.65883 2.64883
C -3.1643 -3.24938 0.20315
C -3.79417 -6.16142 4.14668
C -4.41227 -7.53802 4.39034
C -3.18072 -8.41308 4.32914
C -2.09532 -7.34764 4.15203
O -2.58568 -6.23744 4.85907
H -4.15984 -6.48423 2.0346
H -2.06248 -7.66746 1.95793
H -2.46822 -2.48544 0.61042
H -4.50591 -5.37525 4.48064
H -4.79943 -7.54745 5.43462
H -5.23133 -7.8177 3.69337
H -3.06296 -8.92358 5.31101
H -3.16831 -9.16175 3.50761
H -1.11477 -7.74623 4.49393
H -4.20768 -2.8713 0.25106
H -2.90467 -3.44102 -0.85803
H 1.1616 -2.86867 8.23352
H 0.90837 -4.61478 7.85033
H 0.26256 -3.33077 6.73757
H 0.18276 -3.25998 3.12192
H 1.19012 -4.737 3.19095
H -0.03101 -3.47804 0.63176
H 0.94012 -4.99269 0.69517
$end

$opt
CONSTRAINT
tors           1           2           3           4    -145.285
tors           3           4           5           6     -39.176
tors           4           5           6           7    -177.909
tors           5           6           7           8     -47.368
tors           6           7           8           9    +178.257
tors           7           8           9          10    +177.970
tors           8           9          10          11    +104.705
tors           9          10          11          12    -113.251
tors          11          12          13          14     +80.414
ENDCONSTRAINT
$end

$rem
JOBTYPE                   OPT
METHOD                    B3LYP
DFT_D                     d3_op
BASIS                     STO-3G
GEOM_OPT_MAX_CYCLES       100
GEOM_OPT_TOL_GRADIENT     300
GEOM_OPT_TOL_DISPLACEMENT 1200
GEOM_OPT_TOL_ENERGY       100
SYMMETRY                  False
THRESH                    12
SCF_CONVERGENCE           8
MAX_SUB_FILE_NUM          128
MEM_STATIC                400
MEM_TOTAL                 4000
$end
