$molecule
0  1
O -3.94934 -3.66094 2.70899
C -3.26408 -4.56952 2.26188
C -3.36658 -6.02376 2.66595
C -2.35212 -6.9985 2.04579
C -1.23757 -6.38279 1.22923
O -1.39218 -5.02661 1.18125
C -0.44166 -4.38135 0.32721
C 0.96324 -4.8981 0.61934
O 1.90723 -4.27755 -0.26761
C 3.21325 -4.48116 0.03569
C 4.15441 -3.85179 -0.96369
C 3.49621 -3.39413 -2.2735
C 1.98377 -3.29988 -2.25526
O 1.33899 -2.31079 -1.9382
O -3.53591 -4.55627 0.90017
O 1.36115 -4.27888 -2.97131
O 3.6035 -4.98194 1.08297
C 0.02839 -4.3148 -3.3361
C 4.8104 -2.54912 -0.48033
C 6.11533 -2.32446 -1.24192
C 5.5836 -1.98511 -2.62083
C 4.07603 -1.9646 -2.33844
O 3.98743 -1.53426 -0.99981
H 4.93345 -4.61994 -1.17191
H 3.80033 -4.01034 -3.14943
H 4.98818 -2.52628 0.61695
H 6.59084 -1.41457 -0.81025
H 6.83942 -3.16675 -1.20753
H 5.94662 -0.96985 -2.8955
H 5.83922 -2.71205 -3.42192
H 3.55085 -1.33389 -3.08964
O -0.77889 -7.04075 0.30123
C -3.74216 -3.44934 0.08757
C -3.03263 -6.19472 4.16019
C -3.62559 -7.5022 4.68548
C -2.69918 -8.51018 4.03983
C -1.72179 -7.57159 3.3266
O -1.65088 -6.45232 4.17515
H -4.41804 -6.34331 2.48087
H -2.83782 -7.79241 1.43412
H -3.60124 -2.49148 0.6329
H -3.37751 -5.34245 4.78626
H -3.46284 -7.52832 5.78677
H -4.70664 -7.64133 4.46887
H -2.16845 -9.06575 4.84501
H -3.18527 -9.22651 3.34269
H -0.76 -8.09577 3.12937
H -4.77001 -3.48688 -0.32772
H -3.01999 -3.47474 -0.75371
H -0.43069 -5.24802 -2.95097
H -0.04251 -4.32475 -4.44309
H -0.54512 -3.44379 -2.95361
H 1.18121 -4.60259 1.67114
H 1.14686 -5.98356 0.54084
H -0.50179 -3.28103 0.46444
H -0.69491 -4.61333 -0.72418
$end

$opt
CONSTRAINT
tors           1           2           3           4    -176.358
tors           3           4           5           6      -1.675
tors           4           5           6           7    -174.801
tors           5           6           7           8     -47.506
tors           6           7           8           9    +178.257
tors           7           8           9          10    +169.388
tors           8           9          10          11    +177.657
tors           9          10          11          12     -13.382
tors          11          12          13          14     +89.466
ENDCONSTRAINT
$end

$rem
JOBTYPE                   OPT
METHOD                    B3LYP
DFT_D                     d3_op
BASIS                     STO-3G
GEOM_OPT_MAX_CYCLES       100
GEOM_OPT_TOL_GRADIENT     300
GEOM_OPT_TOL_DISPLACEMENT 1200
GEOM_OPT_TOL_ENERGY       100
SYMMETRY                  False
THRESH                    12
SCF_CONVERGENCE           8
MAX_SUB_FILE_NUM          128
MEM_STATIC                400
MEM_TOTAL                 4000
$end
