$molecule
0  1
O -3.94934 -3.66094 2.70899
C -3.26408 -4.56952 2.26188
C -3.36658 -6.02376 2.66595
C -2.04988 -6.7841 2.89408
C -0.78171 -5.96006 2.86629
O -0.80818 -5.10344 1.80283
C 0.46184 -4.5001 1.53398
C 0.37963 -2.99045 1.73477
O 1.66609 -2.39518 1.50335
C 1.64459 -1.11068 1.06889
C 2.9602 -0.39811 1.27399
C 3.79875 -0.91368 2.45267
C 3.38902 -2.2594 3.01644
O 3.25335 -3.28753 2.36905
O -2.8708 -4.39131 0.96638
O 3.14394 -2.29377 4.35261
O 0.61328 -0.48449 0.85579
C 2.73623 -3.41896 5.03807
C 3.95336 -0.63556 0.1154
C 4.96817 0.50638 0.07241
C 5.77129 0.21682 1.32551
C 5.14843 -1.12068 1.74497
O 4.75471 -1.71327 0.53123
H 2.75224 0.69555 1.32149
H 3.84893 -0.18081 3.28849
H 3.45632 -0.74829 -0.87304
H 5.61597 0.32338 -0.81509
H 4.54553 1.532 0.00701
H 6.83852 0.09233 1.0371
H 5.67783 0.9729 2.13507
H 5.86004 -1.70927 2.36594
O 0.02909 -5.90934 3.7851
C -3.093 -3.25184 0.21666
C -4.01395 -6.20891 4.05896
C -4.62046 -7.60698 4.17077
C -3.36821 -8.45158 4.26419
C -2.2975 -7.356 4.30083
O -2.92835 -6.28121 4.95171
H -4.01695 -6.51657 1.90792
H -1.91107 -7.57307 2.12229
H -2.64966 -2.36461 0.71426
H -4.79019 -5.4492 4.29578
H -5.15153 -7.65475 5.14869
H -5.32519 -7.88815 3.35893
H -3.39156 -9.00926 5.22686
H -3.20623 -9.15641 3.42002
H -1.37159 -7.7461 4.7772
H -4.18425 -3.08972 0.08707
H -2.63029 -3.37781 -0.78352
H 2.61259 -3.16662 6.11107
H 3.49806 -4.22209 4.94404
H 1.76252 -3.77635 4.64081
H -0.38845 -2.62355 1.02265
H 0.06034 -2.76733 2.77571
H 0.73671 -4.71183 0.47879
H 1.29796 -4.89471 2.15277
$end

$opt
CONSTRAINT
tors           1           2           3           4    -136.792
tors           3           4           5           6     -45.146
tors           4           5           6           7    -167.201
tors           5           6           7           8    -116.402
tors           6           7           8           9    +178.257
tors           7           8           9          10    +152.035
tors           8           9          10          11    +161.053
tors           9          10          11          12     -28.094
tors          11          12          13          14     +53.369
ENDCONSTRAINT
$end

$rem
JOBTYPE                   OPT
METHOD                    B3LYP
DFT_D                     d3_op
BASIS                     STO-3G
GEOM_OPT_MAX_CYCLES       100
GEOM_OPT_TOL_GRADIENT     300
GEOM_OPT_TOL_DISPLACEMENT 1200
GEOM_OPT_TOL_ENERGY       100
SYMMETRY                  False
THRESH                    12
SCF_CONVERGENCE           8
MAX_SUB_FILE_NUM          128
MEM_STATIC                400
MEM_TOTAL                 4000
$end
