$molecule
0  1
O -3.94934 -3.66094 2.70899
C -3.26408 -4.56952 2.26188
C -3.36658 -6.02376 2.66595
C -2.04986 -6.79228 2.86466
C -0.77767 -5.97575 2.81083
O -0.5477 -5.55885 1.5307
C 0.75051 -4.98312 1.3506
C 1.03797 -3.97721 2.4604
O 2.35713 -3.43289 2.29792
C 2.57729 -2.24431 2.9127
C 4.00553 -1.77087 2.78378
C 5.04714 -2.88922 2.63346
C 4.5009 -4.25768 2.27898
O 4.18604 -4.62623 1.15666
O -2.6177 -4.31967 1.09403
O 4.55478 -5.17929 3.27765
O 1.78753 -1.72714 3.69345
C 4.17564 -6.4989 3.15223
C 4.2802 -0.97187 1.49264
C 5.48782 -0.05929 1.71406
C 6.60707 -1.08115 1.77118
C 5.83051 -2.35658 1.42084
O 4.79441 -1.9096 0.57969
H 4.20555 -1.09221 3.64464
H 5.66124 -2.99432 3.55561
H 3.40463 -0.37907 1.14859
H 5.60689 0.54784 0.7882
H 5.42791 0.62381 2.58897
H 7.34959 -0.8322 0.98109
H 7.11301 -1.17869 2.75637
H 6.51004 -3.1259 0.99174
O 0.10447 -6.2212 3.62682
C -2.49915 -3.07493 0.50977
C -4.02988 -6.21556 4.04353
C -4.62174 -7.61998 4.14647
C -3.3617 -8.44605 4.2741
C -2.30222 -7.33912 4.29197
O -2.9461 -6.26788 4.93674
H -3.98769 -6.50433 1.87689
H -1.92845 -7.62725 2.13817
H -1.96719 -2.38158 1.19581
H -4.81524 -5.46189 4.26921
H -5.18228 -7.67923 5.10694
H -5.29465 -7.90413 3.30894
H -3.38322 -8.96657 5.25774
H -3.18983 -9.18346 3.46046
H -1.38511 -7.72578 4.78661
H -3.50283 -2.66644 0.26566
H -1.91262 -3.1681 -0.42708
H 4.33993 -7.01655 4.11936
H 4.78268 -7.00099 2.36918
H 3.09889 -6.56618 2.89787
H 0.27615 -3.17769 2.30901
H 0.9762 -4.25217 3.52479
H 0.81236 -4.50491 0.35008
H 1.51123 -5.7905 1.39049
$end

$opt
CONSTRAINT
tors           1           2           3           4    -138.072
tors           3           4           5           6     -70.503
tors           4           5           6           7    -169.659
tors           5           6           7           8     -47.368
tors           6           7           8           9    +178.257
tors           7           8           9          10    +158.918
tors           8           9          10          11    +176.104
tors           9          10          11          12     -28.094
tors          11          12          13          14     +80.733
ENDCONSTRAINT
$end

$rem
JOBTYPE                   OPT
METHOD                    B3LYP
DFT_D                     d3_op
BASIS                     STO-3G
GEOM_OPT_MAX_CYCLES       100
GEOM_OPT_TOL_GRADIENT     300
GEOM_OPT_TOL_DISPLACEMENT 1200
GEOM_OPT_TOL_ENERGY       100
SYMMETRY                  False
THRESH                    12
SCF_CONVERGENCE           8
MAX_SUB_FILE_NUM          128
MEM_STATIC                400
MEM_TOTAL                 4000
$end
