$molecule
0  1
O -3.94934 -3.66094 2.70899
C -3.26408 -4.56952 2.26188
C -3.36658 -6.02376 2.66595
C -3.80372 -6.32282 4.10932
C -4.26084 -5.14022 4.9343
O -3.18006 -4.51553 5.48846
C -3.53757 -3.53484 6.46809
C -5.03942 -3.27258 6.42555
O -5.40433 -2.34795 7.46227
C -6.67089 -1.86778 7.39603
C -7.01289 -0.94965 8.54527
C -5.80604 -0.43133 9.34096
C -4.45417 -0.60359 8.67803
O -3.77958 0.29663 8.19939
O -2.223 -4.25543 1.44671
O -3.75922 -1.67367 9.16706
O -7.50756 -2.25325 6.58849
C -2.38199 -1.7868 9.16539
C -7.63911 0.38622 8.08912
C -8.4808 0.96405 9.22499
C -7.395 1.3609 10.204
C -6.14766 1.07329 9.35787
O -6.56736 1.29322 8.03413
H -7.75765 -1.4884 9.17352
H -5.75186 -0.85969 10.36687
H -8.25151 0.29785 7.16526
H -8.95839 1.88904 8.82851
H -9.26842 0.29671 9.63627
H -7.49713 2.44779 10.41846
H -7.37588 0.78226 11.15295
H -5.29489 1.69538 9.70939
O -5.29605 -4.64843 4.48731
C -1.93057 -2.97815 1.01622
C -4.50076 -6.73594 1.89404
C -4.23636 -8.24111 1.85102
C -4.5147 -8.61668 3.29174
C -4.99452 -7.26753 3.83867
O -5.62213 -6.65931 2.7372
H -2.41113 -6.52091 2.38158
H -3.00985 -6.84457 4.69014
H -1.7157 -2.32049 1.88554
H -4.63895 -6.34398 0.86214
H -5.02707 -8.6921 1.20919
H -3.23875 -8.54201 1.46497
H -5.34032 -9.36246 3.30732
H -3.64111 -9.00359 3.85969
H -5.6256 -7.41332 4.74322
H -2.78315 -2.56626 0.4349
H -1.03487 -3.0106 0.36264
H -2.09621 -2.76692 9.59898
H -1.93599 -0.98022 9.78537
H -1.98071 -1.71517 8.13431
H -5.25973 -2.72347 5.47634
H -5.65009 -4.17978 6.66175
H -3.00451 -2.58771 6.24363
H -3.23365 -3.90838 7.46789
$end

$opt
CONSTRAINT
tors           1           2           3           4     -30.885
tors           3           4           5           6     -84.238
tors           4           5           6           7    -169.659
tors           5           6           7           8     -10.910
tors           6           7           8           9    +176.597
tors           7           8           9          10    +169.800
tors           8           9          10          11    +177.471
tors           9          10          11          12     +15.704
tors          11          12          13          14    +107.996
ENDCONSTRAINT
$end

$rem
JOBTYPE                   OPT
METHOD                    B3LYP
DFT_D                     d3_op
BASIS                     STO-3G
GEOM_OPT_MAX_CYCLES       100
GEOM_OPT_TOL_GRADIENT     300
GEOM_OPT_TOL_DISPLACEMENT 1200
GEOM_OPT_TOL_ENERGY       100
SYMMETRY                  False
THRESH                    12
SCF_CONVERGENCE           8
MAX_SUB_FILE_NUM          128
MEM_STATIC                400
MEM_TOTAL                 4000
$end
