$molecule
0  1
O -3.94934 -3.66094 2.70899
C -3.26408 -4.56952 2.26188
C -3.36658 -6.02376 2.66595
C -2.11279 -6.67437 3.27306
C -0.95207 -5.75181 3.57255
O -0.98008 -4.68078 2.72547
C 0.20831 -3.88487 2.78454
C 0.71213 -3.7984 4.22149
O 1.94689 -3.06597 4.26394
C 2.38571 -2.73412 5.50348
C 3.87149 -2.46773 5.54989
C 4.37236 -1.41707 4.54813
C 3.30566 -0.54652 3.91489
O 3.11676 0.63575 4.16212
O -2.65918 -4.35376 1.05539
O 2.61882 -1.09096 2.87614
O 1.65125 -2.63428 6.47863
C 1.66831 -0.42067 2.13352
C 4.39014 -1.89213 6.88092
C 5.87663 -2.2102 7.03181
C 6.46907 -1.29409 5.9816
C 5.20865 -0.55264 5.52025
O 4.40097 -0.50286 6.67226
H 4.35519 -3.4522 5.35836
H 5.00331 -1.82845 3.72956
H 3.83169 -2.2527 7.77177
H 6.18835 -1.84644 8.03728
H 6.14622 -3.28359 6.93132
H 7.17298 -0.59446 6.48484
H 6.9783 -1.80495 5.1359
H 5.48913 0.42929 5.07892
O 0.06507 -6.34584 3.91135
C -2.61863 -3.13646 0.4063
C -4.36034 -6.22774 3.83226
C -4.84557 -7.67743 3.86661
C -3.60966 -8.37507 4.38916
C -2.68758 -7.17371 4.61138
O -3.5629 -6.13965 4.98582
H -3.74768 -6.57623 1.77764
H -1.72778 -7.50843 2.64289
H -2.10617 -2.38129 1.03939
H -5.238 -5.54628 3.79068
H -5.64326 -7.74785 4.64052
H -5.23641 -8.06028 2.89936
H -3.85835 -8.84625 5.36633
H -3.1641 -9.13088 3.70676
H -1.89618 -7.4323 5.34943
H -3.64861 -2.79209 0.17278
H -2.05577 -3.24909 -0.5428
H 1.2835 -1.09315 1.34037
H 2.11891 0.47226 1.64996
H 0.82355 -0.11085 2.78525
H -0.0774 -3.23877 4.77361
H 0.94065 -4.67786 4.83682
H 0.00702 -2.87931 2.36388
H 0.99413 -4.37406 2.16865
$end

$opt
CONSTRAINT
tors           1           2           3           4    -119.994
tors           3           4           5           6     -27.767
tors           4           5           6           7    -169.659
tors           5           6           7           8     -37.771
tors           6           7           8           9    +176.597
tors           7           8           9          10    +169.800
tors           8           9          10          11    +157.670
tors           9          10          11          12     +54.287
tors          11          12          13          14    +107.996
ENDCONSTRAINT
$end

$rem
JOBTYPE                   OPT
METHOD                    B3LYP
DFT_D                     d3_op
BASIS                     STO-3G
GEOM_OPT_MAX_CYCLES       100
GEOM_OPT_TOL_GRADIENT     300
GEOM_OPT_TOL_DISPLACEMENT 1200
GEOM_OPT_TOL_ENERGY       100
SYMMETRY                  False
THRESH                    12
SCF_CONVERGENCE           8
MAX_SUB_FILE_NUM          128
MEM_STATIC                400
MEM_TOTAL                 4000
$end
