$molecule
0  1
O -3.94934 -3.66094 2.70899
C -3.26408 -4.56952 2.26188
C -3.36658 -6.02376 2.66595
C -2.54875 -6.47278 3.88799
C -1.8594 -5.38119 4.67624
O -0.58196 -5.21675 4.22177
C 0.21074 -4.37236 5.06312
C -0.65109 -3.26194 5.65502
O 0.13014 -2.46564 6.55972
C -0.4584 -1.32054 6.98575
C 0.38384 -0.56222 7.98388
C 1.71304 -0.02499 7.43353
C 1.84359 -0.00575 5.9238
O 1.57405 0.94271 5.20108
O -2.2043 -4.25738 1.47121
O 2.25378 -1.16546 5.34681
O -1.56458 -0.94183 6.61741
C 2.40916 -1.3416 3.98745
C -0.26575 0.73531 8.50883
C 0.33912 1.10131 9.86335
C 1.72717 1.53447 9.44296
C 1.59276 1.43851 7.91879
O 0.24142 1.74242 7.67339
H 0.53717 -1.25219 8.84425
H 2.62493 -0.50275 7.85464
H -1.37274 0.67748 8.5933
H -0.21345 1.99328 10.23705
H 0.30475 0.30116 10.63372
H 1.87478 2.59123 9.75864
H 2.5592 0.90258 9.82231
H 2.33694 2.10526 7.42885
O -2.16494 -5.36503 5.86293
C -1.8794 -2.97653 1.07661
C -4.79283 -6.39053 3.13787
C -5.03892 -7.88303 2.93382
C -4.14223 -8.46065 4.00508
C -3.67278 -7.17334 4.69615
O -4.74887 -6.28473 4.539
H -3.15857 -6.61999 1.74848
H -1.76779 -7.21085 3.59365
H -1.66364 -2.34571 1.96562
H -5.59053 -5.80545 2.62914
H -6.09921 -8.07547 3.21598
H -4.86032 -8.26722 1.90654
H -4.76733 -9.07667 4.68923
H -3.28222 -9.05882 3.63356
H -3.37956 -7.41248 5.74156
H -2.71413 -2.53253 0.4931
H -0.97428 -3.01181 0.43635
H 2.77207 -2.37077 3.79145
H 3.15697 -0.62193 3.59104
H 1.43633 -1.19834 3.46997
H -0.96372 -2.63789 4.78576
H -1.56039 -3.4234 6.24461
H 1.06421 -3.96233 4.4865
H 0.61482 -4.98448 5.89859
$end

$opt
CONSTRAINT
tors           1           2           3           4     -86.841
tors           3           4           5           6     -93.160
tors           4           5           6           7    -169.659
tors           5           6           7           8     -35.163
tors           6           7           8           9    +176.597
tors           7           8           9          10    +169.800
tors           8           9          10          11    +177.241
tors           9          10          11          12     +64.690
tors          11          12          13          14     +93.099
ENDCONSTRAINT
$end

$rem
JOBTYPE                   OPT
METHOD                    B3LYP
DFT_D                     d3_op
BASIS                     STO-3G
GEOM_OPT_MAX_CYCLES       100
GEOM_OPT_TOL_GRADIENT     300
GEOM_OPT_TOL_DISPLACEMENT 1200
GEOM_OPT_TOL_ENERGY       100
SYMMETRY                  False
THRESH                    12
SCF_CONVERGENCE           8
MAX_SUB_FILE_NUM          128
MEM_STATIC                400
MEM_TOTAL                 4000
$end
