$molecule
0  1
O -3.94934 -3.66094 2.70899
C -3.26408 -4.56952 2.26188
C -3.36658 -6.02376 2.66595
C -2.6851 -6.43743 3.9806
C -2.12963 -5.31845 4.83349
O -1.16541 -4.64247 4.14157
C -0.2988 -3.87697 4.98552
C -1.0932 -3.25669 6.1302
O -0.20729 -2.55609 7.01745
C -0.67175 -1.37329 7.49117
C 0.28565 -0.70688 8.4503
C 1.5495 -1.51793 8.77148
C 1.84446 -2.67768 7.84159
O 2.91374 -3.26425 7.75716
O -2.42758 -4.30075 1.22482
O 1.03991 -3.68539 8.38041
O -1.73244 -0.85425 7.16606
C 1.08302 -5.05805 8.15579
C 0.88116 0.598 7.90292
C 1.35781 1.46751 9.06514
C 2.57126 0.68489 9.52115
C 2.59801 -0.42455 8.46249
O 2.08724 0.19618 7.3074
H -0.29972 -0.50254 9.37493
H 1.63962 -1.84783 9.8325
H 0.17757 1.16563 7.25567
H 1.69978 2.43651 8.63673
H 0.59651 1.66178 9.85115
H 3.46627 1.33801 9.42113
H 2.51423 0.27483 10.55258
H 3.62841 -0.8347 8.37425
O -3.00493 -4.74119 5.47126
C -2.21822 -3.04207 0.70156
C -4.81129 -6.48458 2.93442
C -4.91911 -7.99823 2.75031
C -4.17754 -8.48765 3.97831
C -3.86818 -7.15501 4.66795
O -4.96619 -6.34085 4.32595
H -2.94302 -6.61243 1.81981
H -1.83426 -7.13179 3.79899
H -1.80768 -2.36773 1.4836
H -5.55995 -5.96315 2.29859
H -5.99411 -8.26935 2.85544
H -4.53746 -8.3822 1.77995
H -4.88238 -9.0845 4.59879
H -3.25778 -9.07735 3.77583
H -3.69004 -7.31084 5.7548
H -3.17044 -2.6264 0.30837
H -1.48739 -3.11074 -0.13004
H 0.08737 -5.41362 7.82811
H 1.33821 -5.57226 9.10188
H 1.82353 -5.33934 7.38003
H -1.90623 -2.62149 5.70954
H -1.478 -4.02798 6.8251
H 0.18968 -3.08588 4.37877
H 0.49127 -4.53973 5.39453
$end

$opt
CONSTRAINT
tors           1           2           3           4     -79.774
tors           3           4           5           6     -61.252
tors           4           5           6           7    -160.811
tors           5           6           7           8     -37.771
tors           6           7           8           9    +176.597
tors           7           8           9          10    +139.846
tors           8           9          10          11    +178.222
tors           9          10          11          12      -3.437
tors          11          12          13          14    +164.334
ENDCONSTRAINT
$end

$rem
JOBTYPE                   OPT
METHOD                    B3LYP
DFT_D                     d3_op
BASIS                     STO-3G
GEOM_OPT_MAX_CYCLES       100
GEOM_OPT_TOL_GRADIENT     300
GEOM_OPT_TOL_DISPLACEMENT 1200
GEOM_OPT_TOL_ENERGY       100
SYMMETRY                  False
THRESH                    12
SCF_CONVERGENCE           8
MAX_SUB_FILE_NUM          128
MEM_STATIC                400
MEM_TOTAL                 4000
$end
