$molecule
0  1
O -3.94934 -3.66094 2.70899
C -3.26408 -4.56952 2.26188
C -3.36658 -6.02376 2.66595
C -2.26795 -6.5756 3.58918
C -1.28821 -5.56804 4.14866
O -0.81565 -4.77291 3.14373
C 0.2862 -3.95226 3.54584
C 0.07928 -3.45707 4.97346
O 1.22328 -2.70044 5.39967
C 1.1218 -2.1311 6.62633
C 2.29171 -2.45592 7.52436
C 3.3214 -3.42282 6.92176
C 3.23018 -3.63608 5.42413
O 4.02263 -3.20776 4.59761
O -2.40545 -4.29177 1.24347
O 2.74326 -4.88508 5.17272
O 0.15995 -1.46483 6.98119
C 3.27766 -5.763 4.24429
C 3.17704 -1.24678 7.86637
C 3.91179 -1.51218 9.17869
C 4.88966 -2.58543 8.74271
C 4.60497 -2.62331 7.23537
O 4.22277 -1.30315 6.92749
H 1.85146 -2.88034 8.45519
H 3.31737 -4.41328 7.43241
H 2.61434 -0.28932 7.92017
H 4.48312 -0.58764 9.42204
H 3.26771 -1.78158 10.0433
H 5.92146 -2.22009 8.94235
H 4.74063 -3.58312 9.20961
H 5.49107 -3.01634 6.68965
O -0.54117 -6.05485 4.99228
C -2.21001 -3.03409 0.71164
C -4.60452 -6.27804 3.5602
C -5.00953 -7.75009 3.49244
C -3.89343 -8.38421 4.29104
C -3.13127 -7.13347 4.73926
O -4.1278 -6.15342 4.87597
H -3.50689 -6.61043 1.73035
H -1.6675 -7.36438 3.08188
H -1.83718 -2.34105 1.49595
H -5.47845 -5.64295 3.29555
H -5.95834 -7.85678 4.06599
H -5.15368 -8.15697 2.46848
H -4.34018 -8.90288 5.16847
H -3.24201 -9.08545 3.7258
H -2.54593 -7.36053 5.6569
H -3.16054 -2.6454 0.28788
H -1.45529 -3.09539 -0.09889
H 2.66857 -6.69001 4.22749
H 4.31794 -6.02542 4.53182
H 3.28849 -5.31648 3.22727
H -0.82025 -2.80078 4.95765
H -0.07347 -4.15798 5.80602
H 0.38267 -3.09443 2.84749
H 1.19192 -4.54902 3.43879
$end

$opt
CONSTRAINT
tors           1           2           3           4    -104.624
tors           3           4           5           6     -48.756
tors           4           5           6           7    -169.659
tors           5           6           7           8     -37.771
tors           6           7           8           9    +176.597
tors           7           8           9          10    +175.877
tors           8           9          10          11    +128.066
tors           9          10          11          12      -3.437
tors          11          12          13          14    +107.996
ENDCONSTRAINT
$end

$rem
JOBTYPE                   OPT
METHOD                    B3LYP
DFT_D                     d3_op
BASIS                     STO-3G
GEOM_OPT_MAX_CYCLES       100
GEOM_OPT_TOL_GRADIENT     300
GEOM_OPT_TOL_DISPLACEMENT 1200
GEOM_OPT_TOL_ENERGY       100
SYMMETRY                  False
THRESH                    12
SCF_CONVERGENCE           8
MAX_SUB_FILE_NUM          128
MEM_STATIC                400
MEM_TOTAL                 4000
$end
