$molecule
0  1
O -3.94934 -3.66094 2.70899
C -3.26408 -4.56952 2.26188
C -3.36658 -6.02376 2.66595
C -2.54875 -6.47278 3.88799
C -1.8594 -5.38119 4.67624
O -1.05241 -4.65156 3.8505
C -0.07793 -3.87622 4.55654
C -0.72376 -3.18172 5.75099
O 0.26691 -2.44091 6.48081
C -0.21739 -1.54399 7.37532
C 0.72597 -1.2945 8.52792
C 2.20347 -1.5892 8.23058
C 2.56605 -1.73757 6.7666
O 3.39323 -1.06395 6.16945
O -2.30101 -4.27509 1.34924
O 2.54171 -3.04503 6.36127
O -1.39402 -1.20632 7.42451
C 3.22701 -3.54897 5.27007
C 0.82089 0.19655 8.92344
C 1.25652 0.30497 10.38311
C 2.69344 -0.16376 10.2816
C 2.83326 -0.28425 8.75811
O 1.95289 0.68627 8.24917
H 0.32445 -1.85861 9.39999
H 2.56661 -2.49226 8.77055
H -0.12361 0.76113 8.76387
H 1.25264 1.39006 10.63521
H 0.63156 -0.24089 11.12222
H 3.35184 0.63498 10.68933
H 2.91297 -1.1337 10.77838
H 3.90075 -0.17775 8.46438
O -1.49296 -5.73967 5.79148
C -2.03238 -3.00406 0.88656
C -4.79314 -6.36993 3.14438
C -5.04473 -7.87034 3.00681
C -4.1792 -8.40156 4.12686
C -3.68404 -7.08752 4.74065
O -4.74789 -6.19289 4.53705
H -3.16113 -6.62846 1.75376
H -1.77341 -7.2273 3.62529
H -1.72708 -2.34749 1.72949
H -5.58536 -5.80467 2.60533
H -6.11219 -8.05086 3.26834
H -4.8368 -8.29562 2.00145
H -4.83206 -8.94411 4.8466
H -3.33781 -9.05523 3.81025
H -3.39633 -7.26274 5.79993
H -2.92938 -2.5812 0.38566
H -1.202 -3.05212 0.15272
H 3.03808 -4.63844 5.18728
H 4.31972 -3.39747 5.4014
H 2.89012 -3.04673 4.33859
H -1.46021 -2.47871 5.29782
H -1.27556 -3.73923 6.52398
H 0.39723 -3.14809 3.86586
H 0.69992 -4.56655 4.94124
$end

$opt
CONSTRAINT
tors           1           2           3           4     -86.841
tors           3           4           5           6     -55.756
tors           4           5           6           7    -162.451
tors           5           6           7           8     -44.460
tors           6           7           8           9    +178.115
tors           7           8           9          10    +165.678
tors           8           9          10          11    +152.325
tors           9          10          11          12     +24.088
tors          11          12          13          14    +121.859
ENDCONSTRAINT
$end

$rem
JOBTYPE                   OPT
METHOD                    B3LYP
DFT_D                     d3_op
BASIS                     STO-3G
GEOM_OPT_MAX_CYCLES       100
GEOM_OPT_TOL_GRADIENT     300
GEOM_OPT_TOL_DISPLACEMENT 1200
GEOM_OPT_TOL_ENERGY       100
SYMMETRY                  False
THRESH                    12
SCF_CONVERGENCE           8
MAX_SUB_FILE_NUM          128
MEM_STATIC                400
MEM_TOTAL                 4000
$end
