$molecule
0  1
O -3.94934 -3.66094 2.70899
C -3.26408 -4.56952 2.26188
C -3.36658 -6.02376 2.66595
C -2.34933 -6.53997 3.69677
C -1.45659 -5.5027 4.34112
O -0.71475 -4.87026 3.38449
C 0.41056 -4.16529 3.91922
C 0.40732 -4.24793 5.44214
O 1.58597 -3.61853 5.96893
C 1.45703 -3.08402 7.20862
C 2.753 -2.52527 7.74614
C 3.97456 -2.73725 6.83998
C 3.67466 -3.14021 5.41015
O 3.80785 -2.42328 4.42891
O -2.2974 -4.27111 1.35416
O 3.7947 -4.49024 5.22101
O 0.41082 -3.03198 7.84415
C 3.93468 -5.15264 4.01545
C 2.75262 -0.99589 7.90436
C 3.78473 -0.59437 8.9557
C 5.07234 -0.89814 8.21649
C 4.51505 -1.28909 6.8414
O 3.34028 -0.52298 6.71831
H 2.90689 -3.00835 8.73766
H 4.71755 -3.4517 7.26068
H 1.75413 -0.5782 8.15896
H 3.70071 0.50851 9.08644
H 3.6788 -1.0887 9.94532
H 5.66739 0.03977 8.15128
H 5.69003 -1.7135 8.65141
H 5.28818 -1.12624 6.05823
O -2.03934 -4.87223 5.21866
C -2.03155 -2.99967 0.89073
C -4.67704 -6.34361 3.43027
C -5.01806 -7.82652 3.28103
C -3.94851 -8.45161 4.15231
C -3.29235 -7.19151 4.72701
O -4.34244 -6.25872 4.79372
H -3.39341 -6.61227 1.72121
H -1.66032 -7.28092 3.23372
H -1.7342 -2.34014 1.73405
H -5.54116 -5.72622 3.10025
H -6.00657 -7.98082 3.77075
H -5.06625 -8.20883 2.2388
H -4.44718 -9.04009 4.95417
H -3.21028 -9.08644 3.61602
H -2.77314 -7.41905 5.68408
H -2.92729 -2.58177 0.38353
H -1.19629 -3.04556 0.16232
H 3.14136 -5.9216 3.92482
H 4.91497 -5.6717 4.00182
H 3.88271 -4.46916 3.1416
H -0.42758 -3.59057 5.76244
H 0.39982 -5.28348 5.85678
H 0.37816 -3.10213 3.59762
H 1.32359 -4.62636 3.50654
$end

$opt
CONSTRAINT
tors           1           2           3           4     -98.776
tors           3           4           5           6     -60.296
tors           4           5           6           7    -163.046
tors           5           6           7           8      -3.763
tors           6           7           8           9    +176.064
tors           7           8           9          10    +151.381
tors           8           9          10          11    +175.917
tors           9          10          11          12      -3.437
tors          11          12          13          14    +107.996
ENDCONSTRAINT
$end

$rem
JOBTYPE                   OPT
METHOD                    B3LYP
DFT_D                     d3_op
BASIS                     STO-3G
GEOM_OPT_MAX_CYCLES       100
GEOM_OPT_TOL_GRADIENT     300
GEOM_OPT_TOL_DISPLACEMENT 1200
GEOM_OPT_TOL_ENERGY       100
SYMMETRY                  False
THRESH                    12
SCF_CONVERGENCE           8
MAX_SUB_FILE_NUM          128
MEM_STATIC                400
MEM_TOTAL                 4000
$end
