$molecule
0  1
O -3.94934 -3.66094 2.70899
C -3.26408 -4.56952 2.26188
C -3.36658 -6.02376 2.66595
C -2.16423 -6.6342 3.40457
C -1.06713 -5.67664 3.81389
O -0.38525 -5.25262 2.70905
C 0.91774 -4.74335 3.01254
C 0.89252 -3.9922 4.33966
O 2.21711 -3.55198 4.67811
C 2.28152 -2.48228 5.50921
C 3.67931 -2.2119 6.01294
C 4.8049 -2.76961 5.1296
C 4.40111 -3.18683 3.72975
O 4.68905 -2.59107 2.70178
O -2.36368 -4.28235 1.28587
O 4.20122 -4.53141 3.60253
O 1.29942 -1.95218 6.01481
C 4.2681 -5.22531 2.40953
C 4.04473 -0.71031 6.00775
C 5.14375 -0.4536 7.03682
C 6.31763 -1.13947 6.3691
C 5.68541 -1.50733 5.02026
O 4.72841 -0.50198 4.7983
H 3.71628 -2.57167 7.06596
H 5.34691 -3.61753 5.60479
H 3.17848 -0.04012 6.19949
H 5.32717 0.64517 7.03867
H 4.92829 -0.78695 8.07474
H 7.13422 -0.39419 6.24473
H 6.69906 -2.04409 6.89053
H 6.4747 -1.60988 4.24288
O -1.43424 -4.88983 4.68208
C -2.12408 -3.01611 0.79493
C -4.47881 -6.28876 3.70723
C -4.91663 -7.75261 3.64431
C -3.71812 -8.43397 4.27083
C -2.87179 -7.21388 4.64623
O -3.82478 -6.22428 4.95022
H -3.61771 -6.58062 1.73537
H -1.67448 -7.43701 2.80884
H -1.76387 -2.35298 1.61049
H -5.36449 -5.62793 3.58425
H -5.78614 -7.86864 4.33049
H -5.19735 -8.11755 2.63295
H -4.05517 -8.96432 5.18925
H -3.16898 -9.13631 3.60708
H -2.15417 -7.47027 5.45667
H -3.05065 -2.59606 0.34856
H -1.34218 -3.07278 0.01018
H 4.04645 -6.29584 2.59713
H 5.28946 -5.14449 1.98027
H 3.53225 -4.82348 1.68227
H 0.19456 -3.12929 4.22156
H 0.66173 -4.63962 5.2118
H 1.25342 -4.07969 2.18838
H 1.61712 -5.60007 3.10438
$end

$opt
CONSTRAINT
tors           1           2           3           4    -113.839
tors           3           4           5           6     -71.084
tors           4           5           6           7    -159.342
tors           5           6           7           8     -36.383
tors           6           7           8           9    +176.597
tors           7           8           9          10    +155.837
tors           8           9          10          11    +170.278
tors           9          10          11          12     +23.067
tors          11          12          13          14    +107.996
ENDCONSTRAINT
$end

$rem
JOBTYPE                   OPT
METHOD                    B3LYP
DFT_D                     d3_op
BASIS                     STO-3G
GEOM_OPT_MAX_CYCLES       100
GEOM_OPT_TOL_GRADIENT     300
GEOM_OPT_TOL_DISPLACEMENT 1200
GEOM_OPT_TOL_ENERGY       100
SYMMETRY                  False
THRESH                    12
SCF_CONVERGENCE           8
MAX_SUB_FILE_NUM          128
MEM_STATIC                400
MEM_TOTAL                 4000
$end
