$molecule
0  1
O -3.94934 -3.66094 2.70899
C -3.26408 -4.56952 2.26188
C -3.36658 -6.02376 2.66595
C -2.44047 -6.50644 3.79431
C -1.64206 -5.44176 4.5134
O -0.92416 -4.71084 3.61017
C 0.03343 -3.84127 4.22345
C -0.53991 -3.24986 5.50705
O 0.42598 -2.38124 6.11978
C -0.08645 -1.31508 6.783
C 0.9704 -0.49385 7.4825
C 2.39634 -1.05554 7.38506
C 2.61508 -2.12434 6.33314
O 3.05454 -1.93261 5.20856
O -2.29271 -4.27142 1.35875
O 2.68383 -3.38853 6.84455
O -1.27266 -1.01063 6.80355
C 3.10464 -4.52585 6.18138
C 1.15585 0.91347 6.89172
C 1.75393 1.83506 7.95265
C 3.16093 1.27979 8.04746
C 3.1192 0.23176 6.92795
O 2.22213 0.77302 5.9873
H 0.64557 -0.41786 8.5449
H 2.79752 -1.4253 8.35529
H 0.21768 1.34764 6.48234
H 1.80279 2.85434 7.50641
H 1.19778 1.883 8.91356
H 3.87604 2.09516 7.79888
H 3.42749 0.8221 9.02468
H 4.14809 0.026 6.55775
O -1.13428 -5.83913 5.55788
C -2.02657 -2.99994 0.8954
C -4.74218 -6.32544 3.3069
C -5.06232 -7.81467 3.19021
C -4.0917 -8.38756 4.19732
C -3.48934 -7.0972 4.76318
O -4.53671 -6.16529 4.687
H -3.30365 -6.62718 1.73254
H -1.71648 -7.27473 3.44068
H -1.73594 -2.33843 1.73957
H -5.57279 -5.7313 2.86557
H -6.09744 -7.95804 3.57569
H -4.99189 -8.23915 2.16569
H -4.67392 -8.9235 4.97981
H -3.31062 -9.05819 3.77813
H -3.08916 -7.29221 5.7818
H -2.92021 -2.58451 0.38251
H -1.18701 -3.0449 0.1719
H 2.29491 -5.28342 6.20813
H 3.98981 -4.94238 6.70438
H 3.3796 -4.32879 5.12351
H -1.43593 -2.68374 5.16161
H -0.88744 -3.86607 6.35031
H 0.31605 -3.04068 3.50739
H 0.94217 -4.42566 4.46367
$end

$opt
CONSTRAINT
tors           1           2           3           4     -93.007
tors           3           4           5           6     -54.557
tors           4           5           6           7    -169.659
tors           5           6           7           8     -37.771
tors           6           7           8           9    +179.851
tors           7           8           9          10    +147.013
tors           8           9          10          11    +176.104
tors           9          10          11          12      -3.437
tors          11          12          13          14     +96.421
ENDCONSTRAINT
$end

$rem
JOBTYPE                   OPT
METHOD                    B3LYP
DFT_D                     d3_op
BASIS                     STO-3G
GEOM_OPT_MAX_CYCLES       100
GEOM_OPT_TOL_GRADIENT     300
GEOM_OPT_TOL_DISPLACEMENT 1200
GEOM_OPT_TOL_ENERGY       100
SYMMETRY                  False
THRESH                    12
SCF_CONVERGENCE           8
MAX_SUB_FILE_NUM          128
MEM_STATIC                400
MEM_TOTAL                 4000
$end
