$molecule
0  1
O -3.94934 -3.66094 2.70899
C -3.26408 -4.56952 2.26188
C -3.36658 -6.02376 2.66595
C -2.3293 -6.54815 3.67239
C -1.41544 -5.51766 4.29771
O -1.29806 -4.43803 3.46943
C 0.03021 -3.90632 3.42215
C 0.6715 -3.97027 4.80446
O 2.00478 -3.43891 4.75048
C 2.54049 -3.0856 5.94519
C 4.00983 -2.74874 5.85458
C 4.62884 -2.92192 4.4599
C 3.64711 -3.05195 3.31274
O 3.28098 -2.13941 2.58625
O -2.43733 -4.30605 1.21094
O 3.59658 -4.32053 2.80994
O 1.91289 -3.02971 6.9953
C 3.09411 -4.70686 1.5807
C 4.33027 -1.27278 6.1451
C 5.77991 -1.15007 6.61011
C 6.51642 -1.44789 5.31919
C 5.33505 -1.55296 4.34608
O 4.37623 -0.66873 4.87668
H 4.51989 -3.39862 6.60129
H 5.35399 -3.76525 4.40741
H 3.64282 -0.80925 6.88591
H 5.94497 -0.08106 6.87555
H 6.06203 -1.78873 7.47465
H 7.15672 -0.57221 5.07188
H 7.12496 -2.37805 5.322
H 5.67295 -1.34053 3.30751
O -1.41241 -5.38689 5.51764
C -2.27945 -3.06103 0.63831
C -4.66706 -6.30814 3.45737
C -5.04373 -7.78294 3.33141
C -3.96943 -8.41834 4.18406
C -3.27426 -7.16494 4.72838
O -4.29825 -6.20767 4.80958
H -3.42384 -6.61645 1.72507
H -1.66135 -7.31667 3.22615
H -1.90228 -2.33686 1.39125
H -5.52666 -5.67846 3.13832
H -6.02444 -7.91094 3.8439
H -5.12135 -8.17394 2.29416
H -4.46276 -8.98652 5.00386
H -3.25711 -9.07563 3.63985
H -2.75752 -7.41413 5.6809
H -3.24781 -2.70351 0.22775
H -1.5442 -3.13206 -0.18916
H 2.3449 -5.51049 1.72271
H 3.92092 -5.12447 0.97027
H 2.62961 -3.86624 1.0228
H 0.03415 -3.34841 5.47586
H 0.80643 -5.0021 5.1946
H -0.0057 -2.86079 3.0505
H 0.62417 -4.51041 2.71641
$end

$opt
CONSTRAINT
tors           1           2           3           4    -100.142
tors           3           4           5           6     -25.466
tors           4           5           6           7    -140.406
tors           5           6           7           8     -37.771
tors           6           7           8           9    +179.851
tors           7           8           9          10    +161.964
tors           8           9          10          11    +170.645
tors           9          10          11          12      -2.379
tors          11          12          13          14     +96.421
ENDCONSTRAINT
$end

$rem
JOBTYPE                   OPT
METHOD                    B3LYP
DFT_D                     d3_op
BASIS                     STO-3G
GEOM_OPT_MAX_CYCLES       100
GEOM_OPT_TOL_GRADIENT     300
GEOM_OPT_TOL_DISPLACEMENT 1200
GEOM_OPT_TOL_ENERGY       100
SYMMETRY                  False
THRESH                    12
SCF_CONVERGENCE           8
MAX_SUB_FILE_NUM          128
MEM_STATIC                400
MEM_TOTAL                 4000
$end
