$molecule
0  1
O -3.94934 -3.66094 2.70899
C -3.26408 -4.56952 2.26188
C -3.36658 -6.02376 2.66595
C -2.12121 -6.66689 3.29784
C -0.97133 -5.73777 3.61818
O -0.55366 -5.10716 2.48095
C 0.66593 -4.37847 2.65663
C 0.65336 -3.64754 3.99517
O 1.88034 -2.92116 4.16769
C 1.87094 -1.98541 5.14923
C 3.20322 -1.29408 5.31584
C 4.23886 -1.61368 4.22792
C 3.6981 -2.26865 2.97281
O 3.1812 -1.68155 2.03329
O -2.48937 -4.30153 1.17702
O 4.13485 -3.54163 2.76414
O 0.91664 -1.76876 5.88591
C 4.10825 -4.18934 1.5452
C 3.13097 0.24159 5.18311
C 4.30894 0.8695 5.92683
C 5.46015 0.46403 5.02687
C 4.68826 -0.1853 3.87121
O 3.4636 0.50795 3.84283
H 3.56354 -1.54649 6.33877
H 5.06176 -2.25018 4.62388
H 2.17197 0.67251 5.54473
H 4.17731 1.97351 5.85965
H 4.41843 0.58148 6.99451
H 5.98521 1.38601 4.69229
H 6.18537 -0.24929 5.4752
H 5.2875 -0.15797 2.93415
O -0.16482 -6.18299 4.42975
C -2.31337 -3.04585 0.63327
C -4.39923 -6.24292 3.79233
C -4.88094 -7.69299 3.78896
C -3.65898 -8.39426 4.33614
C -2.7497 -7.19276 4.61105
O -3.64145 -6.16852 4.97223
H -3.70523 -6.57141 1.75793
H -1.70859 -7.49992 2.68516
H -1.86027 -2.36537 1.38593
H -5.27605 -5.56202 3.72937
H -5.70103 -7.77638 4.53782
H -5.24198 -8.06251 2.80505
H -3.93781 -8.88711 5.29439
H -3.18721 -9.13387 3.65365
H -1.99853 -7.47268 5.38104
H -3.28711 -2.63498 0.29114
H -1.62981 -3.11954 -0.23717
H 4.49593 -5.22075 1.67235
H 4.75412 -3.65229 0.81844
H 3.07698 -4.23835 1.14358
H -0.19662 -2.92972 3.92265
H 0.52268 -4.20015 4.93976
H 0.79931 -3.67121 1.81107
H 1.51345 -5.09696 2.66565
$end

$opt
CONSTRAINT
tors           1           2           3           4    -118.853
tors           3           4           5           6     -58.561
tors           4           5           6           7    -170.424
tors           5           6           7           8     -41.381
tors           6           7           8           9    +179.851
tors           7           8           9          10    +164.884
tors           8           9          10          11    +177.809
tors           9          10          11          12      +8.840
tors          11          12          13          14     +82.679
ENDCONSTRAINT
$end

$rem
JOBTYPE                   OPT
METHOD                    B3LYP
DFT_D                     d3_op
BASIS                     STO-3G
GEOM_OPT_MAX_CYCLES       100
GEOM_OPT_TOL_GRADIENT     300
GEOM_OPT_TOL_DISPLACEMENT 1200
GEOM_OPT_TOL_ENERGY       100
SYMMETRY                  False
THRESH                    12
SCF_CONVERGENCE           8
MAX_SUB_FILE_NUM          128
MEM_STATIC                400
MEM_TOTAL                 4000
$end
