$molecule
0  1
O -3.94934 -3.66094 2.70899
C -3.26408 -4.56952 2.26188
C -3.36658 -6.02376 2.66595
C -2.17039 -6.63007 3.41787
C -1.08059 -5.66895 3.83816
O -0.60097 -5.00466 2.74541
C 0.58989 -4.25842 3.01789
C 0.56569 -3.73442 4.45001
O 1.76809 -2.99739 4.72185
C 1.63176 -1.95434 5.57778
C 2.94441 -1.27869 5.89572
C 4.18083 -1.93849 5.26787
C 3.90733 -2.92887 4.15384
O 4.35776 -2.8617 3.01931
O -2.43638 -4.29182 1.21917
O 3.79719 -4.20304 4.65636
O 0.56707 -1.55781 6.035
C 3.83945 -5.38818 3.94349
C 3.07142 0.15973 5.36922
C 4.09558 0.91625 6.21571
C 5.37995 0.24431 5.77305
C 4.84347 -0.67799 4.67111
O 3.74373 0.02417 4.14162
H 3.01882 -1.27742 7.00696
H 4.83061 -2.43669 6.02262
H 2.10447 0.70761 5.34496
H 4.10385 1.97013 5.85667
H 3.91172 0.90575 7.31195
H 6.05215 1.02086 5.34521
H 5.91426 -0.32992 6.56106
H 5.65809 -0.92259 3.95457
O -1.07089 -5.41193 5.03402
C -2.2351 -3.03038 0.69812
C -4.49363 -6.28461 3.69288
C -4.95129 -7.73986 3.60239
C -3.7644 -8.44578 4.21873
C -2.91201 -7.24229 4.63218
O -3.85424 -6.24713 4.94399
H -3.61485 -6.58144 1.73487
H -1.66447 -7.42334 2.82406
H -1.82325 -2.35663 1.48004
H -5.37036 -5.6118 3.57039
H -5.82421 -7.8539 4.2847
H -5.23468 -8.08676 2.58547
H -4.11445 -8.99845 5.11924
H -3.21144 -9.13199 3.54175
H -2.22129 -7.54074 5.45148
H -3.19083 -2.61742 0.31093
H -1.50715 -3.09375 -0.13638
H 2.93312 -5.98417 4.17563
H 4.72533 -5.97419 4.26079
H 3.89142 -5.22531 2.84576
H -0.36893 -3.15736 4.64671
H 0.80753 -4.55838 5.14993
H 0.60814 -3.38807 2.32874
H 1.47799 -4.87627 2.79986
$end

$opt
CONSTRAINT
tors           1           2           3           4    -113.202
tors           3           4           5           6     -56.770
tors           4           5           6           7    -169.354
tors           5           6           7           8     -32.818
tors           6           7           8           9    +179.461
tors           7           8           9          10    +147.013
tors           8           9          10          11    +176.104
tors           9          10          11          12      -3.437
tors          11          12          13          14    +123.029
ENDCONSTRAINT
$end

$rem
JOBTYPE                   OPT
METHOD                    B3LYP
DFT_D                     d3_op
BASIS                     STO-3G
GEOM_OPT_MAX_CYCLES       100
GEOM_OPT_TOL_GRADIENT     300
GEOM_OPT_TOL_DISPLACEMENT 1200
GEOM_OPT_TOL_ENERGY       100
SYMMETRY                  False
THRESH                    12
SCF_CONVERGENCE           8
MAX_SUB_FILE_NUM          128
MEM_STATIC                400
MEM_TOTAL                 4000
$end
