$molecule
0  1
O -3.94934 -3.66094 2.70899
C -3.26408 -4.56952 2.26188
C -3.36658 -6.02376 2.66595
C -2.27588 -6.57182 3.60075
C -1.30475 -5.56109 4.16946
O -0.54154 -5.03544 3.16616
C 0.55523 -4.25011 3.64533
C 0.19941 -3.6119 4.98407
O 1.30422 -2.82823 5.46168
C 0.97202 -1.74839 6.21183
C 2.17638 -0.99995 6.73147
C 3.5313 -1.63715 6.39023
C 3.50923 -2.69607 5.30629
O 3.87657 -2.53588 4.15132
O -2.31498 -4.27469 1.3352
O 3.51898 -3.96835 5.80675
O -0.17362 -1.37493 6.43097
C 3.78126 -5.13226 5.1089
C 2.34199 0.40771 6.13623
C 3.15987 1.27046 7.09552
C 4.52861 0.63741 6.94635
C 4.24134 -0.38107 5.83561
O 3.23355 0.2292 5.0648
H 2.03813 -0.92908 7.83415
H 4.06727 -2.04787 7.27522
H 1.37556 0.9018 5.89529
H 3.1929 2.29613 6.66289
H 2.77469 1.32514 8.13656
H 5.2382 1.41801 6.59259
H 4.92743 0.14398 7.8591
H 5.18205 -0.63233 5.29737
O -1.28303 -5.50118 5.38631
C -2.0754 -3.00914 0.84252
C -4.6223 -6.30785 3.52591
C -5.02367 -7.77499 3.38878
C -3.90963 -8.44193 4.1628
C -3.16804 -7.21003 4.69459
O -4.17428 -6.24381 4.85671
H -3.47282 -6.60206 1.72048
H -1.65502 -7.34363 3.09322
H -1.77715 -2.32736 1.66746
H -5.49059 -5.66132 3.27102
H -5.97485 -7.90467 3.95379
H -5.16511 -8.14092 2.34912
H -4.36212 -9.02229 4.99764
H -3.23822 -9.09505 3.56454
H -2.60392 -7.49205 5.61032
H -2.9849 -2.6167 0.33909
H -1.25051 -3.05746 0.10253
H 2.92544 -5.82793 5.22587
H 4.68148 -5.61657 5.53946
H 3.95836 -4.95299 4.02724
H -0.76229 -3.04982 4.92252
H 0.30315 -4.31855 5.82159
H 0.72623 -3.43279 2.91333
H 1.47193 -4.86488 3.69394
$end

$opt
CONSTRAINT
tors           1           2           3           4    -104.016
tors           3           4           5           6     -66.263
tors           4           5           6           7    -169.659
tors           5           6           7           8     -29.699
tors           6           7           8           9    +179.851
tors           7           8           9          10    +149.236
tors           8           9          10          11    +177.585
tors           9          10          11          12      -3.437
tors          11          12          13          14    +103.235
ENDCONSTRAINT
$end

$rem
JOBTYPE                   OPT
METHOD                    B3LYP
DFT_D                     d3_op
BASIS                     STO-3G
GEOM_OPT_MAX_CYCLES       100
GEOM_OPT_TOL_GRADIENT     300
GEOM_OPT_TOL_DISPLACEMENT 1200
GEOM_OPT_TOL_ENERGY       100
SYMMETRY                  False
THRESH                    12
SCF_CONVERGENCE           8
MAX_SUB_FILE_NUM          128
MEM_STATIC                400
MEM_TOTAL                 4000
$end
