$molecule
0  1
O -3.94934 -3.66094 2.70899
C -3.26408 -4.56952 2.26188
C -3.36658 -6.02376 2.66595
C -2.22985 -6.5949 3.52937
C -1.20808 -5.60367 4.04077
O -0.78031 -4.80802 3.01638
C 0.26012 -3.90373 3.4024
C 0.00679 -3.38239 4.81313
O 1.05513 -2.47857 5.19648
C 0.65602 -1.3822 5.88773
C 1.81019 -0.52078 6.34216
C 3.20281 -1.07967 6.01579
C 3.24283 -2.20016 4.99618
O 3.26856 -2.05372 3.78273
O -2.43691 -4.29677 1.21609
O 3.61654 -3.40588 5.50834
O -0.50966 -1.07567 6.10506
C 4.0603 -4.48134 4.76719
C 1.88041 0.85698 5.66058
C 2.64752 1.82749 6.55739
C 4.05494 1.27606 6.43364
C 3.83023 0.17922 5.38524
O 2.7774 0.6764 4.59226
H 1.68036 -0.38907 7.44041
H 3.73962 -1.42021 6.9298
H 0.88228 1.27187 5.4005
H 2.61131 2.82374 6.06084
H 2.26668 1.92427 7.59689
H 4.71181 2.07951 6.03254
H 4.48707 0.86019 7.36958
H 4.77884 -0.04962 4.85079
O -0.42791 -6.05093 4.87583
C -2.26292 -3.04278 0.66784
C -4.56202 -6.26802 3.61789
C -4.98434 -7.73605 3.56686
C -3.83954 -8.38261 4.31324
C -3.04122 -7.14107 4.72163
O -4.01911 -6.15022 4.90835
H -3.55392 -6.60388 1.73454
H -1.66668 -7.39362 2.99624
H -1.87369 -2.34021 1.43546
H -5.44144 -5.62386 3.39722
H -5.90753 -7.83615 4.18182
H -5.17718 -8.13802 2.54898
H -4.25022 -8.89169 5.21366
H -3.22606 -9.09525 3.72049
H -2.41257 -7.37501 5.60842
H -3.22665 -2.66298 0.26655
H -1.52985 -3.10724 -0.16207
H 4.28772 -5.32381 5.45191
H 4.98621 -4.20784 4.2182
H 3.28976 -4.81138 4.04713
H -0.99625 -2.89932 4.78061
H -0.02254 -4.08406 5.65924
H 0.30152 -3.06513 2.67597
H 1.22816 -4.43573 3.37249
$end

$opt
CONSTRAINT
tors           1           2           3           4    -107.704
tors           3           4           5           6     -48.530
tors           4           5           6           7    -175.844
tors           5           6           7           8     -37.771
tors           6           7           8           9    +179.851
tors           7           8           9          10    +139.996
tors           8           9          10          11    +176.104
tors           9          10          11          12      -3.437
tors          11          12          13          14     +84.808
ENDCONSTRAINT
$end

$rem
JOBTYPE                   OPT
METHOD                    B3LYP
DFT_D                     d3_op
BASIS                     STO-3G
GEOM_OPT_MAX_CYCLES       100
GEOM_OPT_TOL_GRADIENT     300
GEOM_OPT_TOL_DISPLACEMENT 1200
GEOM_OPT_TOL_ENERGY       100
SYMMETRY                  False
THRESH                    12
SCF_CONVERGENCE           8
MAX_SUB_FILE_NUM          128
MEM_STATIC                400
MEM_TOTAL                 4000
$end
