$molecule
0  1
O -3.94934 -3.66094 2.70899
C -3.26408 -4.56952 2.26188
C -3.36658 -6.02376 2.66595
C -2.43224 -6.50925 3.78629
C -1.62543 -5.44684 4.49933
O -0.89204 -4.73505 3.59329
C 0.04669 -3.84371 4.20449
C -0.55831 -3.22283 5.45933
O 0.38873 -2.33241 6.07019
C -0.14445 -1.25269 6.69394
C 0.88346 -0.43947 7.44409
C 2.3043 -1.02199 7.43183
C 2.56597 -2.10408 6.40357
O 2.72983 -1.91937 5.20624
O -2.28871 -4.27039 1.36351
O 2.91911 -3.30936 6.92875
O -1.32519 -0.93109 6.64539
C 3.54942 -4.32128 6.23441
C 1.14267 0.95937 6.85579
C 1.69104 1.87549 7.94873
C 3.07591 1.28746 8.14466
C 3.09088 0.23743 7.02662
O 2.26793 0.79309 6.02693
H 0.49953 -0.34229 8.48507
H 2.5855 -1.42061 8.43267
H 0.2446 1.41158 6.38143
H 1.79598 2.88805 7.49679
H 1.07345 1.95008 8.86954
H 3.82611 2.08588 7.95099
H 3.25887 0.82293 9.13784
H 4.13474 -0.00132 6.72476
O -1.12873 -5.82844 5.55516
C -2.02004 -2.99827 0.90338
C -4.73792 -6.32236 3.31729
C -5.06252 -7.81073 3.20256
C -4.08589 -8.38603 4.20224
C -3.47576 -7.09718 4.76325
O -4.52135 -6.16275 4.6956
H -3.31214 -6.62638 1.73152
H -1.71386 -7.28137 3.42983
H -1.73282 -2.33824 1.74988
H -5.57058 -5.72629 2.88247
H -6.09513 -7.95193 3.59552
H -5.00043 -8.23487 2.17735
H -4.66364 -8.92001 4.98939
H -3.31006 -9.05916 3.77735
H -3.06873 -7.29408 5.77875
H -2.91126 -2.58164 0.38726
H -1.17733 -3.04242 0.1835
H 3.70852 -5.18317 6.91421
H 4.53733 -3.96993 5.86767
H 2.93941 -4.65565 5.37605
H -1.45097 -2.67309 5.08078
H -0.9184 -3.82657 6.30678
H 0.34551 -3.06274 3.47353
H 0.94516 -4.42023 4.48901
$end

$opt
CONSTRAINT
tors           1           2           3           4     -93.502
tors           3           4           5           6     -55.808
tors           4           5           6           7    -171.283
tors           5           6           7           8     -37.771
tors           6           7           8           9    +179.851
tors           7           8           9          10    +147.013
tors           8           9          10          11    +173.642
tors           9          10          11          12      -3.437
tors          11          12          13          14     +75.928
ENDCONSTRAINT
$end

$rem
JOBTYPE                   OPT
METHOD                    B3LYP
DFT_D                     d3_op
BASIS                     STO-3G
GEOM_OPT_MAX_CYCLES       100
GEOM_OPT_TOL_GRADIENT     300
GEOM_OPT_TOL_DISPLACEMENT 1200
GEOM_OPT_TOL_ENERGY       100
SYMMETRY                  False
THRESH                    12
SCF_CONVERGENCE           8
MAX_SUB_FILE_NUM          128
MEM_STATIC                400
MEM_TOTAL                 4000
$end
