$molecule
0  1
O -3.94934 -3.66094 2.70899
C -3.26408 -4.56952 2.26188
C -3.36658 -6.02376 2.66595
C -2.44047 -6.50644 3.79431
C -1.64206 -5.44176 4.5134
O -0.93232 -4.70409 3.60922
C 0.11112 -3.92947 4.20962
C -0.35445 -3.36972 5.54979
O 0.69608 -2.59398 6.14769
C 0.35546 -1.33226 6.50991
C 1.47242 -0.60097 7.2158
C 2.72567 -1.44455 7.49155
C 2.82546 -2.74915 6.72687
O 3.5053 -2.93501 5.72795
O -2.2954 -4.27178 1.35556
O 2.43619 -3.8439 7.44398
O -0.70779 -0.78639 6.24244
C 2.68307 -5.1526 7.08402
C 2.05936 0.56542 6.40419
C 2.71 1.5687 7.35408
C 3.92176 0.78062 7.80865
C 3.78405 -0.468 6.928
O 3.17278 0.00876 5.75285
H 1.03527 -0.21872 8.16591
H 2.90379 -1.65265 8.57024
H 1.31239 1.07195 5.75478
H 3.05537 2.42642 6.7332
H 2.05761 1.94724 8.17018
H 4.83468 1.35619 7.5378
H 3.94164 0.51808 8.88854
H 4.77681 -0.95328 6.79813
O -2.14018 -5.06513 5.56678
C -2.02981 -3.00043 0.89157
C -4.74162 -6.36079 3.29335
C -5.04237 -7.8487 3.11994
C -4.05167 -8.4498 4.09275
C -3.47967 -7.17484 4.72369
O -4.54552 -6.2602 4.68153
H -3.28638 -6.61963 1.72873
H -1.69574 -7.24762 3.42915
H -1.73535 -2.33952 1.73491
H -5.57747 -5.75873 2.87376
H -6.07101 -8.01699 3.51288
H -4.98293 -8.23653 2.08031
H -4.6151 -9.04753 4.84329
H -3.2515 -9.06994 3.63375
H -3.06338 -7.40105 5.73017
H -2.92493 -2.58407 0.38201
H -1.19295 -3.04595 0.16496
H 2.25094 -5.82739 7.85092
H 3.77772 -5.33228 7.0261
H 2.21616 -5.38254 6.10652
H -1.31906 -2.82544 5.42769
H -0.39273 -4.16511 6.31888
H 0.35935 -3.09369 3.52216
H 1.01967 -4.55135 4.34031
$end

$opt
CONSTRAINT
tors           1           2           3           4     -93.007
tors           3           4           5           6     -54.082
tors           4           5           6           7    -164.032
tors           5           6           7           8     -38.260
tors           6           7           8           9    +179.985
tors           7           8           9          10    +126.619
tors           8           9          10          11    +176.104
tors           9          10          11          12      -4.744
tors          11          12          13          14    +100.833
ENDCONSTRAINT
$end

$rem
JOBTYPE                   OPT
METHOD                    B3LYP
DFT_D                     d3_op
BASIS                     STO-3G
GEOM_OPT_MAX_CYCLES       100
GEOM_OPT_TOL_GRADIENT     300
GEOM_OPT_TOL_DISPLACEMENT 1200
GEOM_OPT_TOL_ENERGY       100
SYMMETRY                  False
THRESH                    12
SCF_CONVERGENCE           8
MAX_SUB_FILE_NUM          128
MEM_STATIC                400
MEM_TOTAL                 4000
$end
