$molecule
0  1
O -3.94934 -3.66094 2.70899
C -3.26408 -4.56952 2.26188
C -3.36658 -6.02376 2.66595
C -2.47158 -6.49616 3.82339
C -1.70481 -5.4232 4.56426
O -0.96154 -4.6914 3.68253
C -0.03083 -3.81294 4.3239
C -0.53091 -3.44333 5.71653
O 0.40805 -2.56492 6.35656
C -0.13166 -1.64435 7.19346
C 0.90797 -0.78136 7.86805
C 2.346 -0.99392 7.37292
C 2.49032 -1.74842 6.06655
O 2.65993 -1.23846 4.96849
O -2.29138 -4.27141 1.36018
O 2.95371 -3.02083 6.24728
O -1.32467 -1.55411 7.45679
C 3.49863 -3.85095 5.28504
C 0.72719 0.72468 7.59631
C 1.37926 1.52472 8.72213
C 2.84498 1.26123 8.44177
C 2.73566 0.47943 7.1262
O 1.57989 0.99744 6.51315
H 0.80854 -0.96819 8.96126
H 3.00063 -1.47246 8.13577
H -0.33531 1.02789 7.47185
H 1.16532 2.59868 8.5184
H 1.04138 1.27494 9.75087
H 3.35258 2.23883 8.28519
H 3.37942 0.6719 9.21807
H 3.67966 0.57197 6.54458
O -2.35956 -4.9955 5.51136
C -2.02705 -3.00051 0.89432
C -4.75647 -6.38805 3.24291
C -5.02481 -7.87973 3.04745
C -4.05498 -8.47328 4.04716
C -3.52865 -7.19499 4.71058
O -4.6105 -6.29983 4.63856
H -3.24103 -6.61769 1.73228
H -1.70269 -7.218 3.46929
H -1.74003 -2.33605 1.73727
H -5.58651 -5.79479 2.80015
H -6.06244 -8.06872 3.40581
H -4.92607 -8.25815 2.00735
H -4.63122 -9.09086 4.77136
H -3.22761 -9.07195 3.60833
H -3.14003 -7.41908 5.72848
H -2.92052 -2.58849 0.37835
H -1.18586 -3.04535 0.1727
H 2.95067 -4.81409 5.27682
H 4.55433 -4.06464 5.55049
H 3.47058 -3.40585 4.26786
H -1.51155 -2.92315 5.58701
H -0.49852 -4.31948 6.40476
H 0.05345 -2.88564 3.71838
H 0.95886 -4.2995 4.36058
$end

$opt
CONSTRAINT
tors           1           2           3           4     -91.171
tors           3           4           5           6     -54.798
tors           4           5           6           7    -169.659
tors           5           6           7           8     -26.312
tors           6           7           8           9    +179.851
tors           7           8           9          10    +147.013
tors           8           9          10          11    +178.163
tors           9          10          11          12      +6.484
tors          11          12          13          14     +98.548
ENDCONSTRAINT
$end

$rem
JOBTYPE                   OPT
METHOD                    B3LYP
DFT_D                     d3_op
BASIS                     STO-3G
GEOM_OPT_MAX_CYCLES       100
GEOM_OPT_TOL_GRADIENT     300
GEOM_OPT_TOL_DISPLACEMENT 1200
GEOM_OPT_TOL_ENERGY       100
SYMMETRY                  False
THRESH                    12
SCF_CONVERGENCE           8
MAX_SUB_FILE_NUM          128
MEM_STATIC                400
MEM_TOTAL                 4000
$end
