$molecule
0  1
O -3.94934 -3.66094 2.70899
C -3.26408 -4.56952 2.26188
C -3.36658 -6.02376 2.66595
C -2.54508 -6.47383 3.88514
C -1.85207 -5.38307 4.67133
O -0.96947 -4.72044 3.86674
C -0.10707 -3.83362 4.58721
C -0.88506 -3.12593 5.69176
O -0.01446 -2.24035 6.41335
C -0.62779 -1.21685 7.05787
C 0.32484 -0.3881 7.88632
C 1.73935 -0.97031 8.02222
C 2.09657 -2.07316 7.0461
O 2.55041 -1.90636 5.92326
O -2.27132 -4.26882 1.38403
O 2.18932 -3.31167 7.60819
O -1.80826 -0.92113 6.92018
C 2.68504 -4.4533 7.00727
C 0.62655 1.00182 7.30303
C 1.07256 1.93753 8.42511
C 2.43826 1.36248 8.74782
C 2.55118 0.28984 7.65712
O 1.81873 0.82382 6.57848
H -0.15207 -0.28614 8.88757
H 1.95298 -1.33307 9.05282
H -0.22875 1.44043 6.74429
H 1.20939 2.94531 7.97114
H 0.3762 2.01694 9.28748
H 3.19851 2.16075 8.59706
H 2.54164 0.9228 9.76347
H 3.61929 0.05439 7.45325
O -1.54147 -5.71156 5.81286
C -1.98631 -2.99433 0.94106
C -4.79324 -6.36502 3.14793
C -5.05058 -7.86423 3.01018
C -4.18362 -8.3983 4.12711
C -3.68278 -7.08567 4.73971
O -4.74414 -6.18787 4.53992
H -3.16863 -6.62767 1.75169
H -1.77569 -7.23649 3.62886
H -1.70764 -2.34526 1.79891
H -5.58511 -5.79725 2.61092
H -6.11791 -8.04118 3.27472
H -4.84691 -8.28977 2.00405
H -4.8362 -8.9391 4.84845
H -3.34523 -9.05458 3.80798
H -3.39566 -7.26517 5.79833
H -2.86619 -2.56603 0.41503
H -1.13269 -3.03744 0.23408
H 1.89803 -5.23514 7.0071
H 3.55006 -4.82435 7.59433
H 3.01853 -4.27852 5.96241
H -1.6549 -2.54122 5.13619
H -1.42597 -3.67032 6.48261
H 0.34915 -3.10526 3.88363
H 0.70672 -4.42704 5.04824
$end

$opt
CONSTRAINT
tors           1           2           3           4     -87.041
tors           3           4           5           6     -60.438
tors           4           5           6           7    -169.659
tors           5           6           7           8     -39.421
tors           6           7           8           9    +179.851
tors           7           8           9          10    +156.528
tors           8           9          10          11    +175.391
tors           9          10          11          12      -9.003
tors          11          12          13          14     +86.571
ENDCONSTRAINT
$end

$rem
JOBTYPE                   OPT
METHOD                    B3LYP
DFT_D                     d3_op
BASIS                     STO-3G
GEOM_OPT_MAX_CYCLES       100
GEOM_OPT_TOL_GRADIENT     300
GEOM_OPT_TOL_DISPLACEMENT 1200
GEOM_OPT_TOL_ENERGY       100
SYMMETRY                  False
THRESH                    12
SCF_CONVERGENCE           8
MAX_SUB_FILE_NUM          128
MEM_STATIC                400
MEM_TOTAL                 4000
$end
