$molecule
0  1
O -3.94934 -3.66094 2.70899
C -3.26408 -4.56952 2.26188
C -3.36658 -6.02376 2.66595
C -2.42805 -6.51069 3.78215
C -1.61694 -5.44946 4.49206
O -0.99068 -4.65366 3.57557
C -0.02181 -3.77668 4.15991
C -0.54026 -3.22931 5.48571
O 0.43689 -2.35308 6.06906
C -0.05865 -1.38023 6.8735
C 1.01801 -0.50683 7.47236
C 2.45556 -0.92658 7.13244
C 2.60422 -1.90649 5.98597
O 2.85433 -1.60872 4.82695
O -2.31919 -4.27684 1.32875
O 2.88246 -3.17863 6.39631
O -1.25112 -1.18673 7.07567
C 3.33179 -4.22243 5.60948
C 0.99689 0.944 6.96311
C 1.66583 1.85319 7.99197
C 3.11271 1.42563 7.84749
C 2.99437 0.4466 6.67235
O 1.92665 0.95688 5.90935
H 0.84842 -0.52285 8.5728
H 3.02194 -1.31568 8.00825
H -0.02409 1.31277 6.72259
H 1.5639 2.89688 7.61675
H 1.25493 1.79372 9.02277
H 3.71371 2.31699 7.56066
H 3.5564 0.93683 8.74176
H 3.97109 0.35908 6.14668
O -1.04348 -5.85069 5.50032
C -2.07194 -3.00917 0.84476
C -4.7329 -6.32117 3.3298
C -5.05968 -7.8097 3.21931
C -4.07532 -8.38571 4.21169
C -3.4601 -7.09737 4.76765
O -4.50537 -6.16172 4.70694
H -3.32187 -6.62802 1.73202
H -1.70879 -7.27565 3.41224
H -1.76266 -2.33681 1.6735
H -5.56883 -5.7249 2.90163
H -6.08903 -7.9492 3.62132
H -5.00722 -8.2353 2.19419
H -4.64679 -8.91976 5.00331
H -3.3028 -9.05859 3.78037
H -3.04057 -7.29 5.77909
H -2.98102 -2.60371 0.35143
H -1.25175 -3.05797 0.09962
H 2.63342 -5.07849 5.70483
H 4.32769 -4.54681 5.9749
H 3.42118 -3.94438 4.53789
H -1.45225 -2.65854 5.19251
H -0.84627 -3.87537 6.32366
H 0.21486 -2.95691 3.44894
H 0.90461 -4.35108 4.34561
$end

$opt
CONSTRAINT
tors           1           2           3           4     -93.757
tors           3           4           5           6     -49.812
tors           4           5           6           7    -169.659
tors           5           6           7           8     -39.534
tors           6           7           8           9    +179.851
tors           7           8           9          10    +152.194
tors           8           9          10          11    +179.105
tors           9          10          11          12      -3.437
tors          11          12          13          14     +96.421
ENDCONSTRAINT
$end

$rem
JOBTYPE                   OPT
METHOD                    B3LYP
DFT_D                     d3_op
BASIS                     STO-3G
GEOM_OPT_MAX_CYCLES       100
GEOM_OPT_TOL_GRADIENT     300
GEOM_OPT_TOL_DISPLACEMENT 1200
GEOM_OPT_TOL_ENERGY       100
SYMMETRY                  False
THRESH                    12
SCF_CONVERGENCE           8
MAX_SUB_FILE_NUM          128
MEM_STATIC                400
MEM_TOTAL                 4000
$end
