$molecule
0  1
O -3.94934 -3.66094 2.70899
C -3.26408 -4.56952 2.26188
C -3.36658 -6.02376 2.66595
C -2.4142 -6.51554 3.76821
C -1.58888 -5.45825 4.46754
O -1.03642 -4.61572 3.54539
C -0.05818 -3.73258 4.10429
C -0.55954 -3.16229 5.42699
O 0.42696 -2.27995 5.98481
C -0.05485 -1.30217 6.79163
C 1.03146 -0.42235 7.36305
C 2.46346 -0.91927 7.11661
C 2.61731 -1.99314 6.05839
O 2.81687 -1.79281 4.86902
O -2.34526 -4.2828 1.3008
O 2.90632 -3.22674 6.55899
O -1.24505 -1.07385 6.96886
C 3.51991 -4.24277 5.85486
C 1.08881 0.98653 6.75189
C 1.75798 1.94131 7.73892
C 3.1915 1.45095 7.67941
C 3.07548 0.3914 6.57646
O 2.05699 0.88482 5.73749
H 0.82569 -0.35682 8.45557
H 2.9686 -1.26549 8.04631
H 0.09304 1.37487 6.44565
H 1.71124 2.9591 7.28918
H 1.30894 1.96965 8.75506
H 3.83631 2.29499 7.34799
H 3.58592 1.01643 8.6234
H 4.06509 0.22433 6.09613
O -0.97895 -5.83403 5.46406
C -2.12141 -3.02046 0.79214
C -4.72365 -6.31694 3.3504
C -5.05564 -7.80516 3.24717
C -4.06043 -8.38191 4.22843
C -3.43205 -7.09447 4.77094
O -4.47509 -6.15539 4.72371
H -3.3381 -6.62783 1.73127
H -1.70302 -7.2835 3.38967
H -1.79776 -2.33283 1.60254
H -5.56429 -5.71942 2.93338
H -6.08025 -7.94228 3.66181
H -5.01623 -8.23216 2.22201
H -4.62337 -8.90915 5.03066
H -3.29756 -9.06093 3.78961
H -2.99543 -7.28423 5.77582
H -3.04628 -2.63056 0.31574
H -1.32015 -3.07354 0.02695
H 3.604 -5.13657 6.50634
H 4.54002 -3.92683 5.54983
H 2.94142 -4.51233 4.95265
H -1.47404 -2.59506 5.13591
H -0.85913 -3.8147 6.26356
H 0.17629 -2.92676 3.37689
H 0.86518 -4.30796 4.29647
$end

$opt
CONSTRAINT
tors           1           2           3           4     -94.605
tors           3           4           5           6     -46.240
tors           4           5           6           7    -169.759
tors           5           6           7           8     -43.752
tors           6           7           8           9    +179.851
tors           7           8           9          10    +152.930
tors           8           9          10          11    +179.105
tors           9          10          11          12      -9.257
tors          11          12          13          14     +90.197
ENDCONSTRAINT
$end

$rem
JOBTYPE                   OPT
METHOD                    B3LYP
DFT_D                     d3_op
BASIS                     STO-3G
GEOM_OPT_MAX_CYCLES       100
GEOM_OPT_TOL_GRADIENT     300
GEOM_OPT_TOL_DISPLACEMENT 1200
GEOM_OPT_TOL_ENERGY       100
SYMMETRY                  False
THRESH                    12
SCF_CONVERGENCE           8
MAX_SUB_FILE_NUM          128
MEM_STATIC                400
MEM_TOTAL                 4000
$end
